Var1_ 1,Var1_ 2,Var1_ 3,Var1_ 4,Var1_ 5,Var1_ 6,Var1_ 7,Var1_ 8,Var1_ 9,Var1_10
0,0,0,0,2016,5,11,10,5,13.843
1,2,2,1,2016,5,11,10,10,6.833
2,2,2,1,2016,5,11,10,10,48.983
3,2,0,1,2016,5,11,10,10,50.258
4,2,0,1,2016,5,11,10,10,50.316
5,2,2,1,2016,5,11,10,14,33.973
6,2,2,1,2016,5,11,10,14,39.772
7,2,1,1,2016,5,11,10,14,45.023
8,2,2,1,2016,5,11,10,14,59.089
9,2,0,1,2016,5,11,10,15,0.086
10,2,0,1,2016,5,11,10,15,1.952
11,2,2,1,2016,5,11,10,15,4.055
12,2,1,1,2016,5,11,10,15,15.793
13,2,2,1,2016,5,11,10,15,33.242
14,2,0,1,2016,5,11,10,15,33.928
15,2,0,1,2016,5,11,10,15,35.365
16,2,2,1,2016,5,11,10,15,36.281
17,2,2,1,2016,5,11,10,15,39.393
18,2,0,1,2016,5,11,10,15,39.452
19,2,1,1,2016,5,11,10,15,49.634
20,2,2,1,2016,5,11,10,15,53.219
21,2,0,1,2016,5,11,10,15,54.34
22,2,1,1,2016,5,11,10,15,56.78
23,2,0,1,2016,5,11,10,15,58.155
24,2,2,1,2016,5,11,10,16,7.783
25,2,0,1,2016,5,11,10,16,7.911
26,2,0,1,2016,5,11,10,16,9.729
27,2,1,1,2016,5,11,10,16,13.461
28,2,2,1,2016,5,11,10,16,25.168
29,2,0,1,2016,5,11,10,16,25.407
30,2,0,1,2016,5,11,10,16,25.428
31,2,2,1,2016,5,11,10,16,39.593
32,2,2,1,2016,5,11,10,16,47.802
33,2,0,1,2016,5,11,10,16,47.975
34,2,0,1,2016,5,11,10,16,49.834
35,2,2,1,2016,5,11,10,16,53.687
36,2,2,1,2016,5,11,10,16,59.039
37,2,0,1,2016,5,11,10,17,1.687
38,2,1,1,2016,5,11,10,17,8.246
39,2,2,1,2016,5,11,10,17,11.614
40,2,0,1,2016,5,11,10,17,13.094
41,2,2,1,2016,5,11,10,17,15.934
42,2,0,1,2016,5,11,10,17,17.495
43,2,1,1,2016,5,11,10,17,21.917
44,2,1,1,2016,5,11,10,19,51.127
45,2,0,1,2016,5,11,10,19,52.324
46,2,1,1,2016,5,11,10,19,55.558
47,2,1,1,2016,5,11,10,20,9.363
48,2,2,1,2016,5,11,10,20,23.431
49,2,0,1,2016,5,11,10,20,23.754
50,2,2,1,2016,5,11,10,20,28.202
51,2,0,1,2016,5,11,10,20,29.231
52,2,1,1,2016,5,11,10,20,34.183
53,2,2,1,2016,5,11,10,20,42.699
54,2,1,1,2016,5,11,10,20,46.059
55,2,2,1,2016,5,11,10,20,54.188
56,2,0,1,2016,5,11,10,20,54.309
57,1,1,1,2016,5,11,10,21,13.843
58,1,1,1,2016,5,11,10,21,26.737
59,1,1,1,2016,5,11,10,21,35.962
60,1,1,1,2016,5,11,10,21,47.11
61,1,1,1,2016,5,11,10,21,57.21
62,1,1,1,2016,5,11,10,22,5.592
63,1,1,1,2016,5,11,10,22,13.135
64,1,1,1,2016,5,11,10,22,22.939
65,1,1,1,2016,5,11,10,22,31.574
66,1,0,1,2016,5,11,10,22,32.492
67,1,1,1,2016,5,11,10,22,40.648
68,1,0,1,2016,5,11,10,22,40.942
69,1,1,1,2016,5,11,10,22,47.71
70,1,0,1,2016,5,11,10,22,48.604
71,1,0,1,2016,5,11,10,22,48.67
72,1,2,1,2016,5,11,10,22,55.11
73,1,0,1,2016,5,11,10,22,56.284
74,1,1,1,2016,5,11,10,22,59.038
75,1,1,1,2016,5,11,10,23,12.276
76,1,2,1,2016,5,11,10,23,28.7
77,1,0,1,2016,5,11,10,23,29.748
78,1,0,1,2016,5,11,10,23,31.077
79,1,2,1,2016,5,11,10,23,33.574
80,1,2,1,2016,5,11,10,23,36.671
81,1,1,1,2016,5,11,10,23,53.507
82,1,0,1,2016,5,11,10,23,54.716
83,1,0,1,2016,5,11,10,23,54.832
84,1,0,1,2016,5,11,10,23,55.761
85,2,2,1,2016,5,11,10,29,18.194
86,2,0,1,2016,5,11,10,29,18.41
87,2,1,1,2016,5,11,10,29,27.502
88,2,0,1,2016,5,11,10,29,29.118
89,2,0,1,2016,5,11,10,29,29.203
90,2,1,1,2016,5,11,10,29,39.272
91,2,0,1,2016,5,11,10,29,39.378
92,2,0,1,2016,5,11,10,29,40.369
93,2,0,1,2016,5,11,10,29,40.436
94,2,2,1,2016,5,11,10,29,43.607
95,2,2,1,2016,5,11,10,29,50.732
96,2,0,1,2016,5,11,10,29,51.246
97,2,2,1,2016,5,11,10,30,27.989
98,2,0,1,2016,5,11,10,30,30.951
99,2,1,1,2016,5,11,10,30,31.116
100,2,1,1,2016,5,11,10,30,36.551
101,2,0,1,2016,5,11,10,30,40.672
102,2,0,1,2016,5,11,10,30,40.916
103,2,0,1,2016,5,11,10,30,42.917
104,2,0,1,2016,5,11,10,30,51.287
105,2,0,1,2016,5,11,10,30,51.359
106,2,0,1,2016,5,11,10,30,52.159
107,2,0,1,2016,5,11,10,30,53.707
108,2,0,1,2016,5,11,10,31,12.681
109,2,0,1,2016,5,11,10,31,23.096
110,2,0,1,2016,5,11,10,31,25.755
111,2,0,1,2016,5,11,10,31,27.238
112,2,0,1,2016,5,11,10,47,38.286
113,2,0,1,2016,5,11,10,47,40.36
114,2,0,1,2016,5,11,10,47,42.082
115,2,0,1,2016,5,11,10,52,34.697
116,2,0,1,2016,5,11,10,52,36.293
117,2,0,1,2016,5,11,10,52,37.036
118,2,0,1,2016,5,11,10,52,38.767
119,2,0,1,2016,5,11,10,56,27.044
120,2,0,1,2016,5,11,10,59,16.828
121,2,0,1,2016,5,11,10,59,17.49
122,2,0,1,2016,5,11,10,59,17.658
123,2,0,1,2016,5,11,10,59,18.069
124,2,0,1,2016,5,11,11,3,23.859
125,2,0,1,2016,5,11,11,5,45.205
126,2,0,1,2016,5,11,11,5,51.808
127,2,0,1,2016,5,11,11,5,53.533
128,2,0,1,2016,5,11,11,6,1.883
129,2,0,1,2016,5,11,11,7,26.758
130,2,0,1,2016,5,11,11,7,26.977
131,2,0,1,2016,5,11,11,8,7.073
132,2,0,1,2016,5,11,11,8,8.934
133,2,0,1,2016,5,11,11,8,10.416
134,2,0,1,2016,5,11,11,8,12.902
135,2,0,1,2016,5,11,11,8,14.651
136,2,0,1,2016,5,11,11,8,21.554
137,2,0,1,2016,5,11,11,8,23.412
138,2,0,1,2016,5,11,11,8,25.404
139,2,0,1,2016,5,11,11,8,27.265
140,2,0,1,2016,5,11,11,8,31.975
141,2,0,1,2016,5,11,11,8,46.405
142,2,0,1,2016,5,11,11,8,48.132
143,2,0,1,2016,5,11,11,8,50.129
144,2,0,1,2016,5,11,11,16,23.286
145,2,0,1,2016,5,11,11,16,38.011
146,2,0,1,2016,5,11,11,19,30.83
147,2,0,1,2016,5,11,11,19,39.902
148,2,0,1,2016,5,11,11,19,40.642
149,2,0,1,2016,5,11,11,20,1.251
150,2,0,1,2016,5,11,11,20,1.994
151,2,0,1,2016,5,11,11,20,2.929
152,2,0,1,2016,5,11,11,20,12.861
153,2,0,1,2016,5,11,11,20,16.992
154,2,0,1,2016,5,11,11,20,49.423
155,2,0,1,2016,5,11,11,20,57.036
156,2,0,1,2016,5,11,11,21,2.623
157,2,0,1,2016,5,11,11,21,32.252
158,2,0,1,2016,5,11,11,21,34.284
159,1,0,1,2016,5,11,11,24,56.26
160,2,0,1,2016,5,11,11,25,4.627
161,2,0,1,2016,5,11,11,32,59.421
162,1,0,1,2016,5,11,11,33,28.892
163,2,0,1,2016,5,11,11,59,27.928
164,2,0,1,2016,5,11,11,59,28.075
165,2,0,1,2016,5,11,11,59,31.478
166,2,0,1,2016,5,11,11,59,31.565
167,2,0,1,2016,5,11,11,59,34.235
168,2,0,1,2016,5,11,11,59,39.919
169,2,0,1,2016,5,11,11,59,46.718
170,2,0,1,2016,5,11,11,59,47.505
171,2,0,1,2016,5,11,12,5,35.235
172,2,0,1,2016,5,11,12,5,37.411
173,2,0,1,2016,5,11,12,7,45.095
174,2,0,1,2016,5,11,12,7,46.315
175,2,0,1,2016,5,11,12,7,48.458
176,2,0,1,2016,5,11,12,7,50.353
177,2,0,1,2016,5,11,12,7,52.145
178,2,0,1,2016,5,11,12,7,57.056
179,2,0,1,2016,5,11,12,7,59.195
180,2,0,1,2016,5,11,12,8,0.955
181,2,0,1,2016,5,11,12,8,2.167
182,2,0,1,2016,5,11,12,8,9.796
183,2,0,1,2016,5,11,12,8,24.533
184,2,0,1,2016,5,11,12,8,26.905
185,2,0,1,2016,5,11,12,8,29.904
186,2,0,1,2016,5,11,12,8,35.504
187,2,0,1,2016,5,11,12,8,37.544
188,2,0,1,2016,5,11,12,8,38.714
189,2,0,1,2016,5,11,12,8,40.863
190,2,0,1,2016,5,11,12,10,28.867
191,1,0,1,2016,5,11,12,22,47.361
192,1,0,1,2016,5,11,12,22,48.344
193,1,0,1,2016,5,11,12,22,52.773
194,1,0,1,2016,5,11,12,22,56.902
195,1,0,1,2016,5,11,12,56,34.853
196,2,0,1,2016,5,11,13,16,51.122
197,1,0,1,2016,5,11,13,20,5.437
198,1,0,1,2016,5,11,13,20,6.367
199,1,0,1,2016,5,11,13,20,9.172
200,1,0,1,2016,5,11,13,20,12.901
201,2,0,1,2016,5,11,13,21,18.756
202,2,0,1,2016,5,11,13,21,18.993
203,2,0,1,2016,5,11,13,21,20.562
204,2,0,1,2016,5,11,13,21,24.515
205,2,0,1,2016,5,11,13,21,42.963
206,2,0,1,2016,5,11,13,28,37.178
207,2,0,1,2016,5,11,13,28,48.239
208,2,0,1,2016,5,11,13,28,49.068
209,2,0,1,2016,5,11,13,29,9.84
210,2,0,1,2016,5,11,13,29,11.409
211,2,0,1,2016,5,11,13,29,11.6
212,2,0,1,2016,5,11,13,29,11.761
213,2,0,1,2016,5,11,13,29,13.188
214,2,0,1,2016,5,11,13,29,13.366
215,2,0,1,2016,5,11,13,29,46.116
216,2,0,1,2016,5,11,13,29,48.062
217,2,0,1,2016,5,11,13,29,51.313
218,2,0,1,2016,5,11,13,29,52.085
219,2,0,1,2016,5,11,13,29,53.196
220,2,0,1,2016,5,11,13,29,54.679
221,2,0,1,2016,5,11,13,29,56.77
222,2,0,1,2016,5,11,13,29,59.041
223,2,0,1,2016,5,11,13,29,59.969
224,2,0,1,2016,5,11,13,30,3.15
225,2,0,1,2016,5,11,13,30,4.866
226,2,0,1,2016,5,11,13,30,6.9
227,2,0,1,2016,5,11,13,30,22.142
228,2,0,1,2016,5,11,13,30,23.463
229,2,0,1,2016,5,11,13,30,24.953
230,2,0,1,2016,5,11,13,30,26.494
231,2,0,1,2016,5,11,13,30,28.285
232,2,0,1,2016,5,11,13,30,29.915
233,1,0,1,2016,5,11,13,31,39.274
234,2,0,1,2016,5,11,13,34,44.591
235,2,0,1,2016,5,11,13,38,27.329
236,2,0,1,2016,5,11,13,38,31.019
237,1,0,1,2016,5,11,13,43,1.684
238,1,0,1,2016,5,11,13,43,3.78
239,2,0,1,2016,5,11,13,44,44.121
240,2,0,1,2016,5,11,13,44,44.945
241,2,0,1,2016,5,11,13,44,47.38
242,2,0,1,2016,5,11,13,44,50.255
243,2,0,1,2016,5,11,13,44,53.639
244,1,0,1,2016,5,11,13,52,21.18
245,1,0,1,2016,5,11,13,52,22.635
246,1,0,1,2016,5,11,13,52,25.336
247,1,0,1,2016,5,11,13,52,25.381
248,1,0,1,2016,5,11,13,52,26.408
249,1,0,1,2016,5,11,13,52,31.936
250,1,0,1,2016,5,11,13,52,34.87
251,1,0,1,2016,5,11,13,52,37.233
252,1,0,1,2016,5,11,13,52,37.444
253,1,0,1,2016,5,11,13,52,41.592
254,1,0,1,2016,5,11,13,52,41.658
255,2,0,1,2016,5,11,14,42,56.877
256,2,0,1,2016,5,11,14,43,57.254
257,2,0,1,2016,5,11,14,43,59.243
258,2,0,1,2016,5,11,14,44,7.487
259,2,0,1,2016,5,11,14,44,8.34
260,2,0,1,2016,5,11,14,44,9.108
261,2,0,1,2016,5,11,14,44,11.605
262,2,0,1,2016,5,11,14,44,13.56
263,2,0,1,2016,5,11,14,44,17.218
264,2,0,1,2016,5,11,14,44,19.788
265,2,0,1,2016,5,11,14,44,20.765
266,2,0,1,2016,5,11,14,44,22.276
267,2,0,1,2016,5,11,14,44,23.006
268,2,0,1,2016,5,11,14,44,24.608
269,1,0,1,2016,5,11,14,45,6.08
270,1,0,1,2016,5,11,14,45,7.216
271,1,0,1,2016,5,11,14,46,13.877
272,1,0,1,2016,5,11,14,46,14.256
273,1,0,1,2016,5,11,14,46,14.313
274,1,0,1,2016,5,11,14,46,15.282
275,1,0,1,2016,5,11,14,54,37.307
276,1,0,1,2016,5,11,14,55,7.806
277,1,0,1,2016,5,11,14,55,9.123
278,2,0,1,2016,5,11,14,56,26.064
279,2,0,1,2016,5,11,15,1,44.993
280,2,0,1,2016,5,11,15,1,46.037
281,2,0,1,2016,5,11,15,1,47.423
282,1,0,1,2016,5,11,15,3,10.705
283,1,0,1,2016,5,11,15,3,32.689
284,2,0,1,2016,5,11,15,4,59.691
285,2,0,1,2016,5,11,15,37,16.773
286,2,0,1,2016,5,11,15,37,18.155
287,2,0,1,2016,5,11,15,37,19.69
288,2,0,1,2016,5,11,15,37,21.436
289,2,0,1,2016,5,11,15,37,23.236
290,2,0,1,2016,5,11,15,37,25.377
291,2,0,1,2016,5,11,15,41,40.562
292,2,0,1,2016,5,11,15,41,43.258
293,2,0,1,2016,5,11,15,41,44.568
294,2,0,1,2016,5,11,15,41,46.105
295,2,0,1,2016,5,11,15,41,48.893
296,2,0,1,2016,5,11,15,41,49.916
297,2,0,1,2016,5,11,15,41,51.522
298,2,0,1,2016,5,11,15,41,52.277
299,2,0,1,2016,5,11,15,41,53.848
300,2,0,1,2016,5,11,15,41,55.277
301,2,0,1,2016,5,11,15,41,56.798
302,2,0,1,2016,5,11,15,41,58.492
303,2,0,1,2016,5,11,15,41,59.395
304,2,0,1,2016,5,11,15,42,1.928
305,2,0,1,2016,5,11,15,42,3.476
306,2,0,1,2016,5,11,15,42,4.906
307,2,0,1,2016,5,11,15,42,7.225
308,2,0,1,2016,5,11,15,42,18.301
309,2,0,1,2016,5,11,15,42,19.507
310,2,0,1,2016,5,11,15,42,21.618
311,2,0,1,2016,5,11,15,42,22.788
312,2,0,1,2016,5,11,15,42,25.054
313,2,0,1,2016,5,11,15,42,27.171
314,2,0,1,2016,5,11,15,42,27.9
315,2,0,1,2016,5,11,15,42,29.262
316,2,0,1,2016,5,11,15,42,30.297
317,2,0,1,2016,5,11,15,42,32.787
318,2,0,1,2016,5,11,15,42,33.557
319,2,0,1,2016,5,11,15,42,35.014
320,2,0,1,2016,5,11,15,42,36.083
321,2,0,1,2016,5,11,15,42,37.04
322,2,0,1,2016,5,11,15,42,37.928
323,2,0,1,2016,5,11,15,42,39.836
324,2,0,1,2016,5,11,15,42,42.087
325,2,0,1,2016,5,11,15,42,43.382
326,2,0,1,2016,5,11,15,42,44.962
327,2,0,1,2016,5,11,15,42,48.334
328,2,0,1,2016,5,11,15,42,50.603
329,2,0,1,2016,5,11,15,44,36.422
330,2,0,1,2016,5,11,15,51,12.94
331,2,0,1,2016,5,11,16,48,13.751
332,2,0,1,2016,5,11,16,49,0.382
333,2,0,1,2016,5,11,16,49,2.453
334,2,0,1,2016,5,11,17,8,57.678
335,2,0,1,2016,5,11,17,9,1.194
336,2,0,1,2016,5,11,17,9,2.231
337,2,0,1,2016,5,11,17,9,4.498
338,2,0,1,2016,5,11,17,9,6.446
339,2,0,1,2016,5,11,17,9,8.207
340,2,0,1,2016,5,11,17,9,10.626
341,2,0,1,2016,5,11,17,9,12.292
342,2,0,1,2016,5,11,17,9,14.168
343,2,0,1,2016,5,11,17,9,16.366
344,2,0,1,2016,5,11,17,9,17.656
345,2,0,1,2016,5,11,17,9,20.2
346,2,0,1,2016,5,11,17,9,23.24
347,2,0,1,2016,5,11,17,9,24.8
348,2,0,1,2016,5,11,17,9,28.411
349,2,0,1,2016,5,11,17,9,31.229
350,2,0,1,2016,5,11,17,9,33.132
351,2,0,1,2016,5,11,17,9,35.409
352,2,0,1,2016,5,11,17,9,37.349
353,2,0,1,2016,5,11,17,9,39.386
354,2,0,1,2016,5,11,17,9,42.313
355,2,0,1,2016,5,11,17,9,44.521
356,2,0,1,2016,5,11,17,9,47.519
357,2,0,1,2016,5,11,17,10,0.564
358,2,0,1,2016,5,11,17,10,3.133
359,2,0,1,2016,5,11,17,10,5.242
360,2,0,1,2016,5,11,17,10,5.378
361,2,0,1,2016,5,11,17,10,5.475
362,2,0,1,2016,5,11,17,10,14.57
363,2,0,1,2016,5,11,17,10,35.308
364,2,0,1,2016,5,11,17,10,36.689
365,2,0,1,2016,5,11,17,10,43.018
366,2,0,1,2016,5,11,17,10,43.581
367,2,0,1,2016,5,11,17,10,45.29
368,2,0,1,2016,5,11,17,10,56.82
369,2,0,1,2016,5,11,17,10,59.611
370,2,0,1,2016,5,11,17,11,51.875
371,2,0,1,2016,5,11,17,12,12.472
372,2,0,1,2016,5,11,18,7,44.652
373,2,0,1,2016,5,11,18,7,45.717
374,2,0,1,2016,5,11,18,9,15.182
375,2,0,1,2016,5,11,18,9,17.723
