Var1_ 1,Var1_ 2,Var1_ 3,Var1_ 4,Var1_ 5,Var1_ 6,Var1_ 7,Var1_ 8,Var1_ 9,Var1_10
0,0,0,0,2016,3,29,10,5,6.327
1,2,2,1,2016,3,29,10,8,58.497
2,2,2,1,2016,3,29,10,11,53.241
3,2,0,1,2016,3,29,10,11,53.655
4,2,2,1,2016,3,29,10,57,51.763
5,1,1,1,2016,3,29,11,19,11.275
6,2,2,1,2016,3,29,11,32,19.255
7,2,0,1,2016,3,29,11,32,19.414
8,2,2,1,2016,3,29,11,33,21.265
9,2,2,1,2016,3,29,11,35,6.192
10,2,2,1,2016,3,29,11,35,38.379
11,2,1,1,2016,3,29,11,38,26.992
12,2,2,1,2016,3,29,11,38,32.096
13,2,2,1,2016,3,29,11,38,45.801
14,2,1,1,2016,3,29,11,39,43.185
15,2,2,1,2016,3,29,11,39,50.27
16,2,2,1,2016,3,29,11,40,10.403
17,2,2,1,2016,3,29,11,40,18.021
18,2,1,1,2016,3,29,11,41,22.014
19,2,2,1,2016,3,29,11,45,37.409
20,2,1,1,2016,3,29,11,47,47.357
21,2,2,1,2016,3,29,11,47,56.097
22,2,0,1,2016,3,29,11,47,56.317
23,2,1,1,2016,3,29,11,58,29.304
24,2,0,1,2016,3,29,11,58,29.525
25,2,2,1,2016,3,29,11,58,35.074
26,2,2,1,2016,3,29,12,1,25.413
27,2,2,1,2016,3,29,12,1,55.662
28,2,2,1,2016,3,29,12,2,5.793
29,2,0,1,2016,3,29,12,2,5.919
30,2,0,1,2016,3,29,12,2,6.147
31,2,2,1,2016,3,29,12,2,12.026
32,2,1,1,2016,3,29,12,2,18.481
33,2,0,1,2016,3,29,12,2,18.641
34,2,0,1,2016,3,29,12,2,18.924
35,2,2,1,2016,3,29,12,2,30.918
36,2,2,1,2016,3,29,12,2,35.401
37,2,1,1,2016,3,29,12,2,57.735
38,2,1,1,2016,3,29,12,5,37.102
39,2,0,1,2016,3,29,12,5,37.506
40,2,1,1,2016,3,29,12,10,0.363
41,2,1,1,2016,3,29,12,10,5.438
42,2,2,1,2016,3,29,12,10,10.057
43,2,2,1,2016,3,29,12,10,16.168
44,2,0,1,2016,3,29,12,10,16.555
45,2,1,1,2016,3,29,12,10,32.71
46,2,0,1,2016,3,29,12,10,32.794
47,2,0,1,2016,3,29,12,10,32.999
48,2,2,1,2016,3,29,12,14,9.102
49,2,1,1,2016,3,29,12,14,17.494
50,2,2,1,2016,3,29,12,37,17.556
51,2,0,1,2016,3,29,12,37,17.643
52,2,2,1,2016,3,29,12,37,40.05
53,2,2,1,2016,3,29,12,38,3.957
54,2,1,1,2016,3,29,12,38,10.716
55,2,0,1,2016,3,29,12,38,11.407
56,2,0,1,2016,3,29,12,38,11.563
57,2,2,1,2016,3,29,12,38,38.755
58,2,1,1,2016,3,29,12,38,43.691
59,2,0,1,2016,3,29,12,38,43.902
60,2,1,1,2016,3,29,12,38,49.63
61,2,2,1,2016,3,29,12,39,6.393
62,2,2,1,2016,3,29,12,39,12.024
63,2,1,1,2016,3,29,12,39,22.216
64,2,1,1,2016,3,29,12,39,27.293
65,2,1,1,2016,3,29,12,39,33.946
66,2,1,1,2016,3,29,12,39,47.807
67,2,1,1,2016,3,29,12,39,55.993
68,2,0,1,2016,3,29,12,39,56.432
69,2,1,1,2016,3,29,12,40,6.385
70,2,1,1,2016,3,29,12,40,22.111
71,2,1,1,2016,3,29,12,40,39.279
72,2,0,1,2016,3,29,12,40,39.731
73,1,1,1,2016,3,29,12,45,21.487
74,1,0,1,2016,3,29,12,45,21.874
75,1,1,1,2016,3,29,12,45,24.577
76,2,1,1,2016,3,29,12,48,35.961
77,2,1,1,2016,3,29,12,51,16.53
78,2,1,1,2016,3,29,12,51,55.705
79,2,1,1,2016,3,29,12,52,0.061
80,2,0,1,2016,3,29,12,52,28.155
81,2,0,1,2016,3,29,12,52,38.265
82,2,0,1,2016,3,29,12,52,38.644
83,2,0,1,2016,3,29,12,52,43.498
84,1,0,1,2016,3,29,12,58,15.321
85,1,0,1,2016,3,29,13,2,6.716
86,1,0,1,2016,3,29,13,2,29.71
87,1,0,1,2016,3,29,13,2,59.913
88,2,0,1,2016,3,29,13,3,39.487
89,2,0,1,2016,3,29,13,3,42.096
90,2,0,1,2016,3,29,13,3,42.831
91,2,0,1,2016,3,29,13,4,0.899
92,1,0,1,2016,3,29,13,24,5.271
93,1,0,1,2016,3,29,13,24,17.204
94,1,0,1,2016,3,29,13,52,39.241
95,2,0,1,2016,3,29,13,53,36.525
96,2,0,1,2016,3,29,14,25,36.017
97,2,0,1,2016,3,29,14,27,14.868
98,2,0,1,2016,3,29,15,11,49.592
99,2,0,1,2016,3,29,15,11,49.643
100,2,0,1,2016,3,29,15,11,51.819
101,2,0,1,2016,3,29,15,13,53.196
102,2,0,1,2016,3,29,15,14,5.302
103,2,0,1,2016,3,29,15,14,10.261
104,2,0,1,2016,3,29,15,14,10.851
105,2,0,1,2016,3,29,15,26,25.239
106,2,0,1,2016,3,29,15,38,39.043
107,2,0,1,2016,3,29,15,38,41.829
108,2,0,1,2016,3,29,15,38,44.13
109,2,0,1,2016,3,29,15,38,45.275
110,2,0,1,2016,3,29,15,39,7.454
111,2,0,1,2016,3,29,15,39,8.726
112,2,0,1,2016,3,29,15,39,25.909
113,2,0,1,2016,3,29,15,39,34.832
114,2,0,1,2016,3,29,15,40,38.779
115,2,0,1,2016,3,29,15,40,39.758
116,2,0,1,2016,3,29,15,48,44.606
117,2,0,1,2016,3,29,15,48,44.943
118,1,0,1,2016,3,29,15,57,52.217
119,1,0,1,2016,3,29,15,58,3.355
120,1,0,1,2016,3,29,15,58,18.703
121,1,0,1,2016,3,29,16,41,41.921
122,1,0,1,2016,3,29,16,48,26.869
123,1,0,1,2016,3,29,16,54,10.943
124,1,0,1,2016,3,29,16,54,12.923
125,1,0,1,2016,3,29,16,54,34.653
126,1,0,1,2016,3,29,16,54,34.911
127,1,0,1,2016,3,29,16,54,56.154
128,2,0,1,2016,3,29,17,1,37.216
129,2,0,1,2016,3,29,17,1,38.206
130,2,0,1,2016,3,29,17,2,15.686
131,2,0,1,2016,3,29,17,2,15.759
132,2,0,1,2016,3,29,17,2,16.457
133,2,0,1,2016,3,29,17,2,28.253
134,2,0,1,2016,3,29,17,2,46.928
135,2,0,1,2016,3,29,17,10,15.54
136,2,0,1,2016,3,29,17,10,17.112
137,2,0,1,2016,3,29,17,10,18.271
138,2,0,1,2016,3,29,18,17,44.607
139,2,0,1,2016,3,29,18,18,12.278
140,2,0,1,2016,3,29,18,18,12.582
141,2,0,1,2016,3,29,18,18,13.667
142,2,0,1,2016,3,29,18,18,13.994
143,2,0,1,2016,3,29,18,18,14.419
144,2,0,1,2016,3,29,18,18,15.318
145,2,0,1,2016,3,29,18,18,26.612
146,2,0,1,2016,3,29,18,18,29.848
147,2,0,1,2016,3,29,18,18,30.348
148,2,0,1,2016,3,29,18,18,49.752
149,2,0,1,2016,3,29,18,18,49.998
150,2,0,1,2016,3,29,18,24,12.518
151,2,0,1,2016,3,29,18,24,12.833
152,2,0,1,2016,3,29,18,25,8.647
153,2,0,1,2016,3,29,18,25,9.012
154,2,0,1,2016,3,29,18,31,29.134
155,2,0,1,2016,3,29,18,32,1.314
156,2,0,1,2016,3,29,18,32,1.707
157,2,0,1,2016,3,29,18,32,2.188
158,2,0,1,2016,3,29,18,32,15.155
159,2,0,1,2016,3,29,18,32,17.564
160,2,0,1,2016,3,29,18,32,17.743
161,2,0,1,2016,3,29,18,32,29.717
162,2,0,1,2016,3,29,18,32,36.557
163,2,0,1,2016,3,29,18,32,37.597
164,2,0,1,2016,3,29,18,32,37.765
165,2,0,1,2016,3,29,18,32,51.869
166,2,0,1,2016,3,29,18,32,52.451
167,2,0,1,2016,3,29,18,32,53.306
168,2,0,1,2016,3,29,18,33,32.98
169,2,0,1,2016,3,29,18,33,34.167
170,2,0,1,2016,3,29,18,33,50.462
171,2,0,1,2016,3,29,18,34,43.387
172,2,0,1,2016,3,29,18,34,44.991
173,2,0,1,2016,3,29,18,34,47.067
174,2,0,1,2016,3,29,18,34,48.306
175,2,0,1,2016,3,29,18,37,57.253
176,2,0,1,2016,3,29,18,38,5.419
177,2,0,1,2016,3,29,18,43,54.118
178,2,0,1,2016,3,29,18,44,7.699
179,2,0,1,2016,3,29,18,44,20.751
180,2,0,1,2016,3,29,18,44,31.697
181,2,0,1,2016,3,29,18,44,40.237
182,2,0,1,2016,3,29,18,45,10.925
183,2,0,1,2016,3,29,18,46,21.82
184,2,0,1,2016,3,29,18,47,15.377
