Var1_ 1,Var1_ 2,Var1_ 3,Var1_ 4,Var1_ 5,Var1_ 6,Var1_ 7,Var1_ 8,Var1_ 9,Var1_10
0,0,0,0,2016,2,1,8,5,11.62
1,2,2,1,2016,2,1,8,35,38.268
2,2,2,1,2016,2,1,8,35,54.95
3,1,1,1,2016,2,1,8,36,12.245
4,1,0,1,2016,2,1,8,36,12.446
5,1,1,1,2016,2,1,8,36,18.352
6,1,1,1,2016,2,1,8,36,21.829
7,1,2,1,2016,2,1,8,43,12.561
8,1,1,1,2016,2,1,8,43,30.165
9,1,0,1,2016,2,1,8,43,30.218
10,1,1,1,2016,2,1,8,43,40.866
11,1,1,1,2016,2,1,8,43,46.494
12,1,1,1,2016,2,1,8,43,50.574
13,1,1,1,2016,2,1,8,43,56.07
14,1,1,1,2016,2,1,8,43,59.528
15,1,0,1,2016,2,1,8,43,59.942
16,1,1,1,2016,2,1,8,44,6.183
17,1,2,1,2016,2,1,8,48,0.161
18,1,0,1,2016,2,1,8,48,0.402
19,1,2,1,2016,2,1,8,48,32.695
20,1,0,1,2016,2,1,8,48,35.643
21,1,1,1,2016,2,1,8,48,53.221
22,1,0,1,2016,2,1,8,48,53.262
23,1,2,1,2016,2,1,8,49,0.334
24,1,0,1,2016,2,1,8,49,0.569
25,1,2,1,2016,2,1,8,49,12.255
26,1,0,1,2016,2,1,8,49,14.968
27,1,0,1,2016,2,1,8,49,15.192
28,1,0,1,2016,2,1,8,49,15.23
29,1,1,1,2016,2,1,8,49,32.201
30,1,0,1,2016,2,1,8,49,32.258
31,1,2,1,2016,2,1,8,49,38.017
32,1,1,1,2016,2,1,8,52,36.934
33,1,1,1,2016,2,1,8,52,42.494
34,1,0,1,2016,2,1,8,52,45.472
35,1,1,1,2016,2,1,8,52,46.622
36,1,0,1,2016,2,1,8,52,46.857
37,1,1,1,2016,2,1,8,52,50.996
38,1,0,1,2016,2,1,8,52,51.149
39,1,1,1,2016,2,1,8,52,54.089
40,1,1,1,2016,2,1,8,53,3.755
41,1,2,1,2016,2,1,8,53,7.885
42,1,0,1,2016,2,1,8,53,10.405
43,1,1,1,2016,2,1,8,53,15.961
44,1,0,1,2016,2,1,8,53,16.756
45,1,2,1,2016,2,1,8,53,24.341
46,1,0,1,2016,2,1,8,53,24.824
47,1,2,1,2016,2,1,8,53,27.473
48,1,0,1,2016,2,1,8,53,28.314
49,1,0,1,2016,2,1,8,53,30.465
50,1,1,1,2016,2,1,8,53,31.58
51,1,2,1,2016,2,1,8,53,44.314
52,1,0,1,2016,2,1,8,53,46.177
53,1,1,1,2016,2,1,8,53,49.722
54,1,2,1,2016,2,1,8,53,55.136
55,1,2,1,2016,2,1,8,54,11.326
56,1,0,1,2016,2,1,8,54,11.382
57,1,0,1,2016,2,1,8,54,11.505
58,1,2,1,2016,2,1,8,54,21.808
59,2,2,1,2016,2,1,9,1,6.287
60,2,2,1,2016,2,1,9,2,21.333
61,2,2,1,2016,2,1,9,2,27.048
62,2,2,1,2016,2,1,9,2,32.394
63,2,0,1,2016,2,1,9,2,32.688
64,2,2,1,2016,2,1,9,4,10.72
65,2,2,1,2016,2,1,9,19,14.203
66,2,1,1,2016,2,1,9,19,20.554
67,2,2,1,2016,2,1,9,19,37.125
68,2,1,1,2016,2,1,9,19,40.702
69,2,2,1,2016,2,1,9,21,15.527
70,2,0,1,2016,2,1,9,21,18.118
71,2,2,1,2016,2,1,9,21,19.859
72,2,0,1,2016,2,1,9,21,19.997
73,2,2,1,2016,2,1,9,21,28.176
74,2,1,1,2016,2,1,9,21,32.115
75,2,0,1,2016,2,1,9,21,32.378
76,2,2,1,2016,2,1,9,21,35.413
77,2,0,1,2016,2,1,9,21,35.461
78,2,1,1,2016,2,1,9,21,49.658
79,2,1,1,2016,2,1,9,21,56.774
80,2,2,1,2016,2,1,9,22,1.433
81,2,0,1,2016,2,1,9,22,2.647
82,2,0,1,2016,2,1,9,22,2.715
83,2,0,1,2016,2,1,9,22,3.713
84,2,0,1,2016,2,1,9,22,3.769
85,2,2,1,2016,2,1,9,22,6.783
86,2,1,1,2016,2,1,9,22,10.534
87,2,0,1,2016,2,1,9,22,10.851
88,2,2,1,2016,2,1,9,22,14.498
89,2,0,1,2016,2,1,9,22,14.798
90,2,0,1,2016,2,1,9,22,15.075
91,2,1,1,2016,2,1,9,22,18.577
92,2,2,1,2016,2,1,9,22,22.294
93,2,0,1,2016,2,1,9,22,22.381
94,2,0,1,2016,2,1,9,22,23.314
95,2,0,1,2016,2,1,9,22,24.012
96,2,1,1,2016,2,1,9,22,27.844
97,2,1,1,2016,2,1,9,22,32.502
98,2,0,1,2016,2,1,9,22,35.177
99,2,0,1,2016,2,1,9,22,38.218
100,2,0,1,2016,2,1,9,22,41.327
101,2,0,1,2016,2,1,9,22,41.821
102,2,0,1,2016,2,1,9,22,42.089
103,2,0,1,2016,2,1,9,22,43.976
104,2,0,1,2016,2,1,9,22,46.935
105,2,0,1,2016,2,1,9,22,48.49
106,2,0,1,2016,2,1,9,22,49.368
107,2,0,1,2016,2,1,9,22,51.117
108,2,0,1,2016,2,1,9,22,53.144
109,2,0,1,2016,2,1,9,22,53.759
110,2,0,1,2016,2,1,9,22,55.958
111,2,0,1,2016,2,1,9,22,56.353
112,2,0,1,2016,2,1,9,22,56.409
113,2,0,1,2016,2,1,9,23,0.43
114,2,0,1,2016,2,1,9,23,0.73
115,2,0,1,2016,2,1,9,23,7.962
116,2,0,1,2016,2,1,9,23,8.132
117,2,0,1,2016,2,1,9,23,9.269
118,2,0,1,2016,2,1,9,23,12.403
119,2,0,1,2016,2,1,9,23,18.796
120,2,0,1,2016,2,1,9,23,27.363
121,2,0,1,2016,2,1,9,23,38.594
122,2,0,1,2016,2,1,9,23,42.016
123,2,0,1,2016,2,1,9,23,46.36
124,2,0,1,2016,2,1,9,23,49.676
125,2,0,1,2016,2,1,9,23,50.758
126,2,0,1,2016,2,1,9,23,51.602
127,2,0,1,2016,2,1,9,23,54.643
128,2,0,1,2016,2,1,9,47,21.564
129,2,0,1,2016,2,1,9,47,37.118
130,2,0,1,2016,2,1,9,47,39.006
131,2,0,1,2016,2,1,9,47,39.127
132,1,0,1,2016,2,1,9,48,7.883
133,1,0,1,2016,2,1,9,48,18.475
134,2,0,1,2016,2,1,9,50,23.24
135,2,0,1,2016,2,1,9,51,6.467
136,2,0,1,2016,2,1,9,51,15.857
137,2,0,1,2016,2,1,9,51,16.221
138,2,0,1,2016,2,1,9,51,16.263
139,2,0,1,2016,2,1,9,52,5.381
140,2,0,1,2016,2,1,9,52,23.452
141,2,0,1,2016,2,1,9,53,43.882
142,2,0,1,2016,2,1,9,53,45.549
143,2,0,1,2016,2,1,9,53,55.808
144,2,0,1,2016,2,1,9,53,57.503
145,2,0,1,2016,2,1,9,53,57.644
146,2,0,1,2016,2,1,9,54,25.092
147,2,0,1,2016,2,1,9,55,12.593
148,2,0,1,2016,2,1,9,55,13.635
149,2,0,1,2016,2,1,9,55,37.329
150,2,0,1,2016,2,1,9,55,38.111
151,2,0,1,2016,2,1,10,11,2.579
152,2,0,1,2016,2,1,10,13,18.374
153,2,0,1,2016,2,1,10,13,19.27
154,2,0,1,2016,2,1,10,13,20.172
155,2,0,1,2016,2,1,10,43,35.363
156,2,0,1,2016,2,1,10,55,39.608
157,2,0,1,2016,2,1,10,55,40.391
158,2,0,1,2016,2,1,10,55,41.85
159,2,0,1,2016,2,1,10,55,49.715
160,2,0,1,2016,2,1,10,56,26.113
161,2,0,1,2016,2,1,11,1,10.242
162,2,0,1,2016,2,1,11,1,10.304
163,2,0,1,2016,2,1,11,1,10.44
164,2,0,1,2016,2,1,11,7,23.254
165,2,0,1,2016,2,1,11,7,26.985
166,2,0,1,2016,2,1,11,7,27.019
167,2,0,1,2016,2,1,11,7,27.75
168,1,0,1,2016,2,1,11,8,8.012
169,1,0,1,2016,2,1,11,8,10.005
170,1,0,1,2016,2,1,11,9,3.601
171,2,0,1,2016,2,1,11,20,54.557
172,2,0,1,2016,2,1,11,20,54.83
173,1,0,1,2016,2,1,11,21,7.129
174,1,0,1,2016,2,1,11,21,9.543
175,1,0,1,2016,2,1,11,21,11.258
176,1,0,1,2016,2,1,11,21,17.81
177,2,0,1,2016,2,1,12,17,34.495
178,2,0,1,2016,2,1,12,30,36.623
179,2,0,1,2016,2,1,13,0,46.061
180,2,0,1,2016,2,1,13,1,20.622
181,1,0,1,2016,2,1,13,17,32.833
182,2,0,1,2016,2,1,14,34,21.261
183,2,0,1,2016,2,1,14,38,45.31
184,2,0,1,2016,2,1,14,51,59.841
185,2,0,1,2016,2,1,14,53,47.447
186,2,0,1,2016,2,1,14,53,48.976
187,2,0,1,2016,2,1,14,53,50.997
188,2,0,1,2016,2,1,14,53,54.017
189,2,0,1,2016,2,1,14,53,54.1
190,2,0,1,2016,2,1,15,9,19.73
191,2,0,1,2016,2,1,15,9,19.788
192,2,0,1,2016,2,1,15,9,22.873
193,1,0,1,2016,2,1,16,31,53.948
