Var1_ 1,Var1_ 2,Var1_ 3,Var1_ 4,Var1_ 5,Var1_ 6,Var1_ 7,Var1_ 8,Var1_ 9,Var1_10
0,0,0,0,2016,11,11,8,0,5.187
1,1,1,1,2016,11,11,8,1,51.437
2,1,1,1,2016,11,11,8,2,42.485
3,1,1,1,2016,11,11,8,2,50.353
4,1,0,1,2016,11,11,8,2,50.409
5,2,2,1,2016,11,11,8,9,14.273
6,1,1,1,2016,11,11,8,9,31.666
7,1,1,1,2016,11,11,8,9,44.999
8,2,2,1,2016,11,11,8,10,23.627
9,2,0,1,2016,11,11,8,10,23.888
10,2,2,1,2016,11,11,8,13,3.444
11,2,0,1,2016,11,11,8,13,3.647
12,1,1,1,2016,11,11,8,19,3.039
13,1,1,1,2016,11,11,8,19,41.485
14,1,1,1,2016,11,11,8,23,28.635
15,1,2,1,2016,11,11,8,24,13.817
16,1,0,1,2016,11,11,8,24,14.001
17,1,0,1,2016,11,11,8,24,15.582
18,1,0,1,2016,11,11,8,24,16.155
19,1,1,1,2016,11,11,8,33,52.533
20,1,0,1,2016,11,11,8,33,52.846
21,1,1,1,2016,11,11,8,34,56.423
22,1,0,1,2016,11,11,8,34,56.486
23,1,1,1,2016,11,11,9,12,32.053
24,2,2,1,2016,11,11,9,18,1.85
25,2,0,1,2016,11,11,9,18,1.906
26,2,2,1,2016,11,11,9,18,9.518
27,2,2,1,2016,11,11,9,19,5.193
28,2,2,1,2016,11,11,9,19,49.536
29,1,1,1,2016,11,11,9,21,40.076
30,1,1,1,2016,11,11,9,23,32.892
31,1,1,1,2016,11,11,9,23,55.386
32,1,2,1,2016,11,11,9,33,15.839
33,1,1,1,2016,11,11,9,44,6.306
34,1,1,1,2016,11,11,9,53,49.315
35,1,1,1,2016,11,11,9,55,46.213
36,2,2,1,2016,11,11,10,11,54.189
37,2,0,1,2016,11,11,10,11,55.002
38,2,2,1,2016,11,11,10,12,8.954
39,1,1,1,2016,11,11,10,17,40.7
40,1,1,1,2016,11,11,10,17,46.992
41,1,0,1,2016,11,11,10,17,48.56
42,1,1,1,2016,11,11,10,19,14.413
43,1,2,1,2016,11,11,10,19,25.105
44,1,0,1,2016,11,11,10,19,27.417
45,1,0,1,2016,11,11,10,19,27.948
46,1,1,1,2016,11,11,10,19,28.791
47,1,1,1,2016,11,11,10,19,34.169
48,1,1,1,2016,11,11,10,20,0.663
49,1,1,1,2016,11,11,10,20,11.711
50,1,1,1,2016,11,11,10,20,17.432
51,1,1,1,2016,11,11,10,20,21.496
52,2,2,1,2016,11,11,10,20,41.368
53,1,1,1,2016,11,11,10,20,52.368
54,1,1,1,2016,11,11,10,21,2.55
55,1,0,1,2016,11,11,10,21,5.482
56,1,1,1,2016,11,11,10,21,6.241
57,1,0,1,2016,11,11,10,21,6.772
58,1,2,1,2016,11,11,10,21,21.486
59,1,1,1,2016,11,11,10,21,32.993
60,1,0,1,2016,11,11,10,21,33.499
61,1,2,1,2016,11,11,10,23,50.789
62,1,2,1,2016,11,11,10,24,6.858
63,1,2,1,2016,11,11,10,24,24
64,1,2,1,2016,11,11,10,24,29.446
65,1,2,1,2016,11,11,10,24,34.274
66,1,2,1,2016,11,11,10,24,44.663
67,1,0,1,2016,11,11,10,24,45.614
68,1,2,1,2016,11,11,10,25,20.861
69,1,2,1,2016,11,11,10,25,37.24
70,2,2,1,2016,11,11,10,25,39.478
71,2,2,1,2016,11,11,10,25,59.068
72,2,2,1,2016,11,11,10,26,24.133
73,2,2,1,2016,11,11,10,40,11.83
74,2,0,1,2016,11,11,10,40,12.484
75,2,2,1,2016,11,11,10,41,11.006
76,2,0,1,2016,11,11,10,41,11.766
77,2,2,1,2016,11,11,10,41,16.799
78,2,0,1,2016,11,11,10,41,17.314
79,2,2,1,2016,11,11,10,42,13.092
80,2,0,1,2016,11,11,10,42,14.973
81,2,2,1,2016,11,11,10,42,16.782
82,2,0,1,2016,11,11,10,42,52.399
83,2,0,1,2016,11,11,10,42,56.631
84,2,0,1,2016,11,11,10,42,57.071
85,2,0,1,2016,11,11,10,44,56.529
86,2,0,1,2016,11,11,10,51,17.802
87,2,0,1,2016,11,11,10,51,54.816
88,1,0,1,2016,11,11,10,58,53.292
89,1,0,1,2016,11,11,10,59,18.175
90,1,0,1,2016,11,11,10,59,19.771
91,1,0,1,2016,11,11,11,7,45.534
92,1,0,1,2016,11,11,11,7,51.378
93,1,0,1,2016,11,11,11,8,20.484
94,1,0,1,2016,11,11,11,8,56.227
95,1,0,1,2016,11,11,11,15,46.527
96,1,0,1,2016,11,11,11,17,36.567
97,1,0,1,2016,11,11,11,17,44.037
98,1,0,1,2016,11,11,11,17,52.561
99,1,0,1,2016,11,11,11,17,52.617
100,2,0,1,2016,11,11,11,18,58.861
101,2,0,1,2016,11,11,11,19,0.366
102,1,0,1,2016,11,11,11,19,27.838
103,1,0,1,2016,11,11,11,19,28.056
104,1,0,1,2016,11,11,11,21,15.695
105,2,0,1,2016,11,11,11,22,51.572
106,2,0,1,2016,11,11,11,27,19.911
107,2,0,1,2016,11,11,11,32,58.659
108,1,0,1,2016,11,11,11,33,30.603
109,1,0,1,2016,11,11,11,34,10.356
110,1,0,1,2016,11,11,11,34,10.838
111,1,0,1,2016,11,11,11,34,14.995
112,1,0,1,2016,11,11,11,34,46.399
113,2,0,1,2016,11,11,11,35,29.647
114,2,0,1,2016,11,11,11,37,47.633
115,2,0,1,2016,11,11,11,37,59
116,1,0,1,2016,11,11,11,44,26.587
117,2,0,1,2016,11,11,12,7,50.954
118,2,0,1,2016,11,11,12,8,9.88
119,2,0,1,2016,11,11,12,8,11.606
120,2,0,1,2016,11,11,12,8,16.201
121,2,0,1,2016,11,11,12,8,28.178
122,2,0,1,2016,11,11,12,23,3.169
123,1,0,1,2016,11,11,12,26,9.975
124,1,0,1,2016,11,11,12,26,11.125
125,1,0,1,2016,11,11,12,26,43.824
126,1,0,1,2016,11,11,12,26,44.938
127,1,0,1,2016,11,11,12,26,45.46
128,1,0,1,2016,11,11,12,26,51.998
129,1,0,1,2016,11,11,12,26,56.509
130,1,0,1,2016,11,11,12,26,56.835
131,1,0,1,2016,11,11,12,26,56.881
132,1,0,1,2016,11,11,12,27,19.182
133,1,0,1,2016,11,11,12,28,21.404
134,1,0,1,2016,11,11,12,28,44.932
135,1,0,1,2016,11,11,12,28,46.375
136,1,0,1,2016,11,11,12,28,47.119
137,1,0,1,2016,11,11,12,28,53.111
138,1,0,1,2016,11,11,12,28,54.088
139,1,0,1,2016,11,11,12,28,54.136
140,1,0,1,2016,11,11,12,31,7.778
141,1,0,1,2016,11,11,12,31,34.013
142,1,0,1,2016,11,11,12,31,39.42
143,1,0,1,2016,11,11,12,31,40.491
144,2,0,1,2016,11,11,12,35,49.237
145,1,0,1,2016,11,11,12,37,34.832
146,1,0,1,2016,11,11,12,37,34.931
147,1,0,1,2016,11,11,12,37,41.986
148,1,0,1,2016,11,11,12,37,42.453
149,1,0,1,2016,11,11,12,37,43.098
150,1,0,1,2016,11,11,12,37,43.33
151,1,0,1,2016,11,11,12,40,5.427
152,1,0,1,2016,11,11,12,40,5.895
153,1,0,1,2016,11,11,12,40,6.49
154,1,0,1,2016,11,11,12,40,11.563
155,2,0,1,2016,11,11,12,40,49.089
156,1,0,1,2016,11,11,12,42,22.147
157,1,0,1,2016,11,11,12,46,10.92
158,1,0,1,2016,11,11,12,46,11.38
159,2,0,1,2016,11,11,12,51,0.515
160,2,0,1,2016,11,11,12,51,4.44
161,2,0,1,2016,11,11,12,51,15.255
162,2,0,1,2016,11,11,12,52,17.907
163,1,0,1,2016,11,11,13,1,25.239
164,1,0,1,2016,11,11,13,1,31.221
165,1,0,1,2016,11,11,13,1,33.801
166,1,0,1,2016,11,11,13,1,34.225
167,1,0,1,2016,11,11,13,1,34.878
168,1,0,1,2016,11,11,13,1,35.643
169,2,0,1,2016,11,11,13,22,55.701
170,2,0,1,2016,11,11,13,23,26.87
171,2,0,1,2016,11,11,13,23,40.105
172,2,0,1,2016,11,11,13,23,54.842
173,2,0,1,2016,11,11,13,37,53.657
174,2,0,1,2016,11,11,13,51,46.588
175,1,0,1,2016,11,11,13,52,41.852
176,1,0,1,2016,11,11,13,52,58.139
177,1,0,1,2016,11,11,13,54,26.986
178,2,0,1,2016,11,11,13,55,16.965
179,2,0,1,2016,11,11,14,0,6.606
180,2,0,1,2016,11,11,14,1,15.986
181,2,0,1,2016,11,11,14,1,36.641
182,2,0,1,2016,11,11,14,1,54.312
183,2,0,1,2016,11,11,14,2,19.01
184,2,0,1,2016,11,11,14,2,19.605
185,2,0,1,2016,11,11,14,2,39.71
186,2,0,1,2016,11,11,14,2,57.46
187,2,0,1,2016,11,11,14,2,58.475
188,2,0,1,2016,11,11,14,3,12.086
189,2,0,1,2016,11,11,14,3,15.8
190,1,0,1,2016,11,11,14,5,18.66
191,2,0,1,2016,11,11,14,6,23.056
192,2,0,1,2016,11,11,14,9,7.34
193,2,0,1,2016,11,11,14,10,6.829
194,2,0,1,2016,11,11,14,11,0.015
195,2,0,1,2016,11,11,14,11,0.917
196,2,0,1,2016,11,11,15,17,40.97
197,2,0,1,2016,11,11,15,24,36.365
198,2,0,1,2016,11,11,15,24,37.429
199,2,0,1,2016,11,11,15,24,42.029
200,2,0,1,2016,11,11,15,24,46.219
201,2,0,1,2016,11,11,15,24,55.068
202,2,0,1,2016,11,11,15,24,55.126
203,2,0,1,2016,11,11,15,26,7.854
204,2,0,1,2016,11,11,15,26,8.381
205,2,0,1,2016,11,11,15,28,15.49
206,1,0,1,2016,11,11,15,28,24.097
207,1,0,1,2016,11,11,15,28,27.706
208,1,0,1,2016,11,11,15,28,32.633
209,1,0,1,2016,11,11,15,28,50.368
210,1,0,1,2016,11,11,15,28,50.896
211,1,0,1,2016,11,11,15,29,4.346
212,1,0,1,2016,11,11,15,29,10.025
213,1,0,1,2016,11,11,15,29,14.948
214,1,0,1,2016,11,11,15,29,15.815
215,1,0,1,2016,11,11,15,29,48.33
216,1,0,1,2016,11,11,15,29,54.917
217,2,0,1,2016,11,11,15,31,29.097
218,1,0,1,2016,11,11,15,33,49.696
219,1,0,1,2016,11,11,15,33,55.192
220,1,0,1,2016,11,11,15,34,10.764
221,1,0,1,2016,11,11,15,34,13.235
222,1,0,1,2016,11,11,15,34,13.935
223,1,0,1,2016,11,11,15,34,14.393
224,1,0,1,2016,11,11,15,34,15.886
225,1,0,1,2016,11,11,15,36,28.412
226,1,0,1,2016,11,11,15,57,39.402
227,1,0,1,2016,11,11,15,57,39.88
228,1,0,1,2016,11,11,15,59,3.614
229,1,0,1,2016,11,11,15,59,4.041
230,2,0,1,2016,11,11,16,4,45.634
231,1,0,1,2016,11,11,16,9,33.685
232,2,0,1,2016,11,11,17,49,54.406
233,2,0,1,2016,11,11,17,49,58.159
234,2,0,1,2016,11,11,17,49,58.435
235,2,0,1,2016,11,11,17,49,58.887
