Var1_ 1,Var1_ 2,Var1_ 3,Var1_ 4,Var1_ 5,Var1_ 6,Var1_ 7,Var1_ 8,Var1_ 9,Var1_10
0,0,0,0,2016,10,16,9,0,6.795
1,2,2,1,2016,10,16,9,39,5.983
2,2,2,1,2016,10,16,9,44,26.879
3,2,2,1,2016,10,16,9,45,16.285
4,2,2,1,2016,10,16,9,45,27.262
5,2,1,1,2016,10,16,9,45,32.09
6,2,2,1,2016,10,16,9,45,44.736
7,2,2,1,2016,10,16,9,45,48.819
8,2,1,1,2016,10,16,9,45,52.378
9,2,2,1,2016,10,16,9,46,0.07
10,2,2,1,2016,10,16,9,46,5.825
11,2,2,1,2016,10,16,9,46,14.732
12,2,0,1,2016,10,16,9,46,16.72
13,2,0,1,2016,10,16,9,46,16.787
14,2,1,1,2016,10,16,9,46,25.999
15,2,2,1,2016,10,16,9,46,56.127
16,2,0,1,2016,10,16,9,46,57.422
17,2,1,1,2016,10,16,9,46,59.381
18,2,2,1,2016,10,16,9,47,46.359
19,2,1,1,2016,10,16,9,47,53.101
20,2,0,1,2016,10,16,9,47,53.177
21,2,2,1,2016,10,16,9,47,56.323
22,2,2,1,2016,10,16,9,48,4.062
23,2,0,1,2016,10,16,9,48,4.162
24,2,2,1,2016,10,16,9,48,18.983
25,2,2,1,2016,10,16,9,48,31.776
26,2,2,1,2016,10,16,9,48,45.639
27,2,1,1,2016,10,16,9,50,8.671
28,2,0,1,2016,10,16,9,50,8.809
29,2,2,1,2016,10,16,9,50,32.744
30,2,2,1,2016,10,16,10,13,36.219
31,2,1,1,2016,10,16,10,13,44.738
32,2,0,1,2016,10,16,10,13,44.859
33,2,1,1,2016,10,16,10,14,0.062
34,2,0,1,2016,10,16,10,14,1.174
35,2,1,1,2016,10,16,10,14,9.574
36,2,0,1,2016,10,16,10,14,9.661
37,2,0,1,2016,10,16,10,14,9.702
38,2,0,1,2016,10,16,10,14,9.795
39,2,0,1,2016,10,16,10,14,10.063
40,2,0,1,2016,10,16,10,14,10.282
41,2,1,1,2016,10,16,10,14,25.596
42,2,0,1,2016,10,16,10,14,25.811
43,2,0,1,2016,10,16,10,14,25.967
44,2,0,1,2016,10,16,10,14,26.019
45,2,2,1,2016,10,16,10,22,46.219
46,2,2,1,2016,10,16,10,23,0.853
47,2,0,1,2016,10,16,10,23,1.771
48,2,1,1,2016,10,16,10,33,38.353
49,2,2,1,2016,10,16,10,37,36.406
50,2,1,1,2016,10,16,10,38,13.11
51,2,2,1,2016,10,16,11,5,7.874
52,2,0,1,2016,10,16,11,5,8.054
53,2,2,1,2016,10,16,11,5,52.27
54,2,0,1,2016,10,16,11,5,52.464
55,2,2,1,2016,10,16,11,5,55.937
56,2,1,1,2016,10,16,11,6,0.564
57,2,2,1,2016,10,16,11,6,28.297
58,2,1,1,2016,10,16,11,6,47.194
59,2,0,1,2016,10,16,11,6,47.746
60,2,1,1,2016,10,16,11,6,50.225
61,2,2,1,2016,10,16,11,7,39.519
62,2,2,1,2016,10,16,11,7,43.029
63,2,1,1,2016,10,16,11,7,55.696
64,2,0,1,2016,10,16,11,7,56.742
65,2,0,1,2016,10,16,11,7,57.92
66,2,0,1,2016,10,16,11,7,58.156
67,2,2,1,2016,10,16,11,7,59.425
68,2,0,1,2016,10,16,11,8,1.769
69,2,1,1,2016,10,16,11,8,4.59
70,2,2,1,2016,10,16,11,8,9.559
71,2,1,1,2016,10,16,11,8,31.442
72,2,1,1,2016,10,16,11,12,49.219
73,2,2,1,2016,10,16,11,12,54.495
74,2,0,1,2016,10,16,11,12,54.599
75,2,0,1,2016,10,16,11,12,54.816
76,2,0,1,2016,10,16,11,12,56.161
77,2,1,1,2016,10,16,11,13,31.345
78,2,1,1,2016,10,16,11,13,50.852
79,2,0,1,2016,10,16,11,13,51.129
80,2,0,1,2016,10,16,11,13,51.377
81,2,0,1,2016,10,16,11,13,51.95
82,2,1,1,2016,10,16,11,13,58.901
83,2,1,1,2016,10,16,11,15,45.027
84,2,0,1,2016,10,16,11,15,46.075
85,2,1,1,2016,10,16,11,16,1.455
86,2,0,1,2016,10,16,11,16,1.899
87,2,1,1,2016,10,16,11,16,14.305
88,2,1,1,2016,10,16,11,16,47.531
89,2,1,1,2016,10,16,11,17,0.392
90,2,0,1,2016,10,16,11,17,1.839
91,2,1,1,2016,10,16,11,17,12.734
92,2,0,1,2016,10,16,11,17,13.189
93,2,1,1,2016,10,16,11,19,15.37
94,2,1,1,2016,10,16,11,20,54.072
95,2,0,1,2016,10,16,11,22,34.671
96,2,0,1,2016,10,16,12,0,30.754
97,2,0,1,2016,10,16,12,0,32.695
98,2,0,1,2016,10,16,12,0,34.358
99,2,0,1,2016,10,16,14,41,7.039
100,2,0,1,2016,10,16,14,41,18.607
101,2,0,1,2016,10,16,14,44,12.447
102,2,0,1,2016,10,16,14,44,58.59
103,2,0,1,2016,10,16,14,45,59.108
104,2,0,1,2016,10,16,15,39,51.798
105,2,0,1,2016,10,16,15,40,21.945
106,2,0,1,2016,10,16,15,59,43.978
107,2,0,1,2016,10,16,15,59,44.305
108,2,0,1,2016,10,16,15,59,46.059
109,2,0,1,2016,10,16,16,2,21.548
110,2,0,1,2016,10,16,16,2,26.335
111,2,0,1,2016,10,16,16,10,56.304
112,2,0,1,2016,10,16,16,11,52.712
113,2,0,1,2016,10,16,16,28,22.435
114,2,0,1,2016,10,16,16,31,41.193
115,1,0,1,2016,10,16,16,41,32.245
116,1,0,1,2016,10,16,16,42,1.367
117,1,0,1,2016,10,16,16,47,9.361
118,2,0,1,2016,10,16,16,47,17.817
119,2,0,1,2016,10,16,16,55,18.099
120,1,0,1,2016,10,16,17,16,21.972
121,1,0,1,2016,10,16,17,16,25.884
122,1,0,1,2016,10,16,17,16,28.702
123,1,0,1,2016,10,16,17,18,17.751
124,1,0,1,2016,10,16,17,18,19.139
125,1,0,1,2016,10,16,17,18,20.649
126,1,0,1,2016,10,16,17,19,8.876
127,2,0,1,2016,10,16,18,25,21.233
