Var1_ 1,Var1_ 2,Var1_ 3,Var1_ 4,Var1_ 5,Var1_ 6,Var1_ 7,Var1_ 8,Var1_ 9,Var1_10
0,0,0,0,2016,10,30,9,0,6.984
1,1,1,1,2016,10,30,9,8,37.437
2,2,2,1,2016,10,30,9,32,6.401
3,2,0,1,2016,10,30,9,32,6.511
4,1,1,1,2016,10,30,9,33,43.577
5,1,1,1,2016,10,30,9,39,53.667
6,2,2,1,2016,10,30,9,57,18.202
7,2,2,1,2016,10,30,9,59,11.867
8,2,2,1,2016,10,30,9,59,53.58
9,2,2,1,2016,10,30,9,59,59.342
10,2,1,1,2016,10,30,10,8,49.577
11,2,0,1,2016,10,30,10,8,49.826
12,2,2,1,2016,10,30,10,13,41.399
13,1,1,1,2016,10,30,10,18,21.665
14,2,2,1,2016,10,30,10,30,31.097
15,2,2,1,2016,10,30,10,31,7.083
16,2,2,1,2016,10,30,10,31,34.635
17,2,2,1,2016,10,30,10,31,42.359
18,2,1,1,2016,10,30,10,31,47.217
19,2,2,1,2016,10,30,10,34,26.173
20,2,0,1,2016,10,30,10,34,26.243
21,2,2,1,2016,10,30,10,39,41.054
22,2,1,1,2016,10,30,10,51,21.32
23,2,0,1,2016,10,30,10,51,21.488
24,2,2,1,2016,10,30,10,51,26.363
25,2,2,1,2016,10,30,10,51,39.058
26,2,2,1,2016,10,30,10,51,56.641
27,2,1,1,2016,10,30,10,52,1.798
28,2,2,1,2016,10,30,10,53,5.591
29,2,1,1,2016,10,30,10,53,20.773
30,2,2,1,2016,10,30,10,53,29.488
31,2,0,1,2016,10,30,10,53,31.21
32,2,0,1,2016,10,30,10,53,31.288
33,2,1,1,2016,10,30,10,53,39.843
34,2,2,1,2016,10,30,10,53,44.363
35,2,2,1,2016,10,30,10,53,51.105
36,2,2,1,2016,10,30,10,54,5.652
37,2,2,1,2016,10,30,10,54,59.643
38,2,2,1,2016,10,30,10,55,4.781
39,2,0,1,2016,10,30,10,55,5.349
40,2,1,1,2016,10,30,10,57,28.218
41,2,2,1,2016,10,30,10,57,59.885
42,2,0,1,2016,10,30,10,58,0.048
43,2,2,1,2016,10,30,10,58,44.147
44,2,1,1,2016,10,30,10,58,51.837
45,2,0,1,2016,10,30,10,58,52.437
46,2,1,1,2016,10,30,11,7,2.81
47,2,1,1,2016,10,30,11,7,19.467
48,2,0,1,2016,10,30,11,7,19.702
49,2,1,1,2016,10,30,11,11,47.07
50,2,2,1,2016,10,30,11,12,51.887
51,2,2,1,2016,10,30,11,15,20.006
52,2,0,1,2016,10,30,11,15,20.352
53,2,1,1,2016,10,30,11,15,47.507
54,2,2,1,2016,10,30,11,16,26.537
55,2,1,1,2016,10,30,11,19,24.147
56,2,2,1,2016,10,30,11,48,7.731
57,2,2,1,2016,10,30,12,22,16.933
58,2,2,1,2016,10,30,12,22,26.655
59,2,1,1,2016,10,30,12,22,45.154
60,2,0,1,2016,10,30,12,22,45.281
61,2,1,1,2016,10,30,12,23,24.748
62,2,1,1,2016,10,30,12,23,52.043
63,2,0,1,2016,10,30,12,23,52.458
64,2,0,1,2016,10,30,12,23,52.653
65,2,1,1,2016,10,30,12,24,25.907
66,2,1,1,2016,10,30,12,24,30.757
67,2,1,1,2016,10,30,12,24,36.159
68,1,1,1,2016,10,30,12,27,0.913
69,2,1,1,2016,10,30,12,29,26.614
70,2,0,1,2016,10,30,12,29,26.727
71,2,1,1,2016,10,30,12,29,36
72,2,1,1,2016,10,30,12,29,40.037
73,2,1,1,2016,10,30,12,30,0.475
74,2,1,1,2016,10,30,12,30,22.625
75,2,1,1,2016,10,30,12,30,36.421
76,2,0,1,2016,10,30,12,30,51.813
77,2,0,1,2016,10,30,12,33,20.643
78,2,0,1,2016,10,30,12,33,31.839
79,2,0,1,2016,10,30,12,36,29.391
80,2,0,1,2016,10,30,12,36,31.44
81,2,0,1,2016,10,30,12,37,21.56
82,1,0,1,2016,10,30,12,44,3.179
83,1,0,1,2016,10,30,12,56,0.9
84,1,0,1,2016,10,30,12,57,5.495
85,1,0,1,2016,10,30,12,57,5.887
86,1,0,1,2016,10,30,13,31,52.725
87,2,0,1,2016,10,30,13,50,52.869
88,2,0,1,2016,10,30,13,54,17.099
89,2,0,1,2016,10,30,15,36,10.291
90,2,0,1,2016,10,30,15,36,16.596
91,2,0,1,2016,10,30,15,36,40.987
92,2,0,1,2016,10,30,15,45,50.601
93,2,0,1,2016,10,30,15,57,27.604
94,2,0,1,2016,10,30,15,57,34.155
95,2,0,1,2016,10,30,15,57,34.515
96,2,0,1,2016,10,30,15,57,34.652
97,2,0,1,2016,10,30,15,57,38.498
98,2,0,1,2016,10,30,15,57,49.368
99,2,0,1,2016,10,30,15,57,54.354
100,2,0,1,2016,10,30,15,57,54.57
101,2,0,1,2016,10,30,15,57,55.707
102,2,0,1,2016,10,30,15,57,58.762
103,1,0,1,2016,10,30,15,58,6.708
104,1,0,1,2016,10,30,15,58,8.472
105,1,0,1,2016,10,30,15,58,10.078
106,1,0,1,2016,10,30,15,58,12.471
107,1,0,1,2016,10,30,15,58,12.659
108,1,0,1,2016,10,30,15,58,13.047
109,1,0,1,2016,10,30,15,58,20.632
110,1,0,1,2016,10,30,15,58,20.817
111,2,0,1,2016,10,30,15,58,41.045
112,2,0,1,2016,10,30,15,58,46.169
113,2,0,1,2016,10,30,15,58,46.417
114,2,0,1,2016,10,30,15,58,46.698
115,1,0,1,2016,10,30,15,59,4.023
116,2,0,1,2016,10,30,15,59,9.83
117,2,0,1,2016,10,30,15,59,27.772
118,1,0,1,2016,10,30,15,59,49.146
119,1,0,1,2016,10,30,16,0,40.364
120,2,0,1,2016,10,30,16,0,57.066
121,2,0,1,2016,10,30,16,4,58.674
122,2,0,1,2016,10,30,16,13,30.654
123,2,0,1,2016,10,30,17,41,59.293
