Var1_ 1,Var1_ 2,Var1_ 3,Var1_ 4,Var1_ 5,Var1_ 6,Var1_ 7,Var1_ 8,Var1_ 9,Var1_10
0,0,0,0,2016,1,29,8,5,12.701
1,2,2,1,2016,1,29,8,20,46.267
2,2,0,1,2016,1,29,8,20,47.253
3,2,2,1,2016,1,29,8,23,47.966
4,2,2,1,2016,1,29,8,24,23.601
5,2,2,1,2016,1,29,8,24,45.796
6,2,1,1,2016,1,29,8,25,31.139
7,2,2,1,2016,1,29,8,25,39.12
8,2,2,1,2016,1,29,8,26,6.167
9,2,1,1,2016,1,29,8,26,55.186
10,2,2,1,2016,1,29,8,27,1.258
11,2,0,1,2016,1,29,8,27,1.675
12,2,2,1,2016,1,29,8,27,30.236
13,2,2,1,2016,1,29,8,27,39.627
14,2,1,1,2016,1,29,8,27,49.441
15,2,0,1,2016,1,29,8,27,52.011
16,2,2,1,2016,1,29,8,28,3.329
17,2,1,1,2016,1,29,8,28,15.693
18,2,0,1,2016,1,29,8,28,16.177
19,2,0,1,2016,1,29,8,28,16.617
20,2,2,1,2016,1,29,8,28,21.389
21,2,1,1,2016,1,29,8,28,32.074
22,2,0,1,2016,1,29,8,28,32.321
23,2,2,1,2016,1,29,8,28,36.46
24,2,2,1,2016,1,29,8,28,58.512
25,2,2,1,2016,1,29,8,29,5.304
26,2,2,1,2016,1,29,8,29,42.551
27,2,2,1,2016,1,29,8,30,1.243
28,2,1,1,2016,1,29,8,31,6.166
29,2,2,1,2016,1,29,8,31,9.98
30,2,0,1,2016,1,29,8,31,11.004
31,2,2,1,2016,1,29,8,31,33.883
32,2,1,1,2016,1,29,8,31,49.355
33,2,0,1,2016,1,29,8,31,51.914
34,2,1,1,2016,1,29,8,31,54.824
35,2,0,1,2016,1,29,8,31,55.851
36,2,0,1,2016,1,29,8,31,55.906
37,2,0,1,2016,1,29,8,31,57.768
38,2,1,1,2016,1,29,8,32,2.336
39,2,1,1,2016,1,29,8,32,36.173
40,2,0,1,2016,1,29,8,32,37.932
41,2,2,1,2016,1,29,8,32,42.926
42,2,0,1,2016,1,29,8,32,43.261
43,2,2,1,2016,1,29,8,32,52.943
44,2,1,1,2016,1,29,8,33,24.675
45,2,2,1,2016,1,29,8,33,29.441
46,1,1,1,2016,1,29,8,33,42.694
47,1,1,1,2016,1,29,8,33,49.678
48,1,0,1,2016,1,29,8,33,50.277
49,1,0,1,2016,1,29,8,33,51.11
50,1,1,1,2016,1,29,8,33,56.076
51,1,1,1,2016,1,29,8,35,15.348
52,1,1,1,2016,1,29,8,35,19.237
53,1,1,1,2016,1,29,8,37,48.343
54,2,2,1,2016,1,29,8,41,55.873
55,2,1,1,2016,1,29,8,42,5.65
56,2,1,1,2016,1,29,8,42,10.188
57,2,0,1,2016,1,29,8,42,10.879
58,2,1,1,2016,1,29,8,43,52.37
59,2,2,1,2016,1,29,8,43,55.414
60,2,2,1,2016,1,29,8,44,11.052
61,2,1,1,2016,1,29,8,44,36.182
62,2,0,1,2016,1,29,8,44,39.064
63,2,2,1,2016,1,29,8,44,43.985
64,2,1,1,2016,1,29,8,47,53.357
65,2,2,1,2016,1,29,8,47,59.164
66,2,2,1,2016,1,29,8,48,14.81
67,2,2,1,2016,1,29,8,54,4.628
68,2,1,1,2016,1,29,8,54,8.182
69,2,0,1,2016,1,29,8,54,8.873
70,2,0,1,2016,1,29,8,54,10.165
71,2,2,1,2016,1,29,8,54,11.543
72,2,1,1,2016,1,29,8,55,56.919
73,2,1,1,2016,1,29,8,56,6.122
74,2,2,1,2016,1,29,8,56,25.187
75,2,1,1,2016,1,29,8,58,15.318
76,2,1,1,2016,1,29,8,58,20.988
77,2,0,1,2016,1,29,8,58,23.223
78,2,1,1,2016,1,29,8,58,24.995
79,2,0,1,2016,1,29,8,58,26.032
80,2,0,1,2016,1,29,8,58,26.316
81,2,0,1,2016,1,29,8,58,26.653
82,2,1,1,2016,1,29,8,58,32.17
83,2,0,1,2016,1,29,8,58,32.668
84,2,1,1,2016,1,29,8,58,39.307
85,2,0,1,2016,1,29,8,58,43.684
86,2,0,1,2016,1,29,8,58,44.418
87,2,0,1,2016,1,29,8,58,45.535
88,2,0,1,2016,1,29,8,58,45.591
89,2,0,1,2016,1,29,8,59,47.291
90,2,0,1,2016,1,29,9,0,2.235
91,2,0,1,2016,1,29,9,0,3.469
92,2,0,1,2016,1,29,9,0,8.724
93,2,0,1,2016,1,29,9,1,39.893
94,2,0,1,2016,1,29,9,2,48.339
95,2,0,1,2016,1,29,9,9,4.052
96,2,0,1,2016,1,29,9,23,43.219
97,2,0,1,2016,1,29,9,24,48.673
98,2,0,1,2016,1,29,9,27,52.876
99,2,0,1,2016,1,29,9,27,54.561
100,2,0,1,2016,1,29,9,43,2.406
101,2,0,1,2016,1,29,10,3,43.814
102,2,0,1,2016,1,29,10,3,43.921
103,2,0,1,2016,1,29,10,17,1.304
104,2,0,1,2016,1,29,10,19,6.676
105,2,0,1,2016,1,29,10,19,8.506
106,2,0,1,2016,1,29,10,53,15.749
107,2,0,1,2016,1,29,11,4,53.805
108,2,0,1,2016,1,29,12,6,6.39
109,2,0,1,2016,1,29,12,6,11.884
110,2,0,1,2016,1,29,12,6,13.541
111,2,0,1,2016,1,29,12,20,33.252
112,2,0,1,2016,1,29,12,20,39.222
113,2,0,1,2016,1,29,12,20,44.825
114,2,0,1,2016,1,29,13,8,22.663
115,2,0,1,2016,1,29,13,8,24.347
116,2,0,1,2016,1,29,13,38,55.81
117,1,0,1,2016,1,29,13,56,15.25
118,1,0,1,2016,1,29,13,56,44.993
119,1,0,1,2016,1,29,13,58,10.121
120,1,0,1,2016,1,29,13,58,13.819
121,1,0,1,2016,1,29,13,58,27.222
122,2,0,1,2016,1,29,14,2,5.143
123,2,0,1,2016,1,29,14,2,6.207
124,2,0,1,2016,1,29,14,2,7.214
125,2,0,1,2016,1,29,14,2,18.528
126,2,0,1,2016,1,29,14,2,19.401
127,2,0,1,2016,1,29,14,2,23.731
128,2,0,1,2016,1,29,14,2,24.581
129,2,0,1,2016,1,29,14,2,25.837
130,2,0,1,2016,1,29,14,2,26.56
131,2,0,1,2016,1,29,14,2,27.848
132,2,0,1,2016,1,29,14,2,36.129
133,2,0,1,2016,1,29,14,2,51.53
134,2,0,1,2016,1,29,14,2,52.717
135,2,0,1,2016,1,29,14,2,54.049
136,2,0,1,2016,1,29,14,2,55.474
137,2,0,1,2016,1,29,14,2,57.844
138,2,0,1,2016,1,29,14,2,59.026
139,2,0,1,2016,1,29,14,3,0.501
140,2,0,1,2016,1,29,14,3,1.832
141,2,0,1,2016,1,29,14,3,3.112
142,2,0,1,2016,1,29,14,3,7.971
143,2,0,1,2016,1,29,14,3,8.644
144,2,0,1,2016,1,29,14,3,11.415
145,2,0,1,2016,1,29,14,3,12.443
146,2,0,1,2016,1,29,14,3,15.727
147,2,0,1,2016,1,29,14,3,16.88
148,2,0,1,2016,1,29,14,3,26.913
149,2,0,1,2016,1,29,14,3,44.851
150,2,0,1,2016,1,29,14,13,7.552
151,2,0,1,2016,1,29,14,18,9.333
152,1,0,1,2016,1,29,14,19,24.923
153,1,0,1,2016,1,29,14,19,26.173
154,1,0,1,2016,1,29,14,19,34.098
155,1,0,1,2016,1,29,14,19,34.788
156,1,0,1,2016,1,29,14,19,36.486
157,1,0,1,2016,1,29,14,19,39.357
158,1,0,1,2016,1,29,14,19,54.222
159,1,0,1,2016,1,29,14,23,55.297
160,1,0,1,2016,1,29,14,24,21.96
161,2,0,1,2016,1,29,14,26,55.852
162,2,0,1,2016,1,29,14,26,57.315
163,2,0,1,2016,1,29,14,27,18.816
164,2,0,1,2016,1,29,14,27,22.9
165,2,0,1,2016,1,29,14,27,24.681
166,2,0,1,2016,1,29,14,27,26.585
167,2,0,1,2016,1,29,14,27,27.001
168,2,0,1,2016,1,29,14,27,27.664
169,2,0,1,2016,1,29,15,57,1.708
170,1,0,1,2016,1,29,16,19,39.375
171,1,0,1,2016,1,29,16,19,47.994
172,2,0,1,2016,1,29,16,53,20.071
173,2,0,1,2016,1,29,16,53,24.41
174,2,0,1,2016,1,29,16,54,27.817
175,2,0,1,2016,1,29,16,54,29.855
176,1,0,1,2016,1,29,16,58,39.632
177,1,0,1,2016,1,29,16,58,47.529
178,1,0,1,2016,1,29,16,58,49.028
179,1,0,1,2016,1,29,16,59,49.545
180,1,0,1,2016,1,29,17,1,58.274
181,1,0,1,2016,1,29,17,2,0.282
182,1,0,1,2016,1,29,17,2,2.113
183,1,0,1,2016,1,29,17,2,3.355
184,1,0,1,2016,1,29,17,2,11.113
185,1,0,1,2016,1,29,17,2,17.653
186,2,0,1,2016,1,29,17,51,17.182
187,2,0,1,2016,1,29,17,51,31.417
188,2,0,1,2016,1,29,17,51,40.372
189,2,0,1,2016,1,29,17,51,43.044
190,2,0,1,2016,1,29,17,52,5.929
191,2,0,1,2016,1,29,17,52,10.847
192,2,0,1,2016,1,29,17,52,13.394
193,2,0,1,2016,1,29,17,52,42.731
194,2,0,1,2016,1,29,17,52,52.916
195,2,0,1,2016,1,29,17,52,56.977
196,2,0,1,2016,1,29,17,52,59.6
197,2,0,1,2016,1,29,17,53,6.472
