Var1_ 1,Var1_ 2,Var1_ 3,Var1_ 4,Var1_ 5,Var1_ 6,Var1_ 7,Var1_ 8,Var1_ 9,Var1_10
0,0,0,0,2016,3,12,8,5,30.831
1,1,1,1,2016,3,12,8,8,46.121
2,1,1,1,2016,3,12,8,9,37.701
3,1,0,1,2016,3,12,8,9,37.843
4,1,1,1,2016,3,12,8,9,42.33
5,1,2,1,2016,3,12,8,9,46.008
6,1,1,1,2016,3,12,8,9,49.81
7,1,0,1,2016,3,12,8,9,50.144
8,1,1,1,2016,3,12,8,9,54.125
9,1,0,1,2016,3,12,8,9,54.225
10,1,0,1,2016,3,12,8,9,54.357
11,1,1,1,2016,3,12,8,10,7.495
12,1,0,1,2016,3,12,8,10,7.607
13,1,1,1,2016,3,12,8,10,11.238
14,1,0,1,2016,3,12,8,10,11.448
15,1,1,1,2016,3,12,8,10,14.834
16,1,0,1,2016,3,12,8,10,15.025
17,1,1,1,2016,3,12,8,10,17.975
18,1,1,1,2016,3,12,8,10,21.354
19,1,0,1,2016,3,12,8,10,21.521
20,1,2,1,2016,3,12,8,10,24.505
21,1,2,1,2016,3,12,8,10,35.881
22,1,1,1,2016,3,12,8,10,38.988
23,1,0,1,2016,3,12,8,10,39.227
24,1,0,1,2016,3,12,8,10,39.372
25,1,0,1,2016,3,12,8,10,39.576
26,1,2,1,2016,3,12,8,10,42.921
27,1,0,1,2016,3,12,8,10,43.048
28,1,0,1,2016,3,12,8,10,43.203
29,1,2,1,2016,3,12,8,10,46.456
30,1,1,1,2016,3,12,8,10,58.017
31,1,0,1,2016,3,12,8,10,58.299
32,1,2,1,2016,3,12,8,11,5.398
33,1,1,1,2016,3,12,8,11,9.46
34,1,0,1,2016,3,12,8,11,9.758
35,1,1,1,2016,3,12,8,11,13.049
36,1,0,1,2016,3,12,8,11,13.415
37,1,0,1,2016,3,12,8,11,13.59
38,1,1,1,2016,3,12,8,11,19.1
39,1,0,1,2016,3,12,8,11,19.428
40,1,0,1,2016,3,12,8,11,19.604
41,1,1,1,2016,3,12,8,11,22.99
42,1,1,1,2016,3,12,8,11,49.144
43,1,1,1,2016,3,12,8,11,52.802
44,1,2,1,2016,3,12,8,12,10.112
45,1,0,1,2016,3,12,8,12,10.233
46,1,1,1,2016,3,12,8,12,16.404
47,1,0,1,2016,3,12,8,12,16.585
48,1,2,1,2016,3,12,8,12,20.088
49,1,2,1,2016,3,12,8,12,23.817
50,1,1,1,2016,3,12,8,12,27.851
51,1,2,1,2016,3,12,8,12,32.109
52,1,1,1,2016,3,12,8,12,37.059
53,1,0,1,2016,3,12,8,12,37.244
54,1,2,1,2016,3,12,8,13,24.498
55,1,2,1,2016,3,12,8,13,37.191
56,1,2,1,2016,3,12,8,13,40.667
57,1,0,1,2016,3,12,8,13,42.149
58,1,1,1,2016,3,12,8,13,47.136
59,1,2,1,2016,3,12,8,13,51.633
60,1,1,1,2016,3,12,8,14,51.332
61,1,1,1,2016,3,12,8,15,23.245
62,1,2,1,2016,3,12,8,15,26.958
63,1,2,1,2016,3,12,8,15,36.239
64,1,2,1,2016,3,12,8,16,4.825
65,1,0,1,2016,3,12,8,16,5.025
66,1,1,1,2016,3,12,8,16,36.282
67,1,1,1,2016,3,12,8,16,42.096
68,1,2,1,2016,3,12,8,17,21.741
69,1,2,1,2016,3,12,8,17,27.706
70,1,2,1,2016,3,12,8,17,31.631
71,1,1,1,2016,3,12,8,19,36.324
72,1,0,1,2016,3,12,8,19,36.691
73,1,0,1,2016,3,12,8,19,36.776
74,1,2,1,2016,3,12,8,19,46.527
75,1,0,1,2016,3,12,8,19,46.657
76,1,1,1,2016,3,12,8,19,49.891
77,1,1,1,2016,3,12,8,19,53.787
78,1,1,1,2016,3,12,8,19,58.025
79,1,2,1,2016,3,12,8,20,1.932
80,1,2,1,2016,3,12,8,20,28.986
81,1,0,1,2016,3,12,8,20,29.352
82,1,2,1,2016,3,12,8,20,35.632
83,1,2,1,2016,3,12,8,21,24.917
84,1,2,1,2016,3,12,8,22,13.576
85,1,2,1,2016,3,12,8,22,17.1
86,1,2,1,2016,3,12,8,22,45.751
87,1,0,1,2016,3,12,8,22,48.753
88,1,2,1,2016,3,12,8,22,56.844
89,1,2,1,2016,3,12,8,23,12.347
90,1,0,1,2016,3,12,8,23,29.983
91,1,0,1,2016,3,12,8,23,30.387
92,1,0,1,2016,3,12,8,23,30.604
93,1,0,1,2016,3,12,8,23,31.79
94,1,0,1,2016,3,12,8,23,34.125
95,1,0,1,2016,3,12,8,23,34.31
96,1,0,1,2016,3,12,8,23,34.429
97,1,0,1,2016,3,12,8,23,48.736
98,1,0,1,2016,3,12,8,23,59.643
99,1,0,1,2016,3,12,8,24,0.372
100,1,0,1,2016,3,12,8,24,0.463
101,1,0,1,2016,3,12,8,24,2.608
102,1,0,1,2016,3,12,8,24,3.598
103,1,0,1,2016,3,12,8,24,5.426
104,1,0,1,2016,3,12,8,24,9.012
105,1,0,1,2016,3,12,8,24,10.247
106,1,0,1,2016,3,12,8,24,11.282
107,1,0,1,2016,3,12,8,24,12.612
108,1,0,1,2016,3,12,8,56,50.152
109,1,0,1,2016,3,12,8,57,54.752
110,1,0,1,2016,3,12,8,59,51.439
111,2,0,1,2016,3,12,11,11,27.746
112,2,0,1,2016,3,12,11,11,28.608
113,2,0,1,2016,3,12,11,11,29.444
114,2,0,1,2016,3,12,11,11,30.329
115,2,0,1,2016,3,12,11,11,31.123
116,2,0,1,2016,3,12,11,11,34.296
117,2,0,1,2016,3,12,11,11,36.684
118,2,0,1,2016,3,12,11,11,37.836
119,2,0,1,2016,3,12,11,11,38.667
120,2,0,1,2016,3,12,11,11,44.345
121,2,0,1,2016,3,12,11,11,45.712
122,2,0,1,2016,3,12,11,11,46.406
123,2,0,1,2016,3,12,11,11,47.377
124,2,0,1,2016,3,12,11,11,49.203
125,2,0,1,2016,3,12,11,11,58.047
126,2,0,1,2016,3,12,11,12,1.428
127,2,0,1,2016,3,12,11,12,2.729
128,2,0,1,2016,3,12,11,12,3.983
129,2,0,1,2016,3,12,11,12,5.32
130,2,0,1,2016,3,12,11,12,28.253
131,2,0,1,2016,3,12,11,12,35.223
132,2,0,1,2016,3,12,11,12,35.941
133,2,0,1,2016,3,12,11,12,36.746
134,2,0,1,2016,3,12,11,12,37.893
135,2,0,1,2016,3,12,11,12,38.732
136,2,0,1,2016,3,12,11,12,39.502
137,2,0,1,2016,3,12,11,12,59.807
138,2,0,1,2016,3,12,11,13,0.925
139,2,0,1,2016,3,12,11,13,1.728
140,2,0,1,2016,3,12,11,13,2.706
141,2,0,1,2016,3,12,11,13,8.581
142,2,0,1,2016,3,12,11,13,9.457
143,2,0,1,2016,3,12,11,13,20.263
144,2,0,1,2016,3,12,11,13,21.368
145,2,0,1,2016,3,12,11,13,22.209
146,2,0,1,2016,3,12,11,13,23.062
147,2,0,1,2016,3,12,11,13,23.931
148,2,0,1,2016,3,12,11,13,24.821
149,2,0,1,2016,3,12,11,13,25.601
150,2,0,1,2016,3,12,11,13,26.601
151,2,0,1,2016,3,12,11,13,27.552
152,2,0,1,2016,3,12,11,13,28.174
153,2,0,1,2016,3,12,11,13,29.852
154,2,0,1,2016,3,12,12,29,18.448
155,2,0,1,2016,3,12,12,29,19.481
156,2,0,1,2016,3,12,12,29,34.093
157,2,0,1,2016,3,12,12,29,35.242
158,2,0,1,2016,3,12,12,29,35.916
159,2,0,1,2016,3,12,12,29,36.74
160,2,0,1,2016,3,12,12,29,38.557
161,2,0,1,2016,3,12,12,33,28.808
162,2,0,1,2016,3,12,12,33,29.412
163,2,0,1,2016,3,12,12,33,30.489
164,2,0,1,2016,3,12,12,33,31.458
165,2,0,1,2016,3,12,12,33,32.264
166,2,0,1,2016,3,12,12,33,32.949
167,2,0,1,2016,3,12,13,2,46.041
168,1,0,1,2016,3,12,13,31,25.476
169,1,0,1,2016,3,12,13,31,26.21
170,1,0,1,2016,3,12,13,31,26.996
171,1,0,1,2016,3,12,13,31,33.506
172,1,0,1,2016,3,12,13,31,34.451
173,1,0,1,2016,3,12,13,31,37.117
174,2,0,1,2016,3,12,14,13,37.899
175,2,0,1,2016,3,12,14,13,39.092
176,2,0,1,2016,3,12,14,13,39.983
177,2,0,1,2016,3,12,14,13,41.037
178,2,0,1,2016,3,12,14,14,6.049
179,2,0,1,2016,3,12,14,14,6.917
180,2,0,1,2016,3,12,14,14,8.723
181,2,0,1,2016,3,12,14,14,9.536
182,2,0,1,2016,3,12,14,14,10.367
183,2,0,1,2016,3,12,14,14,11.967
184,2,0,1,2016,3,12,14,14,12.854
185,2,0,1,2016,3,12,14,14,14.178
186,2,0,1,2016,3,12,14,14,14.931
187,2,0,1,2016,3,12,14,14,24.423
188,2,0,1,2016,3,12,14,14,25.227
189,2,0,1,2016,3,12,14,14,25.955
190,2,0,1,2016,3,12,14,14,26.802
191,2,0,1,2016,3,12,14,14,27.569
192,2,0,1,2016,3,12,14,14,28.67
193,2,0,1,2016,3,12,14,14,29.786
194,2,0,1,2016,3,12,14,14,30.212
195,2,0,1,2016,3,12,14,14,30.337
196,2,0,1,2016,3,12,14,14,31.984
197,2,0,1,2016,3,12,14,14,38.251
198,2,0,1,2016,3,12,14,14,39.251
199,2,0,1,2016,3,12,14,14,40.427
200,2,0,1,2016,3,12,14,14,41.449
201,2,0,1,2016,3,12,14,14,42.31
202,2,0,1,2016,3,12,14,14,54.287
203,2,0,1,2016,3,12,14,14,55.452
204,2,0,1,2016,3,12,14,14,56.259
205,2,0,1,2016,3,12,14,14,57.04
206,2,0,1,2016,3,12,14,14,57.918
207,2,0,1,2016,3,12,14,14,58.759
208,2,0,1,2016,3,12,14,15,0.782
209,1,0,1,2016,3,12,14,35,18.347
210,1,0,1,2016,3,12,14,35,18.558
211,1,0,1,2016,3,12,14,35,19.921
212,1,0,1,2016,3,12,14,35,22.617
213,1,0,1,2016,3,12,14,35,24.312
214,1,0,1,2016,3,12,14,35,32.516
215,1,0,1,2016,3,12,14,48,24.046
216,1,0,1,2016,3,12,14,48,24.341
217,1,0,1,2016,3,12,14,48,24.523
218,1,0,1,2016,3,12,14,48,24.773
219,1,0,1,2016,3,12,14,51,4.791
220,1,0,1,2016,3,12,14,51,13.25
221,1,0,1,2016,3,12,14,51,16.336
222,1,0,1,2016,3,12,14,51,16.964
223,1,0,1,2016,3,12,14,51,27.341
224,1,0,1,2016,3,12,14,51,33.396
225,1,0,1,2016,3,12,14,51,34.321
226,1,0,1,2016,3,12,14,51,34.397
227,1,0,1,2016,3,12,14,51,34.672
228,1,0,1,2016,3,12,14,51,35.077
229,1,0,1,2016,3,12,14,51,35.376
230,1,0,1,2016,3,12,14,51,35.561
231,1,0,1,2016,3,12,14,51,36.021
232,2,0,1,2016,3,12,15,9,17.318
233,2,0,1,2016,3,12,15,9,17.384
234,2,0,1,2016,3,12,15,44,39.238
235,2,0,1,2016,3,12,15,44,41.014
236,2,0,1,2016,3,12,15,44,52.052
237,2,0,1,2016,3,12,15,44,53.391
238,2,0,1,2016,3,12,15,45,45.901
239,2,0,1,2016,3,12,15,45,49.737
240,2,0,1,2016,3,12,15,45,50.885
241,2,0,1,2016,3,12,15,54,6.67
242,2,0,1,2016,3,12,15,54,16.642
243,2,0,1,2016,3,12,15,54,19.757
244,2,0,1,2016,3,12,15,58,28.521
245,2,0,1,2016,3,12,15,58,30.126
246,2,0,1,2016,3,12,15,58,34.573
247,2,0,1,2016,3,12,15,58,36.267
248,2,0,1,2016,3,12,15,58,38.721
249,2,0,1,2016,3,12,15,58,39.419
250,2,0,1,2016,3,12,15,58,42.046
251,2,0,1,2016,3,12,15,59,15.652
252,2,0,1,2016,3,12,15,59,15.871
253,2,0,1,2016,3,12,15,59,25.298
254,2,0,1,2016,3,12,15,59,26.437
255,2,0,1,2016,3,12,15,59,31.401
256,2,0,1,2016,3,12,15,59,36.992
257,2,0,1,2016,3,12,16,0,5.362
258,2,0,1,2016,3,12,16,0,12.136
259,2,0,1,2016,3,12,16,0,29.086
260,2,0,1,2016,3,12,16,0,30.336
261,2,0,1,2016,3,12,16,0,31.581
262,2,0,1,2016,3,12,16,0,31.636
263,2,0,1,2016,3,12,16,7,52.917
264,2,0,1,2016,3,12,16,7,56.477
265,2,0,1,2016,3,12,16,8,3.966
266,2,0,1,2016,3,12,16,8,34.746
267,2,0,1,2016,3,12,16,8,36.426
268,2,0,1,2016,3,12,16,8,38.024
269,2,0,1,2016,3,12,16,8,38.777
270,2,0,1,2016,3,12,16,8,49.617
271,2,0,1,2016,3,12,16,8,54.578
272,2,0,1,2016,3,12,16,9,7.694
273,2,0,1,2016,3,12,16,9,8.078
274,2,0,1,2016,3,12,16,9,8.172
275,2,0,1,2016,3,12,16,9,20.634
276,2,0,1,2016,3,12,16,9,21.847
277,1,0,1,2016,3,12,16,10,14.248
278,1,0,1,2016,3,12,16,10,15.591
279,1,0,1,2016,3,12,16,10,16.091
280,1,0,1,2016,3,12,16,10,16.973
281,1,0,1,2016,3,12,16,10,18.223
282,1,0,1,2016,3,12,16,10,20.684
283,1,0,1,2016,3,12,16,10,22.024
284,1,0,1,2016,3,12,16,10,28.628
285,1,0,1,2016,3,12,16,10,29.558
286,1,0,1,2016,3,12,16,10,32.312
287,1,0,1,2016,3,12,16,10,33.416
288,1,0,1,2016,3,12,16,10,34.744
289,1,0,1,2016,3,12,16,10,36.184
290,1,0,1,2016,3,12,16,10,37.258
291,1,0,1,2016,3,12,16,10,40.617
292,1,0,1,2016,3,12,16,10,42.261
293,1,0,1,2016,3,12,16,10,44.874
294,1,0,1,2016,3,12,16,10,52.458
295,1,0,1,2016,3,12,16,10,52.921
296,1,0,1,2016,3,12,16,10,53.857
297,1,0,1,2016,3,12,16,10,55.113
298,1,0,1,2016,3,12,16,10,58.381
299,1,0,1,2016,3,12,16,10,59.52
300,1,0,1,2016,3,12,16,11,6.663
301,1,0,1,2016,3,12,16,11,13.687
302,1,0,1,2016,3,12,16,11,14.774
303,1,0,1,2016,3,12,16,11,16.092
304,1,0,1,2016,3,12,16,11,17.267
305,1,0,1,2016,3,12,16,11,18.155
306,1,0,1,2016,3,12,16,11,18.956
307,1,0,1,2016,3,12,16,11,20.568
308,1,0,1,2016,3,12,16,11,24.176
309,1,0,1,2016,3,12,16,11,25.907
310,1,0,1,2016,3,12,16,11,26.647
311,1,0,1,2016,3,12,16,11,27.932
312,1,0,1,2016,3,12,16,11,29.561
313,1,0,1,2016,3,12,16,11,30.212
314,1,0,1,2016,3,12,16,11,31.224
315,1,0,1,2016,3,12,16,11,32.657
316,1,0,1,2016,3,12,16,11,36.366
317,1,0,1,2016,3,12,16,11,40.122
318,1,0,1,2016,3,12,16,11,41.654
319,1,0,1,2016,3,12,16,11,42.569
320,1,0,1,2016,3,12,16,11,43.42
321,1,0,1,2016,3,12,16,11,44.602
322,1,0,1,2016,3,12,16,11,45.475
323,1,0,1,2016,3,12,16,11,48.107
324,1,0,1,2016,3,12,16,11,49.151
325,1,0,1,2016,3,12,16,11,50.141
326,1,0,1,2016,3,12,16,11,53.996
327,1,0,1,2016,3,12,16,11,56.303
328,1,0,1,2016,3,12,16,11,57.402
329,1,0,1,2016,3,12,16,11,58.627
330,1,0,1,2016,3,12,16,12,2.082
331,1,0,1,2016,3,12,16,12,3.214
332,1,0,1,2016,3,12,16,12,8.777
333,1,0,1,2016,3,12,16,12,9.782
334,1,0,1,2016,3,12,16,12,11.354
335,1,0,1,2016,3,12,16,12,13.924
336,1,0,1,2016,3,12,16,12,14.993
337,1,0,1,2016,3,12,16,12,15.438
338,1,0,1,2016,3,12,16,12,33.087
339,1,0,1,2016,3,12,16,12,34.057
340,1,0,1,2016,3,12,16,12,34.342
341,1,0,1,2016,3,12,16,12,35.067
342,1,0,1,2016,3,12,16,14,41.937
343,1,0,1,2016,3,12,16,14,42.195
344,1,0,1,2016,3,12,16,14,42.311
345,1,0,1,2016,3,12,16,14,43.991
346,1,0,1,2016,3,12,16,14,44.991
347,1,0,1,2016,3,12,16,14,48.643
348,2,0,1,2016,3,12,16,14,59.421
349,2,0,1,2016,3,12,16,19,45.261
350,2,0,1,2016,3,12,16,19,45.748
351,2,0,1,2016,3,12,16,19,49.388
352,2,0,1,2016,3,12,16,19,59.707
353,2,0,1,2016,3,12,16,20,36.722
354,2,0,1,2016,3,12,16,21,33.715
355,2,0,1,2016,3,12,16,27,17.868
356,2,0,1,2016,3,12,16,27,21.787
357,2,0,1,2016,3,12,16,27,32.231
358,2,0,1,2016,3,12,16,33,17.718
359,2,0,1,2016,3,12,16,33,25.277
360,1,0,1,2016,3,12,17,21,50.738
361,1,0,1,2016,3,12,17,21,53.905
362,1,0,1,2016,3,12,17,33,8.042
