Var1_ 1,Var1_ 2,Var1_ 3,Var1_ 4,Var1_ 5,Var1_ 6,Var1_ 7,Var1_ 8,Var1_ 9,Var1_10
0,0,0,0,2016,1,30,8,5,20.915
1,1,1,1,2016,1,30,8,9,45.865
2,1,1,1,2016,1,30,8,10,29.112
3,1,1,1,2016,1,30,8,10,33.901
4,1,2,1,2016,1,30,8,12,17.866
5,1,1,1,2016,1,30,8,32,58.139
6,1,1,1,2016,1,30,8,33,44.897
7,2,2,1,2016,1,30,9,10,11.611
8,2,2,1,2016,1,30,10,28,22.875
9,2,2,1,2016,1,30,10,28,45.038
10,2,2,1,2016,1,30,10,29,27.698
11,2,1,1,2016,1,30,10,29,46.366
12,2,0,1,2016,1,30,10,29,48.479
13,2,2,1,2016,1,30,10,29,50.475
14,2,2,1,2016,1,30,10,30,7.78
15,2,1,1,2016,1,30,10,30,23.728
16,2,0,1,2016,1,30,10,30,25.393
17,2,0,1,2016,1,30,10,30,26.465
18,2,2,1,2016,1,30,10,31,39.799
19,2,2,1,2016,1,30,10,32,39.427
20,2,2,1,2016,1,30,10,33,15.116
21,2,1,1,2016,1,30,10,33,31.377
22,2,2,1,2016,1,30,10,33,34.755
23,2,1,1,2016,1,30,10,33,58.311
24,2,0,1,2016,1,30,10,33,59.67
25,2,0,1,2016,1,30,10,34,0.22
26,2,0,1,2016,1,30,10,34,1.2
27,2,2,1,2016,1,30,10,34,2.417
28,2,1,1,2016,1,30,10,35,27.941
29,2,2,1,2016,1,30,11,11,31.398
30,2,2,1,2016,1,30,11,11,41.934
31,2,2,1,2016,1,30,11,11,52.186
32,2,2,1,2016,1,30,11,12,58.105
33,2,2,1,2016,1,30,11,13,8.255
34,2,1,1,2016,1,30,11,13,16.023
35,2,0,1,2016,1,30,11,13,18.094
36,2,2,1,2016,1,30,11,13,32.776
37,2,2,1,2016,1,30,11,13,46.667
38,2,1,1,2016,1,30,11,22,23.378
39,2,1,1,2016,1,30,11,22,35.251
40,2,0,1,2016,1,30,11,22,37.498
41,2,1,1,2016,1,30,11,22,43.097
42,2,1,1,2016,1,30,11,23,18.078
43,2,0,1,2016,1,30,11,23,19.879
44,2,2,1,2016,1,30,11,23,23.273
45,2,2,1,2016,1,30,11,23,35.306
46,2,1,1,2016,1,30,11,24,3.321
47,2,0,1,2016,1,30,11,24,5.093
48,2,2,1,2016,1,30,11,24,17.356
49,2,1,1,2016,1,30,11,24,24.592
50,2,0,1,2016,1,30,11,24,27.521
51,2,2,1,2016,1,30,11,24,35.711
52,2,2,1,2016,1,30,11,24,59.868
53,2,2,1,2016,1,30,11,25,10.656
54,2,1,1,2016,1,30,11,30,58.651
55,2,2,1,2016,1,30,11,31,5.697
56,2,0,1,2016,1,30,11,31,6.462
57,2,1,1,2016,1,30,11,33,23.065
58,2,1,1,2016,1,30,11,37,58.379
59,2,2,1,2016,1,30,11,38,9.577
60,2,0,1,2016,1,30,11,38,11.721
61,2,2,1,2016,1,30,11,38,16.267
62,2,1,1,2016,1,30,11,38,27.33
63,2,0,1,2016,1,30,11,38,29.252
64,2,0,1,2016,1,30,11,38,29.592
65,2,2,1,2016,1,30,11,38,38.005
66,2,1,1,2016,1,30,11,40,21.611
67,2,2,1,2016,1,30,11,41,5.776
68,2,1,1,2016,1,30,11,41,15.996
69,2,1,1,2016,1,30,11,41,19.063
70,2,0,1,2016,1,30,11,41,21.723
71,2,1,1,2016,1,30,11,41,22.943
72,2,1,1,2016,1,30,11,41,32.899
73,2,1,1,2016,1,30,11,41,46.571
74,2,0,1,2016,1,30,11,41,47.192
75,2,1,1,2016,1,30,11,41,57.53
76,2,1,1,2016,1,30,11,42,10.003
77,2,1,1,2016,1,30,11,42,21.677
78,2,0,1,2016,1,30,11,42,23.72
79,2,0,1,2016,1,30,11,42,26.113
80,2,0,1,2016,1,30,11,42,26.169
81,2,0,1,2016,1,30,11,42,46.299
82,2,0,1,2016,1,30,11,43,26.026
83,2,0,1,2016,1,30,11,44,7.311
84,2,0,1,2016,1,30,11,44,7.352
85,2,0,1,2016,1,30,11,44,28.87
86,2,0,1,2016,1,30,11,44,39.029
87,2,0,1,2016,1,30,11,45,10.017
88,2,0,1,2016,1,30,11,45,39.393
89,2,0,1,2016,1,30,11,48,52.423
90,2,0,1,2016,1,30,11,49,59.245
91,2,0,1,2016,1,30,11,50,13.026
92,2,0,1,2016,1,30,11,50,18.838
93,2,0,1,2016,1,30,11,50,22.506
94,2,0,1,2016,1,30,11,50,40.044
95,2,0,1,2016,1,30,11,50,55.653
96,2,0,1,2016,1,30,11,51,13.641
97,2,0,1,2016,1,30,11,51,38.98
98,2,0,1,2016,1,30,11,52,8.675
99,2,0,1,2016,1,30,11,52,8.759
100,2,0,1,2016,1,30,11,52,51.228
101,2,0,1,2016,1,30,11,53,10.618
102,2,0,1,2016,1,30,11,53,36.571
103,2,0,1,2016,1,30,11,54,14.031
104,2,0,1,2016,1,30,11,55,13.466
105,2,0,1,2016,1,30,11,55,18.027
106,2,0,1,2016,1,30,12,1,20.044
107,1,0,1,2016,1,30,12,16,34.35
108,2,0,1,2016,1,30,12,19,1.412
109,2,0,1,2016,1,30,12,19,28.655
110,2,0,1,2016,1,30,12,19,45.405
111,2,0,1,2016,1,30,12,20,4.764
112,2,0,1,2016,1,30,12,20,4.811
113,2,0,1,2016,1,30,12,20,9.642
114,2,0,1,2016,1,30,12,20,21.741
115,2,0,1,2016,1,30,12,21,13.276
116,2,0,1,2016,1,30,12,21,15.327
117,2,0,1,2016,1,30,12,21,20.692
118,2,0,1,2016,1,30,12,22,38.062
119,2,0,1,2016,1,30,12,22,40.159
120,2,0,1,2016,1,30,12,22,41.637
121,2,0,1,2016,1,30,12,22,42.944
122,2,0,1,2016,1,30,12,22,51.711
123,2,0,1,2016,1,30,12,23,2.127
124,2,0,1,2016,1,30,12,23,47.232
125,2,0,1,2016,1,30,12,24,15.402
126,2,0,1,2016,1,30,12,27,43.517
127,2,0,1,2016,1,30,12,27,57.77
128,2,0,1,2016,1,30,12,28,6.867
129,2,0,1,2016,1,30,12,28,49.44
130,2,0,1,2016,1,30,12,35,44.647
131,2,0,1,2016,1,30,12,49,15.864
132,2,0,1,2016,1,30,13,4,41.234
133,2,0,1,2016,1,30,13,20,27.689
134,2,0,1,2016,1,30,13,20,44.261
135,2,0,1,2016,1,30,13,21,8.079
136,2,0,1,2016,1,30,13,21,29.45
137,2,0,1,2016,1,30,13,21,29.491
138,2,0,1,2016,1,30,13,22,9.443
139,2,0,1,2016,1,30,13,48,55.089
140,1,0,1,2016,1,30,13,54,4.216
141,1,0,1,2016,1,30,13,54,10.572
142,2,0,1,2016,1,30,14,8,49.511
143,2,0,1,2016,1,30,14,28,50.921
144,2,0,1,2016,1,30,14,28,51.573
145,2,0,1,2016,1,30,14,28,53.036
146,2,0,1,2016,1,30,14,29,5.365
147,2,0,1,2016,1,30,14,29,6.743
148,2,0,1,2016,1,30,14,29,7.908
149,2,0,1,2016,1,30,14,29,8.661
150,2,0,1,2016,1,30,14,29,12.476
151,2,0,1,2016,1,30,14,29,29.182
152,2,0,1,2016,1,30,14,29,30.221
153,2,0,1,2016,1,30,14,29,31.119
154,2,0,1,2016,1,30,14,29,31.475
155,2,0,1,2016,1,30,14,29,33.884
156,2,0,1,2016,1,30,14,29,38.991
157,2,0,1,2016,1,30,14,37,6.048
158,2,0,1,2016,1,30,14,38,56.047
159,2,0,1,2016,1,30,14,38,57.123
160,2,0,1,2016,1,30,14,39,7.944
161,2,0,1,2016,1,30,14,39,7.996
162,2,0,1,2016,1,30,14,39,9.169
163,2,0,1,2016,1,30,14,39,10.384
164,2,0,1,2016,1,30,14,39,14.034
165,2,0,1,2016,1,30,14,39,23.56
166,1,0,1,2016,1,30,15,29,20.095
167,2,0,1,2016,1,30,15,30,13.544
168,2,0,1,2016,1,30,15,36,44.12
169,2,0,1,2016,1,30,15,36,44.881
170,2,0,1,2016,1,30,15,37,23.092
171,2,0,1,2016,1,30,15,37,50.912
172,2,0,1,2016,1,30,15,38,11.444
173,2,0,1,2016,1,30,15,38,13.358
174,2,0,1,2016,1,30,15,38,14.424
175,2,0,1,2016,1,30,15,38,16.362
176,2,0,1,2016,1,30,15,38,27.694
177,2,0,1,2016,1,30,15,38,29.063
178,2,0,1,2016,1,30,15,38,33.218
179,2,0,1,2016,1,30,15,38,38.104
180,2,0,1,2016,1,30,15,38,42.55
181,2,0,1,2016,1,30,15,38,51.557
182,2,0,1,2016,1,30,15,39,6.893
183,2,0,1,2016,1,30,15,39,12.669
184,2,0,1,2016,1,30,15,39,23.279
185,2,0,1,2016,1,30,15,39,26.867
186,2,0,1,2016,1,30,15,39,27.965
187,2,0,1,2016,1,30,15,39,28.049
188,2,0,1,2016,1,30,15,39,29.469
189,2,0,1,2016,1,30,15,39,30.415
190,2,0,1,2016,1,30,15,40,13.119
191,1,0,1,2016,1,30,15,50,7.778
192,1,0,1,2016,1,30,15,50,12.724
193,2,0,1,2016,1,30,16,3,20.749
194,2,0,1,2016,1,30,16,23,16.984
195,2,0,1,2016,1,30,16,23,21.294
196,2,0,1,2016,1,30,16,23,55.036
197,2,0,1,2016,1,30,16,23,55.782
198,2,0,1,2016,1,30,16,23,56.539
199,2,0,1,2016,1,30,16,24,0.597
200,2,0,1,2016,1,30,16,25,28.569
201,2,0,1,2016,1,30,16,25,43.623
202,2,0,1,2016,1,30,16,25,45.901
203,2,0,1,2016,1,30,16,25,46.262
204,2,0,1,2016,1,30,16,25,46.621
205,2,0,1,2016,1,30,16,26,4.803
206,2,0,1,2016,1,30,16,26,8.394
207,2,0,1,2016,1,30,16,26,12.021
208,2,0,1,2016,1,30,16,26,12.256
209,2,0,1,2016,1,30,16,26,14.136
210,2,0,1,2016,1,30,16,29,51.532
211,2,0,1,2016,1,30,16,30,5.546
212,2,0,1,2016,1,30,16,30,15.368
213,2,0,1,2016,1,30,16,35,18.451
214,1,0,1,2016,1,30,16,35,54.699
215,1,0,1,2016,1,30,16,35,57.256
216,1,0,1,2016,1,30,16,35,57.914
217,2,0,1,2016,1,30,16,39,43.345
218,2,0,1,2016,1,30,16,39,46.437
219,2,0,1,2016,1,30,16,39,47.552
220,2,0,1,2016,1,30,16,39,49.37
221,2,0,1,2016,1,30,16,39,51.288
222,2,0,1,2016,1,30,16,41,1.339
223,2,0,1,2016,1,30,16,41,2.416
224,2,0,1,2016,1,30,16,41,4.087
225,2,0,1,2016,1,30,16,41,4.894
226,2,0,1,2016,1,30,16,41,7.038
227,2,0,1,2016,1,30,16,41,8.963
228,2,0,1,2016,1,30,16,41,11.713
229,2,0,1,2016,1,30,16,41,14.828
230,2,0,1,2016,1,30,16,41,17.439
231,2,0,1,2016,1,30,16,41,19.267
232,2,0,1,2016,1,30,16,41,22.872
233,2,0,1,2016,1,30,16,41,25.254
234,2,0,1,2016,1,30,16,41,26.384
235,2,0,1,2016,1,30,16,41,28.462
236,2,0,1,2016,1,30,16,41,48.061
237,2,0,1,2016,1,30,16,41,49.37
238,2,0,1,2016,1,30,16,41,58.151
239,2,0,1,2016,1,30,16,41,58.878
240,2,0,1,2016,1,30,16,42,6.612
241,2,0,1,2016,1,30,16,42,8.866
242,2,0,1,2016,1,30,16,42,9.966
243,2,0,1,2016,1,30,16,42,13.709
244,2,0,1,2016,1,30,16,42,15.487
245,2,0,1,2016,1,30,16,42,16.557
246,2,0,1,2016,1,30,16,42,37.071
247,2,0,1,2016,1,30,16,42,38.175
248,2,0,1,2016,1,30,16,42,40.805
249,2,0,1,2016,1,30,16,42,42.247
250,2,0,1,2016,1,30,16,42,44.238
251,2,0,1,2016,1,30,16,42,45.893
252,2,0,1,2016,1,30,16,42,52.871
253,2,0,1,2016,1,30,16,42,53.782
254,2,0,1,2016,1,30,16,43,4.894
255,2,0,1,2016,1,30,16,43,27.014
256,2,0,1,2016,1,30,16,43,27.93
257,2,0,1,2016,1,30,16,43,29.036
258,2,0,1,2016,1,30,16,43,29.811
259,2,0,1,2016,1,30,16,43,44.985
260,2,0,1,2016,1,30,16,43,45.656
261,2,0,1,2016,1,30,16,43,47.72
262,2,0,1,2016,1,30,16,43,48.84
263,2,0,1,2016,1,30,16,43,54.78
264,2,0,1,2016,1,30,16,43,56.375
265,2,0,1,2016,1,30,16,43,58.106
266,2,0,1,2016,1,30,16,44,9.406
267,2,0,1,2016,1,30,16,44,11.322
268,2,0,1,2016,1,30,16,44,12.083
269,2,0,1,2016,1,30,16,44,12.766
270,2,0,1,2016,1,30,16,44,14.34
271,2,0,1,2016,1,30,16,44,17.925
272,2,0,1,2016,1,30,16,44,18.844
273,2,0,1,2016,1,30,16,44,19.498
274,2,0,1,2016,1,30,16,44,20.686
275,2,0,1,2016,1,30,16,44,21.461
276,2,0,1,2016,1,30,16,44,22.372
277,2,0,1,2016,1,30,16,44,24.195
278,2,0,1,2016,1,30,16,44,26.595
279,2,0,1,2016,1,30,16,44,28.628
280,2,0,1,2016,1,30,16,44,29.493
281,2,0,1,2016,1,30,16,44,35.611
282,2,0,1,2016,1,30,16,44,37.164
283,2,0,1,2016,1,30,16,44,38.942
284,2,0,1,2016,1,30,16,44,39.664
285,2,0,1,2016,1,30,16,44,45.021
286,2,0,1,2016,1,30,16,44,46.612
287,2,0,1,2016,1,30,16,44,47.516
288,2,0,1,2016,1,30,16,44,54.438
289,2,0,1,2016,1,30,16,44,55.271
290,2,0,1,2016,1,30,16,44,56.259
291,2,0,1,2016,1,30,16,44,57.494
292,2,0,1,2016,1,30,16,44,58.215
293,2,0,1,2016,1,30,16,44,59.659
294,2,0,1,2016,1,30,16,45,3.521
295,2,0,1,2016,1,30,16,45,4.994
296,2,0,1,2016,1,30,16,45,5.892
297,2,0,1,2016,1,30,16,45,26.343
298,2,0,1,2016,1,30,16,45,39.751
299,2,0,1,2016,1,30,16,45,54.566
300,2,0,1,2016,1,30,16,46,16.227
301,2,0,1,2016,1,30,16,46,27.353
302,2,0,1,2016,1,30,16,46,34.472
303,2,0,1,2016,1,30,16,46,37.914
304,2,0,1,2016,1,30,16,46,58.838
305,2,0,1,2016,1,30,17,5,1.243
306,2,0,1,2016,1,30,17,27,3.18
307,2,0,1,2016,1,30,17,27,6.322
308,2,0,1,2016,1,30,17,27,9.576
