Var1_ 1,Var1_ 2,Var1_ 3,Var1_ 4,Var1_ 5,Var1_ 6,Var1_ 7,Var1_ 8,Var1_ 9,Var1_10
0,0,0,0,2016,2,4,8,5,26.011
1,1,1,1,2016,2,4,8,6,22.695
2,2,2,1,2016,2,4,8,16,42.488
3,2,2,1,2016,2,4,8,18,2.286
4,2,0,1,2016,2,4,8,18,3.293
5,2,2,1,2016,2,4,8,18,22.768
6,2,2,1,2016,2,4,8,18,38.414
7,2,1,1,2016,2,4,8,21,55.74
8,2,2,1,2016,2,4,8,22,43.032
9,2,0,1,2016,2,4,8,22,45.757
10,2,2,1,2016,2,4,8,24,23.078
11,2,1,1,2016,2,4,8,24,45.936
12,2,2,1,2016,2,4,8,28,27.852
13,2,2,1,2016,2,4,8,28,42.696
14,2,2,1,2016,2,4,8,30,8.293
15,2,0,1,2016,2,4,8,30,9.487
16,2,1,1,2016,2,4,8,32,1.461
17,2,2,1,2016,2,4,8,44,45.68
18,2,1,1,2016,2,4,8,45,56.428
19,2,2,1,2016,2,4,8,47,47.77
20,2,0,1,2016,2,4,8,47,48.794
21,2,0,1,2016,2,4,8,47,49.532
22,2,1,1,2016,2,4,8,47,58.974
23,2,2,1,2016,2,4,8,49,9.3
24,2,2,1,2016,2,4,8,49,52.034
25,2,0,1,2016,2,4,8,49,53.279
26,2,0,1,2016,2,4,8,49,53.907
27,2,2,1,2016,2,4,8,51,53.647
28,2,2,1,2016,2,4,8,52,25.233
29,2,0,1,2016,2,4,8,52,26.379
30,1,1,1,2016,2,4,8,52,46.18
31,2,2,1,2016,2,4,8,54,49.038
32,2,1,1,2016,2,4,8,56,58.647
33,2,2,1,2016,2,4,8,57,10.867
34,2,1,1,2016,2,4,8,58,16.246
35,2,2,1,2016,2,4,8,58,27.448
36,2,0,1,2016,2,4,8,58,27.495
37,2,2,1,2016,2,4,8,58,30.724
38,2,2,1,2016,2,4,8,59,7.746
39,2,2,1,2016,2,4,8,59,19.682
40,2,2,1,2016,2,4,8,59,43.14
41,2,1,1,2016,2,4,9,1,55.118
42,2,2,1,2016,2,4,9,2,11.501
43,2,2,1,2016,2,4,9,2,21.544
44,2,1,1,2016,2,4,9,5,52.74
45,2,1,1,2016,2,4,9,6,16.002
46,1,1,1,2016,2,4,9,10,16.728
47,1,1,1,2016,2,4,9,10,51.654
48,2,2,1,2016,2,4,9,12,59.363
49,2,1,1,2016,2,4,9,13,11.16
50,2,1,1,2016,2,4,9,13,33.144
51,2,1,1,2016,2,4,9,13,55.006
52,2,2,1,2016,2,4,9,14,6.057
53,2,0,1,2016,2,4,9,14,7.222
54,2,2,1,2016,2,4,9,14,55.534
55,2,0,1,2016,2,4,9,14,57.404
56,2,1,1,2016,2,4,9,14,58.791
57,2,2,1,2016,2,4,9,15,37.571
58,2,0,1,2016,2,4,9,15,39.8
59,2,1,1,2016,2,4,9,16,34.294
60,2,2,1,2016,2,4,9,29,11.969
61,2,0,1,2016,2,4,9,29,13.213
62,2,2,1,2016,2,4,9,29,41.846
63,2,0,1,2016,2,4,9,29,43.345
64,2,1,1,2016,2,4,9,30,23.673
65,2,1,1,2016,2,4,9,30,58.27
66,2,1,1,2016,2,4,9,31,56.382
67,2,1,1,2016,2,4,9,32,36.617
68,2,1,1,2016,2,4,9,33,58.007
69,2,1,1,2016,2,4,9,34,9.114
70,1,1,1,2016,2,4,9,36,40.906
71,2,1,1,2016,2,4,9,44,44.388
72,1,1,1,2016,2,4,10,3,58.598
73,1,1,1,2016,2,4,10,4,25.36
74,1,1,1,2016,2,4,10,5,44.552
75,1,0,1,2016,2,4,10,6,12.83
76,1,0,1,2016,2,4,10,6,43.061
77,1,0,1,2016,2,4,10,6,43.67
78,1,0,1,2016,2,4,10,6,48.002
79,1,0,1,2016,2,4,10,6,49.076
80,1,0,1,2016,2,4,10,6,50.747
81,1,0,1,2016,2,4,10,6,54.542
82,1,0,1,2016,2,4,10,7,7.781
83,1,0,1,2016,2,4,10,7,8.349
84,1,0,1,2016,2,4,10,7,14.523
85,1,0,1,2016,2,4,10,7,18.949
86,1,0,1,2016,2,4,10,7,38.461
87,2,0,1,2016,2,4,10,19,57.622
88,2,0,1,2016,2,4,10,21,29.588
89,2,0,1,2016,2,4,10,21,30.741
90,2,0,1,2016,2,4,10,21,31.492
91,2,0,1,2016,2,4,10,21,32.369
92,2,0,1,2016,2,4,10,21,42.349
93,2,0,1,2016,2,4,10,21,44.597
94,2,0,1,2016,2,4,10,21,45.735
95,2,0,1,2016,2,4,10,21,55.244
96,2,0,1,2016,2,4,10,21,56.281
97,2,0,1,2016,2,4,10,22,1.842
98,2,0,1,2016,2,4,10,22,11.584
99,1,0,1,2016,2,4,10,31,19.302
100,2,0,1,2016,2,4,10,31,23.257
101,2,0,1,2016,2,4,10,32,35.132
102,2,0,1,2016,2,4,10,32,36.052
103,1,0,1,2016,2,4,10,33,9.085
104,1,0,1,2016,2,4,10,33,44.897
105,1,0,1,2016,2,4,10,34,31.36
106,2,0,1,2016,2,4,10,34,42.251
107,1,0,1,2016,2,4,10,34,48.272
108,1,0,1,2016,2,4,10,34,48.381
109,1,0,1,2016,2,4,10,35,7.922
110,2,0,1,2016,2,4,10,36,51.27
111,2,0,1,2016,2,4,10,37,4.139
112,1,0,1,2016,2,4,10,37,25.128
113,1,0,1,2016,2,4,10,37,56.898
114,2,0,1,2016,2,4,10,38,13.016
115,1,0,1,2016,2,4,10,38,49.959
116,1,0,1,2016,2,4,10,40,21.934
117,1,0,1,2016,2,4,10,42,35.214
118,2,0,1,2016,2,4,10,42,51.537
119,2,0,1,2016,2,4,10,44,18.587
120,2,0,1,2016,2,4,11,13,35.739
121,2,0,1,2016,2,4,11,13,37.909
122,2,0,1,2016,2,4,11,13,40.538
123,2,0,1,2016,2,4,11,13,40.832
124,2,0,1,2016,2,4,11,13,52.432
125,2,0,1,2016,2,4,11,13,59.068
126,2,0,1,2016,2,4,11,14,5.192
127,1,0,1,2016,2,4,11,42,21.533
128,1,0,1,2016,2,4,11,43,46.928
129,2,0,1,2016,2,4,11,47,39.32
130,1,0,1,2016,2,4,12,1,54.161
131,2,0,1,2016,2,4,12,1,58.681
132,2,0,1,2016,2,4,12,8,40.905
133,2,0,1,2016,2,4,12,8,41.628
134,2,0,1,2016,2,4,12,8,45.665
135,2,0,1,2016,2,4,12,8,47.102
136,2,0,1,2016,2,4,12,8,51.828
137,2,0,1,2016,2,4,12,9,11.136
138,2,0,1,2016,2,4,12,9,12.634
139,2,0,1,2016,2,4,12,9,13.116
140,2,0,1,2016,2,4,12,9,14.458
141,2,0,1,2016,2,4,12,9,15.005
142,2,0,1,2016,2,4,12,9,20.874
143,2,0,1,2016,2,4,12,9,22.736
144,2,0,1,2016,2,4,12,9,23.439
145,2,0,1,2016,2,4,12,9,30.775
146,2,0,1,2016,2,4,12,9,32.115
147,2,0,1,2016,2,4,12,9,41.652
148,2,0,1,2016,2,4,12,9,42.491
149,2,0,1,2016,2,4,12,9,44.153
150,2,0,1,2016,2,4,12,9,45.217
151,2,0,1,2016,2,4,12,9,45.987
152,2,0,1,2016,2,4,12,9,51.169
153,2,0,1,2016,2,4,12,9,52.099
154,2,0,1,2016,2,4,12,20,56.735
155,2,0,1,2016,2,4,13,7,30.719
156,2,0,1,2016,2,4,13,7,54.02
157,2,0,1,2016,2,4,13,7,55.135
158,2,0,1,2016,2,4,13,7,56.518
159,2,0,1,2016,2,4,13,7,57.666
160,2,0,1,2016,2,4,13,7,59.164
161,2,0,1,2016,2,4,13,8,6.927
162,2,0,1,2016,2,4,13,8,7.802
163,2,0,1,2016,2,4,13,8,9.229
164,2,0,1,2016,2,4,13,8,17.939
165,2,0,1,2016,2,4,13,8,23.572
166,2,0,1,2016,2,4,13,8,25.092
167,2,0,1,2016,2,4,13,8,26.889
168,2,0,1,2016,2,4,13,8,32.72
169,2,0,1,2016,2,4,13,8,38.612
170,2,0,1,2016,2,4,13,8,39.887
171,2,0,1,2016,2,4,13,8,40.831
172,2,0,1,2016,2,4,13,8,42.111
173,2,0,1,2016,2,4,13,8,42.771
174,2,0,1,2016,2,4,13,9,19.464
175,2,0,1,2016,2,4,13,9,30.447
176,2,0,1,2016,2,4,13,27,7.391
177,1,0,1,2016,2,4,13,31,51.559
178,1,0,1,2016,2,4,13,33,8.427
179,1,0,1,2016,2,4,13,33,8.465
180,2,0,1,2016,2,4,13,46,49.918
181,1,0,1,2016,2,4,14,37,11.677
182,2,0,1,2016,2,4,14,46,13.056
183,2,0,1,2016,2,4,14,46,14.033
184,2,0,1,2016,2,4,14,46,15.543
185,2,0,1,2016,2,4,14,46,17.498
186,2,0,1,2016,2,4,14,46,18.517
187,2,0,1,2016,2,4,14,46,19.887
188,2,0,1,2016,2,4,14,49,35.237
189,2,0,1,2016,2,4,14,49,36.521
190,2,0,1,2016,2,4,14,50,20.187
191,2,0,1,2016,2,4,14,50,22.883
192,2,0,1,2016,2,4,14,50,24.418
193,2,0,1,2016,2,4,14,50,25.74
194,2,0,1,2016,2,4,14,50,26.392
195,2,0,1,2016,2,4,14,52,25.74
196,2,0,1,2016,2,4,14,52,26.662
197,1,0,1,2016,2,4,14,54,0.888
198,1,0,1,2016,2,4,14,59,53.049
199,1,0,1,2016,2,4,15,0,52.49
