Var1_ 1,Var1_ 2,Var1_ 3,Var1_ 4,Var1_ 5,Var1_ 6,Var1_ 7,Var1_ 8,Var1_ 9,Var1_10
0,0,0,0,2016,2,6,8,5,13.443
1,1,1,1,2016,2,6,8,9,57.152
2,1,1,1,2016,2,6,8,10,45.584
3,1,1,1,2016,2,6,8,10,54.251
4,1,2,1,2016,2,6,8,11,37.031
5,1,1,1,2016,2,6,8,11,41.855
6,1,0,1,2016,2,6,8,11,42.319
7,1,1,1,2016,2,6,8,12,18.652
8,1,1,1,2016,2,6,8,12,25.537
9,1,1,1,2016,2,6,8,12,35.452
10,1,1,1,2016,2,6,8,12,46.376
11,1,1,1,2016,2,6,8,12,55.142
12,1,1,1,2016,2,6,8,13,9.996
13,1,2,1,2016,2,6,8,13,14.084
14,1,2,1,2016,2,6,8,13,19.979
15,1,1,1,2016,2,6,8,13,39.504
16,1,2,1,2016,2,6,8,13,43.42
17,1,2,1,2016,2,6,8,13,49.648
18,1,1,1,2016,2,6,8,13,53.073
19,1,2,1,2016,2,6,8,14,25.759
20,2,2,1,2016,2,6,8,15,6.454
21,2,2,1,2016,2,6,8,15,21.261
22,2,0,1,2016,2,6,8,15,21.636
23,1,1,1,2016,2,6,8,15,47.997
24,1,0,1,2016,2,6,8,15,48.44
25,1,1,1,2016,2,6,8,15,58.245
26,1,2,1,2016,2,6,8,16,2.727
27,1,0,1,2016,2,6,8,16,4.478
28,1,2,1,2016,2,6,8,16,7.867
29,1,0,1,2016,2,6,8,16,9.275
30,1,0,1,2016,2,6,8,16,9.925
31,1,1,1,2016,2,6,8,16,11.799
32,1,2,1,2016,2,6,8,16,15.915
33,1,1,1,2016,2,6,8,16,43.452
34,1,1,1,2016,2,6,8,16,54.264
35,1,0,1,2016,2,6,8,16,54.575
36,1,1,1,2016,2,6,8,17,17.367
37,1,1,1,2016,2,6,8,20,2.535
38,1,0,1,2016,2,6,8,20,2.808
39,1,1,1,2016,2,6,8,20,32.558
40,1,1,1,2016,2,6,8,20,43.985
41,1,2,1,2016,2,6,8,20,48.348
42,1,1,1,2016,2,6,8,20,52.234
43,1,2,1,2016,2,6,8,21,12.381
44,1,0,1,2016,2,6,8,21,14.658
45,1,0,1,2016,2,6,8,21,14.936
46,1,2,1,2016,2,6,8,21,16.596
47,1,0,1,2016,2,6,8,21,18.177
48,1,0,1,2016,2,6,8,21,18.571
49,1,1,1,2016,2,6,8,21,20.251
50,1,2,1,2016,2,6,8,21,25.773
51,1,0,1,2016,2,6,8,21,27.532
52,1,1,1,2016,2,6,8,21,31.117
53,1,2,1,2016,2,6,8,21,34.804
54,1,2,1,2016,2,6,8,21,44.689
55,1,0,1,2016,2,6,8,21,47.068
56,1,2,1,2016,2,6,8,21,50.006
57,1,1,1,2016,2,6,8,22,2.714
58,1,2,1,2016,2,6,8,22,6.903
59,1,0,1,2016,2,6,8,22,8.075
60,1,1,1,2016,2,6,8,22,11.993
61,1,1,1,2016,2,6,8,22,18.586
62,1,2,1,2016,2,6,8,22,22.107
63,1,2,1,2016,2,6,8,22,28.487
64,1,0,1,2016,2,6,8,22,30.083
65,1,0,1,2016,2,6,8,22,31.05
66,1,0,1,2016,2,6,8,22,31.383
67,1,2,1,2016,2,6,8,22,34.061
68,1,0,1,2016,2,6,8,22,34.733
69,1,1,1,2016,2,6,8,22,43.098
70,1,1,1,2016,2,6,8,22,51.383
71,1,2,1,2016,2,6,8,22,55.662
72,1,0,1,2016,2,6,8,22,57.177
73,1,0,1,2016,2,6,8,22,58.259
74,1,2,1,2016,2,6,8,23,0.654
75,1,0,1,2016,2,6,8,23,3.26
76,1,2,1,2016,2,6,8,23,4.307
77,1,1,1,2016,2,6,8,23,8.469
78,1,2,1,2016,2,6,8,23,12.346
79,1,2,1,2016,2,6,8,23,16.677
80,1,2,1,2016,2,6,8,23,37.132
81,1,2,1,2016,2,6,8,23,48.881
82,1,2,1,2016,2,6,8,23,52.506
83,1,0,1,2016,2,6,8,24,42.778
84,1,0,1,2016,2,6,8,24,49.847
85,1,0,1,2016,2,6,8,25,6.337
86,1,0,1,2016,2,6,8,25,6.611
87,1,0,1,2016,2,6,8,25,12.746
88,1,0,1,2016,2,6,8,25,21.778
89,1,0,1,2016,2,6,8,26,28.441
90,1,0,1,2016,2,6,8,35,59.497
91,1,0,1,2016,2,6,8,36,8.815
92,1,0,1,2016,2,6,8,36,42.622
93,1,0,1,2016,2,6,8,37,23.551
94,1,0,1,2016,2,6,8,37,29.32
95,1,0,1,2016,2,6,8,37,29.599
96,1,0,1,2016,2,6,8,37,42.858
97,1,0,1,2016,2,6,8,40,39.875
98,1,0,1,2016,2,6,8,40,40.221
99,1,0,1,2016,2,6,8,40,41.538
100,1,0,1,2016,2,6,8,40,42.86
101,1,0,1,2016,2,6,8,55,59.782
102,1,0,1,2016,2,6,8,56,0.061
103,1,0,1,2016,2,6,8,56,19.148
104,2,0,1,2016,2,6,8,56,24.175
105,2,0,1,2016,2,6,8,56,25.135
106,1,0,1,2016,2,6,8,56,36.166
107,1,0,1,2016,2,6,8,56,36.213
108,1,0,1,2016,2,6,8,57,41.667
109,1,0,1,2016,2,6,8,57,54.246
110,1,0,1,2016,2,6,8,57,55.569
111,1,0,1,2016,2,6,8,58,4.076
112,1,0,1,2016,2,6,8,59,3.769
113,1,0,1,2016,2,6,8,59,7.824
114,1,0,1,2016,2,6,8,59,42.57
115,1,0,1,2016,2,6,8,59,46.332
116,1,0,1,2016,2,6,9,3,1.501
117,1,0,1,2016,2,6,9,3,1.848
118,1,0,1,2016,2,6,9,3,51.287
119,1,0,1,2016,2,6,9,4,25.277
120,1,0,1,2016,2,6,9,4,40.452
121,1,0,1,2016,2,6,9,4,52.363
122,1,0,1,2016,2,6,9,4,57.548
123,1,0,1,2016,2,6,9,5,27.405
124,1,0,1,2016,2,6,9,5,27.919
125,1,0,1,2016,2,6,9,5,45.669
126,1,0,1,2016,2,6,9,8,25.374
127,1,0,1,2016,2,6,9,9,4.242
128,1,0,1,2016,2,6,9,9,8.911
129,1,0,1,2016,2,6,9,9,19.227
130,1,0,1,2016,2,6,9,9,22.145
131,1,0,1,2016,2,6,9,9,31.721
132,1,0,1,2016,2,6,9,9,32.085
133,1,0,1,2016,2,6,9,9,51.203
134,1,0,1,2016,2,6,9,10,12.466
135,1,0,1,2016,2,6,9,10,16.227
136,1,0,1,2016,2,6,9,10,25.864
137,1,0,1,2016,2,6,9,10,29.557
138,1,0,1,2016,2,6,9,10,39.235
139,1,0,1,2016,2,6,9,11,33.988
140,1,0,1,2016,2,6,9,11,57.289
141,1,0,1,2016,2,6,9,11,57.356
142,1,0,1,2016,2,6,9,12,9.658
143,1,0,1,2016,2,6,9,12,9.959
144,1,0,1,2016,2,6,9,12,10.35
145,1,0,1,2016,2,6,9,12,24.055
146,1,0,1,2016,2,6,9,12,27.843
147,1,0,1,2016,2,6,9,12,28.118
148,1,0,1,2016,2,6,9,12,31.113
149,1,0,1,2016,2,6,9,12,35.305
150,1,0,1,2016,2,6,9,12,35.569
151,1,0,1,2016,2,6,9,13,13.1
152,1,0,1,2016,2,6,9,13,16.075
153,1,0,1,2016,2,6,9,13,19.888
154,1,0,1,2016,2,6,9,13,44.127
155,1,0,1,2016,2,6,9,14,36.378
156,1,0,1,2016,2,6,9,14,38.232
157,1,0,1,2016,2,6,9,14,49.211
158,1,0,1,2016,2,6,9,15,37.827
159,1,0,1,2016,2,6,9,15,52.555
160,1,0,1,2016,2,6,9,15,56.492
161,1,0,1,2016,2,6,9,15,56.769
162,1,0,1,2016,2,6,9,16,0.091
163,1,0,1,2016,2,6,9,16,12.455
164,1,0,1,2016,2,6,9,16,12.875
165,1,0,1,2016,2,6,9,16,20.588
166,1,0,1,2016,2,6,9,16,24.16
167,1,0,1,2016,2,6,9,27,10.614
168,1,0,1,2016,2,6,9,27,35.687
169,1,0,1,2016,2,6,9,27,35.739
170,1,0,1,2016,2,6,9,27,39.803
171,1,0,1,2016,2,6,9,27,42.766
172,1,0,1,2016,2,6,9,27,48.317
173,1,0,1,2016,2,6,9,27,56.145
174,1,0,1,2016,2,6,9,28,10.064
175,1,0,1,2016,2,6,9,29,19.955
176,1,0,1,2016,2,6,9,29,21.491
177,1,0,1,2016,2,6,9,30,19.195
178,1,0,1,2016,2,6,9,31,2.467
179,1,0,1,2016,2,6,9,31,21.4
180,1,0,1,2016,2,6,9,31,36.164
181,1,0,1,2016,2,6,9,31,56.688
182,1,0,1,2016,2,6,9,32,0.381
183,1,0,1,2016,2,6,9,32,44.985
184,1,0,1,2016,2,6,9,32,55.692
185,1,0,1,2016,2,6,9,32,58.523
186,1,0,1,2016,2,6,9,33,28.748
187,1,0,1,2016,2,6,9,33,38.013
188,1,0,1,2016,2,6,9,34,6.898
189,1,0,1,2016,2,6,9,34,40.627
190,1,0,1,2016,2,6,9,34,58.137
191,1,0,1,2016,2,6,9,35,1.767
192,1,0,1,2016,2,6,9,35,39.905
193,1,0,1,2016,2,6,9,35,43.727
194,1,0,1,2016,2,6,9,36,6.202
195,1,0,1,2016,2,6,9,36,9.203
196,1,0,1,2016,2,6,9,36,41.899
197,1,0,1,2016,2,6,9,36,57.584
198,1,0,1,2016,2,6,9,36,57.688
199,1,0,1,2016,2,6,9,39,16.195
200,1,0,1,2016,2,6,9,39,22.047
201,1,0,1,2016,2,6,9,39,23.203
202,1,0,1,2016,2,6,9,39,24.027
203,1,0,1,2016,2,6,9,39,31.149
204,1,0,1,2016,2,6,9,39,41.865
205,1,0,1,2016,2,6,9,41,29.757
206,1,0,1,2016,2,6,9,42,10.819
207,1,0,1,2016,2,6,9,42,44.141
208,1,0,1,2016,2,6,9,43,5.694
209,1,0,1,2016,2,6,9,43,30.147
210,1,0,1,2016,2,6,9,43,45.699
211,1,0,1,2016,2,6,9,43,45.927
212,1,0,1,2016,2,6,9,44,17.952
213,1,0,1,2016,2,6,9,44,57.563
214,1,0,1,2016,2,6,9,45,41.564
215,1,0,1,2016,2,6,9,46,29.529
216,1,0,1,2016,2,6,9,46,29.762
217,1,0,1,2016,2,6,10,39,9.236
218,1,0,1,2016,2,6,10,39,9.513
219,1,0,1,2016,2,6,10,39,12.579
220,1,0,1,2016,2,6,10,39,15.587
221,1,0,1,2016,2,6,10,39,15.925
222,1,0,1,2016,2,6,10,40,4.527
223,1,0,1,2016,2,6,10,40,11.546
224,1,0,1,2016,2,6,10,40,31.884
225,1,0,1,2016,2,6,10,40,38.454
226,1,0,1,2016,2,6,10,40,38.683
227,1,0,1,2016,2,6,10,40,53.242
228,1,0,1,2016,2,6,10,40,57.177
229,1,0,1,2016,2,6,10,41,5.93
230,1,0,1,2016,2,6,10,41,6.228
231,1,0,1,2016,2,6,10,42,1.218
232,1,0,1,2016,2,6,10,42,35.962
233,1,0,1,2016,2,6,10,43,13.342
234,1,0,1,2016,2,6,10,43,19.964
235,1,0,1,2016,2,6,10,43,49.603
236,1,0,1,2016,2,6,10,47,23.477
237,1,0,1,2016,2,6,10,48,21.55
238,1,0,1,2016,2,6,10,48,58.217
239,1,0,1,2016,2,6,10,48,58.613
240,1,0,1,2016,2,6,10,50,20.352
241,1,0,1,2016,2,6,10,51,32.952
242,1,0,1,2016,2,6,10,52,23.08
243,1,0,1,2016,2,6,10,52,58.656
244,1,0,1,2016,2,6,10,52,58.957
245,1,0,1,2016,2,6,10,53,6.312
246,1,0,1,2016,2,6,10,53,6.365
247,1,0,1,2016,2,6,10,53,18.787
248,1,0,1,2016,2,6,10,54,4.314
249,1,0,1,2016,2,6,10,55,11.413
250,1,0,1,2016,2,6,10,55,55.854
251,1,0,1,2016,2,6,10,59,8.742
252,1,0,1,2016,2,6,10,59,23.857
253,1,0,1,2016,2,6,10,59,42.322
254,1,0,1,2016,2,6,11,0,37.461
255,1,0,1,2016,2,6,11,1,19.117
256,2,0,1,2016,2,6,11,2,42.397
257,2,0,1,2016,2,6,11,2,43.825
258,1,0,1,2016,2,6,11,3,19.671
259,1,0,1,2016,2,6,11,3,19.898
260,1,0,1,2016,2,6,11,3,59.863
261,1,0,1,2016,2,6,11,4,24.657
262,1,0,1,2016,2,6,11,4,29.386
263,1,0,1,2016,2,6,11,4,29.62
264,1,0,1,2016,2,6,11,9,10.507
265,1,0,1,2016,2,6,11,10,31.014
266,1,0,1,2016,2,6,11,10,35.806
267,1,0,1,2016,2,6,11,10,58.402
268,1,0,1,2016,2,6,11,11,9.578
269,1,0,1,2016,2,6,11,11,15.396
270,1,0,1,2016,2,6,11,11,18.8
271,1,0,1,2016,2,6,11,15,14.43
272,1,0,1,2016,2,6,11,15,18.983
273,1,0,1,2016,2,6,11,15,47.375
274,1,0,1,2016,2,6,11,16,7.227
275,1,0,1,2016,2,6,11,16,21.459
276,1,0,1,2016,2,6,11,16,24.948
277,1,0,1,2016,2,6,11,16,29.712
278,1,0,1,2016,2,6,11,16,36.432
279,1,0,1,2016,2,6,11,16,36.647
280,1,0,1,2016,2,6,11,16,57.079
281,1,0,1,2016,2,6,11,17,13.118
282,1,0,1,2016,2,6,11,18,2.396
283,1,0,1,2016,2,6,11,20,0.892
284,1,0,1,2016,2,6,11,20,4.767
285,1,0,1,2016,2,6,11,20,21.891
286,1,0,1,2016,2,6,11,20,37.527
287,1,0,1,2016,2,6,11,21,13.076
288,1,0,1,2016,2,6,11,21,17.829
289,1,0,1,2016,2,6,11,21,27.593
290,1,0,1,2016,2,6,11,22,50.877
291,1,0,1,2016,2,6,11,23,17.855
292,1,0,1,2016,2,6,11,23,45.091
293,1,0,1,2016,2,6,11,24,28.087
294,1,0,1,2016,2,6,11,24,34.87
295,1,0,1,2016,2,6,11,25,21.067
296,1,0,1,2016,2,6,11,25,21.296
297,1,0,1,2016,2,6,11,25,40.147
298,1,0,1,2016,2,6,11,26,2.335
299,1,0,1,2016,2,6,11,26,11.922
300,1,0,1,2016,2,6,11,26,12.162
301,1,0,1,2016,2,6,11,26,28.212
302,1,0,1,2016,2,6,11,33,53.973
303,1,0,1,2016,2,6,11,33,54.345
304,1,0,1,2016,2,6,11,33,57.122
305,2,0,1,2016,2,6,11,34,2.804
306,1,0,1,2016,2,6,11,34,20.192
307,1,0,1,2016,2,6,11,34,20.452
308,1,0,1,2016,2,6,11,34,24.551
309,1,0,1,2016,2,6,11,34,49.589
310,2,0,1,2016,2,6,11,35,10.05
311,1,0,1,2016,2,6,11,35,44.895
312,1,0,1,2016,2,6,11,36,11.828
313,1,0,1,2016,2,6,11,36,48.409
314,1,0,1,2016,2,6,11,36,59.408
315,1,0,1,2016,2,6,11,37,9.338
316,1,0,1,2016,2,6,11,37,15.767
317,1,0,1,2016,2,6,11,38,14.226
318,1,0,1,2016,2,6,11,38,41.916
319,1,0,1,2016,2,6,11,39,17.376
320,1,0,1,2016,2,6,11,41,25.453
321,2,0,1,2016,2,6,11,43,29.867
322,1,0,1,2016,2,6,11,43,36.085
323,1,0,1,2016,2,6,11,44,46.162
324,1,0,1,2016,2,6,11,44,46.268
325,1,0,1,2016,2,6,11,45,6.059
326,1,0,1,2016,2,6,11,45,10.79
327,1,0,1,2016,2,6,11,45,23.397
328,1,0,1,2016,2,6,11,51,32.58
329,1,0,1,2016,2,6,11,52,16.502
330,1,0,1,2016,2,6,11,52,57.518
331,1,0,1,2016,2,6,11,53,8.748
332,1,0,1,2016,2,6,11,53,8.886
333,1,0,1,2016,2,6,11,53,9.144
334,1,0,1,2016,2,6,12,4,8.626
335,2,0,1,2016,2,6,12,6,55.438
336,2,0,1,2016,2,6,12,6,56.355
337,2,0,1,2016,2,6,12,6,57.976
338,2,0,1,2016,2,6,12,7,4.8
339,2,0,1,2016,2,6,12,7,32.072
340,2,0,1,2016,2,6,12,7,33.555
341,2,0,1,2016,2,6,12,7,36.56
342,2,0,1,2016,2,6,12,7,37.804
343,2,0,1,2016,2,6,12,50,38.329
344,2,0,1,2016,2,6,12,50,40.695
345,2,0,1,2016,2,6,12,50,41.402
346,2,0,1,2016,2,6,12,50,42.022
347,2,0,1,2016,2,6,12,51,0.853
348,2,0,1,2016,2,6,12,51,2.303
349,2,0,1,2016,2,6,12,51,3.048
350,1,0,1,2016,2,6,13,5,4.786
351,1,0,1,2016,2,6,13,5,5.828
352,1,0,1,2016,2,6,13,6,47.208
353,2,0,1,2016,2,6,13,8,33.864
354,2,0,1,2016,2,6,13,9,6.224
355,2,0,1,2016,2,6,13,9,6.348
356,2,0,1,2016,2,6,13,9,6.501
357,2,0,1,2016,2,6,13,9,15.861
358,2,0,1,2016,2,6,13,9,25.396
359,2,0,1,2016,2,6,13,9,26.481
360,2,0,1,2016,2,6,13,9,27.757
361,2,0,1,2016,2,6,13,9,29.511
362,2,0,1,2016,2,6,13,9,30.502
363,2,0,1,2016,2,6,13,9,31.252
364,2,0,1,2016,2,6,13,9,32.516
365,2,0,1,2016,2,6,13,9,39.354
366,2,0,1,2016,2,6,13,9,40.495
367,2,0,1,2016,2,6,13,9,48.957
368,2,0,1,2016,2,6,13,9,50.027
369,2,0,1,2016,2,6,13,9,52.039
370,2,0,1,2016,2,6,13,9,53.037
371,2,0,1,2016,2,6,13,9,54.494
372,2,0,1,2016,2,6,13,9,55.87
373,2,0,1,2016,2,6,13,9,56.903
374,2,0,1,2016,2,6,13,9,59.989
375,1,0,1,2016,2,6,13,10,45.453
376,1,0,1,2016,2,6,13,10,46.518
377,1,0,1,2016,2,6,13,11,6.348
378,1,0,1,2016,2,6,13,11,6.396
379,1,0,1,2016,2,6,13,11,34.826
380,2,0,1,2016,2,6,13,16,41.724
381,2,0,1,2016,2,6,13,16,43.6
382,2,0,1,2016,2,6,13,16,44.697
383,2,0,1,2016,2,6,13,17,27.069
384,2,0,1,2016,2,6,13,17,28.048
385,2,0,1,2016,2,6,13,17,30.985
386,2,0,1,2016,2,6,13,17,32.206
387,2,0,1,2016,2,6,13,17,33.289
388,2,0,1,2016,2,6,13,17,40.793
389,2,0,1,2016,2,6,13,18,0.322
390,2,0,1,2016,2,6,13,20,16.697
391,2,0,1,2016,2,6,13,20,17.375
392,2,0,1,2016,2,6,13,22,32.197
393,1,0,1,2016,2,6,13,35,3.491
394,1,0,1,2016,2,6,13,35,6.27
395,1,0,1,2016,2,6,13,35,32.923
396,1,0,1,2016,2,6,13,36,22.331
397,1,0,1,2016,2,6,13,36,41.31
398,1,0,1,2016,2,6,13,36,41.387
399,1,0,1,2016,2,6,13,36,43.05
400,1,0,1,2016,2,6,13,36,43.838
401,1,0,1,2016,2,6,13,36,48.286
402,1,0,1,2016,2,6,13,36,55.928
403,1,0,1,2016,2,6,13,36,56.337
404,1,0,1,2016,2,6,13,36,56.544
405,1,0,1,2016,2,6,13,36,57.751
406,1,0,1,2016,2,6,13,36,57.871
407,1,0,1,2016,2,6,13,36,58.06
408,1,0,1,2016,2,6,13,36,58.475
409,1,0,1,2016,2,6,13,37,0.955
410,1,0,1,2016,2,6,13,37,1.948
411,1,0,1,2016,2,6,13,37,7.319
412,1,0,1,2016,2,6,13,37,11.059
413,1,0,1,2016,2,6,13,37,12.668
414,1,0,1,2016,2,6,13,37,31.572
415,1,0,1,2016,2,6,13,37,38.898
416,1,0,1,2016,2,6,13,37,41.553
417,1,0,1,2016,2,6,13,38,26.263
418,1,0,1,2016,2,6,13,38,34.289
419,1,0,1,2016,2,6,13,38,35.151
420,1,0,1,2016,2,6,13,38,35.278
421,1,0,1,2016,2,6,13,38,36.43
422,1,0,1,2016,2,6,13,38,36.662
423,1,0,1,2016,2,6,13,38,36.792
424,1,0,1,2016,2,6,13,38,39.608
425,1,0,1,2016,2,6,13,38,39.722
426,1,0,1,2016,2,6,13,38,40.007
427,1,0,1,2016,2,6,13,38,40.16
428,1,0,1,2016,2,6,13,38,40.487
429,1,0,1,2016,2,6,13,38,40.602
430,1,0,1,2016,2,6,13,38,40.736
431,1,0,1,2016,2,6,13,38,42.537
432,1,0,1,2016,2,6,13,38,42.767
433,1,0,1,2016,2,6,13,38,55.055
434,1,0,1,2016,2,6,13,38,55.688
435,1,0,1,2016,2,6,13,38,57.331
436,1,0,1,2016,2,6,13,38,57.547
437,1,0,1,2016,2,6,13,38,57.735
438,1,0,1,2016,2,6,13,38,57.83
439,1,0,1,2016,2,6,13,38,58.382
440,1,0,1,2016,2,6,13,38,59.022
441,1,0,1,2016,2,6,13,39,1.63
442,1,0,1,2016,2,6,13,39,2.442
443,1,0,1,2016,2,6,13,39,6.573
444,1,0,1,2016,2,6,13,39,20.094
445,1,0,1,2016,2,6,13,39,23.278
446,1,0,1,2016,2,6,13,40,5.587
447,1,0,1,2016,2,6,13,40,7.156
448,1,0,1,2016,2,6,13,40,10.577
449,1,0,1,2016,2,6,13,40,18.688
450,1,0,1,2016,2,6,13,40,26.437
451,1,0,1,2016,2,6,13,40,26.601
452,1,0,1,2016,2,6,13,40,27.155
453,1,0,1,2016,2,6,13,40,29.228
454,1,0,1,2016,2,6,13,40,29.824
455,1,0,1,2016,2,6,13,40,34.537
456,1,0,1,2016,2,6,13,40,39.18
457,1,0,1,2016,2,6,13,40,39.866
458,1,0,1,2016,2,6,13,41,10.473
459,1,0,1,2016,2,6,13,41,11.383
460,1,0,1,2016,2,6,13,41,24.554
461,1,0,1,2016,2,6,13,41,24.768
462,1,0,1,2016,2,6,13,41,25.458
463,1,0,1,2016,2,6,13,41,40.369
464,1,0,1,2016,2,6,13,43,9.521
465,1,0,1,2016,2,6,13,43,25.491
466,1,0,1,2016,2,6,13,43,33.252
467,1,0,1,2016,2,6,13,44,52.528
468,2,0,1,2016,2,6,14,41,47.959
469,2,0,1,2016,2,6,14,41,49.475
470,2,0,1,2016,2,6,14,41,54.022
471,2,0,1,2016,2,6,14,41,55.12
472,2,0,1,2016,2,6,14,41,56.355
473,2,0,1,2016,2,6,14,41,57.643
474,2,0,1,2016,2,6,14,41,58.413
475,2,0,1,2016,2,6,14,42,1.144
476,2,0,1,2016,2,6,14,42,6.918
477,2,0,1,2016,2,6,14,42,9.14
478,2,0,1,2016,2,6,14,42,10.962
479,1,0,1,2016,2,6,14,43,51.874
480,1,0,1,2016,2,6,14,44,8.299
481,1,0,1,2016,2,6,14,44,53.339
482,1,0,1,2016,2,6,14,44,54.744
483,1,0,1,2016,2,6,14,44,55.925
484,2,0,1,2016,2,6,14,50,9.463
485,1,0,1,2016,2,6,14,56,5.77
486,1,0,1,2016,2,6,14,56,9.322
487,1,0,1,2016,2,6,14,56,15.238
488,1,0,1,2016,2,6,14,56,15.671
489,1,0,1,2016,2,6,15,5,8.962
490,1,0,1,2016,2,6,15,5,37.845
491,1,0,1,2016,2,6,15,5,45.73
492,1,0,1,2016,2,6,15,5,54.583
493,1,0,1,2016,2,6,15,6,8.313
494,1,0,1,2016,2,6,15,6,11.519
495,1,0,1,2016,2,6,15,6,27.541
496,1,0,1,2016,2,6,15,6,27.764
497,1,0,1,2016,2,6,15,6,34.779
498,1,0,1,2016,2,6,15,7,8.421
499,1,0,1,2016,2,6,15,7,13.816
500,2,0,1,2016,2,6,15,9,23.727
501,2,0,1,2016,2,6,15,9,24.823
502,2,0,1,2016,2,6,15,9,31.536
503,2,0,1,2016,2,6,15,9,32.852
504,2,0,1,2016,2,6,15,9,33.891
505,2,0,1,2016,2,6,15,9,35.102
506,2,0,1,2016,2,6,15,9,41.008
507,2,0,1,2016,2,6,15,9,41.926
508,2,0,1,2016,2,6,15,9,43.288
509,2,0,1,2016,2,6,15,24,51.737
510,2,0,1,2016,2,6,15,31,3.713
511,2,0,1,2016,2,6,15,34,29.633
512,2,0,1,2016,2,6,15,34,30.81
513,2,0,1,2016,2,6,15,34,31.96
514,2,0,1,2016,2,6,15,34,33.182
515,2,0,1,2016,2,6,15,34,34.393
516,2,0,1,2016,2,6,15,34,35.956
517,2,0,1,2016,2,6,15,34,42.477
518,2,0,1,2016,2,6,15,34,43.213
519,2,0,1,2016,2,6,15,34,44.507
520,2,0,1,2016,2,6,15,34,45.571
521,2,0,1,2016,2,6,15,34,46.443
522,2,0,1,2016,2,6,15,34,47.561
523,2,0,1,2016,2,6,15,34,48.5
524,2,0,1,2016,2,6,15,34,49.629
525,2,0,1,2016,2,6,15,34,57.054
526,2,0,1,2016,2,6,15,34,57.24
527,2,0,1,2016,2,6,15,34,58.257
528,2,0,1,2016,2,6,15,35,0.012
529,2,0,1,2016,2,6,15,35,35.4
530,2,0,1,2016,2,6,15,35,52.052
531,2,0,1,2016,2,6,15,35,53.46
532,2,0,1,2016,2,6,15,35,54.467
533,2,0,1,2016,2,6,16,8,47.559
534,2,0,1,2016,2,6,16,8,51.254
535,2,0,1,2016,2,6,16,8,52.454
536,2,0,1,2016,2,6,16,8,53.773
537,2,0,1,2016,2,6,16,8,55.578
538,2,0,1,2016,2,6,16,8,56.296
539,2,0,1,2016,2,6,16,9,13.627
540,2,0,1,2016,2,6,16,9,15.865
541,2,0,1,2016,2,6,16,9,16.432
542,2,0,1,2016,2,6,16,9,18.139
543,2,0,1,2016,2,6,16,9,19.11
544,2,0,1,2016,2,6,16,9,21.982
545,2,0,1,2016,2,6,17,1,11.73
546,1,0,1,2016,2,6,17,5,55.699
547,1,0,1,2016,2,6,17,5,58.887
548,1,0,1,2016,2,6,17,6,29.552
549,1,0,1,2016,2,6,17,9,18.99
550,2,0,1,2016,2,6,17,25,15.006
551,2,0,1,2016,2,6,17,25,18.995
552,2,0,1,2016,2,6,17,25,19.838
553,2,0,1,2016,2,6,17,25,20.683
554,2,0,1,2016,2,6,17,25,21.746
555,2,0,1,2016,2,6,17,25,31.302
556,2,0,1,2016,2,6,17,25,32.219
557,2,0,1,2016,2,6,17,25,34.143
558,2,0,1,2016,2,6,17,25,34.723
559,2,0,1,2016,2,6,17,25,35.271
560,2,0,1,2016,2,6,17,25,37.415
561,2,0,1,2016,2,6,17,25,39.23
562,2,0,1,2016,2,6,17,25,47.306
