Var1_ 1,Var1_ 2,Var1_ 3,Var1_ 4,Var1_ 5,Var1_ 6,Var1_ 7,Var1_ 8,Var1_ 9,Var1_10
0,0,0,0,2016,11,24,8,0,6.565
1,1,1,1,2016,11,24,8,4,18.457
2,1,1,1,2016,11,24,8,4,22.99
3,1,1,1,2016,11,24,8,4,26.693
4,1,2,1,2016,11,24,8,4,43.269
5,1,1,1,2016,11,24,8,4,47.404
6,1,1,1,2016,11,24,8,5,18.329
7,1,1,1,2016,11,24,8,5,45.186
8,1,1,1,2016,11,24,8,6,31.115
9,1,1,1,2016,11,24,8,6,44.578
10,1,0,1,2016,11,24,8,6,45.545
11,1,1,1,2016,11,24,8,7,31.449
12,1,1,1,2016,11,24,8,7,46.232
13,1,0,1,2016,11,24,8,7,46.895
14,1,2,1,2016,11,24,8,7,50.451
15,1,2,1,2016,11,24,8,8,0.897
16,1,1,1,2016,11,24,8,8,17.989
17,1,2,1,2016,11,24,8,8,21.918
18,1,2,1,2016,11,24,8,8,36.215
19,1,1,1,2016,11,24,8,8,41.403
20,1,2,1,2016,11,24,8,8,46.532
21,1,1,1,2016,11,24,8,9,2.659
22,1,1,1,2016,11,24,8,9,14.528
23,1,1,1,2016,11,24,8,9,39.283
24,1,0,1,2016,11,24,8,9,39.896
25,1,1,1,2016,11,24,8,10,2.945
26,1,1,1,2016,11,24,8,12,13.513
27,1,1,1,2016,11,24,8,12,28.952
28,1,2,1,2016,11,24,8,12,36.013
29,1,0,1,2016,11,24,8,12,36.742
30,1,0,1,2016,11,24,8,12,37.271
31,1,1,1,2016,11,24,8,12,50.204
32,1,2,1,2016,11,24,8,12,55.852
33,1,2,1,2016,11,24,8,13,1.872
34,1,1,1,2016,11,24,8,13,49.111
35,1,2,1,2016,11,24,8,13,54.284
36,1,1,1,2016,11,24,8,13,58.034
37,1,2,1,2016,11,24,8,16,26.841
38,1,2,1,2016,11,24,8,17,32.833
39,1,0,1,2016,11,24,8,17,32.946
40,1,2,1,2016,11,24,8,17,49.063
41,1,0,1,2016,11,24,8,17,49.77
42,1,0,1,2016,11,24,8,17,50.364
43,1,1,1,2016,11,24,8,24,48.467
44,1,2,1,2016,11,24,8,25,55.953
45,1,1,1,2016,11,24,8,26,36.887
46,1,1,1,2016,11,24,8,26,49.707
47,1,0,1,2016,11,24,8,26,49.79
48,1,2,1,2016,11,24,8,27,11.335
49,1,2,1,2016,11,24,8,29,26.95
50,1,2,1,2016,11,24,8,42,55.841
51,1,1,1,2016,11,24,8,46,50.088
52,1,1,1,2016,11,24,8,47,18.929
53,1,2,1,2016,11,24,8,47,48.78
54,1,2,1,2016,11,24,8,47,55.996
55,1,2,1,2016,11,24,8,48,1.375
56,1,1,1,2016,11,24,8,48,7.002
57,1,0,1,2016,11,24,8,48,7.642
58,1,2,1,2016,11,24,8,48,19.111
59,1,0,1,2016,11,24,8,48,20.23
60,1,0,1,2016,11,24,8,48,21.918
61,1,1,1,2016,11,24,8,48,27.797
62,1,1,1,2016,11,24,8,48,37.116
63,1,1,1,2016,11,24,8,49,9.509
64,1,0,1,2016,11,24,8,49,10.268
65,1,0,1,2016,11,24,8,49,11.236
66,1,2,1,2016,11,24,8,49,23.075
67,1,2,1,2016,11,24,8,49,43.243
68,1,2,1,2016,11,24,8,50,2.987
69,1,0,1,2016,11,24,8,50,3.674
70,1,2,1,2016,11,24,8,50,8.95
71,1,2,1,2016,11,24,8,50,18.888
72,1,2,1,2016,11,24,8,50,58.063
73,1,0,1,2016,11,24,8,51,0.787
74,1,2,1,2016,11,24,8,51,3.229
75,1,2,1,2016,11,24,8,51,9.296
76,1,0,1,2016,11,24,8,51,9.984
77,1,2,1,2016,11,24,8,51,15.204
78,1,0,1,2016,11,24,8,51,16.685
79,1,0,1,2016,11,24,8,51,17.381
80,1,0,1,2016,11,24,8,51,19.972
81,1,0,1,2016,11,24,8,51,26.813
82,1,0,1,2016,11,24,8,52,21.038
83,1,0,1,2016,11,24,8,52,21.842
84,1,0,1,2016,11,24,8,53,6.997
85,1,0,1,2016,11,24,8,54,14.459
86,1,0,1,2016,11,24,8,57,10.299
87,1,0,1,2016,11,24,8,58,31.704
88,2,0,1,2016,11,24,9,1,58.557
89,2,0,1,2016,11,24,9,1,59.029
90,1,0,1,2016,11,24,9,4,29.679
91,2,0,1,2016,11,24,9,4,55.965
92,2,0,1,2016,11,24,9,5,0.428
93,2,0,1,2016,11,24,9,5,0.603
94,2,0,1,2016,11,24,9,5,0.684
95,2,0,1,2016,11,24,9,5,1.323
96,2,0,1,2016,11,24,9,5,29.437
97,2,0,1,2016,11,24,9,5,38.173
98,2,0,1,2016,11,24,9,5,40.155
99,2,0,1,2016,11,24,9,5,40.569
100,1,0,1,2016,11,24,9,9,39.574
101,1,0,1,2016,11,24,9,9,44.209
102,1,0,1,2016,11,24,9,9,52.523
103,1,0,1,2016,11,24,9,10,9.787
104,2,0,1,2016,11,24,9,11,10.045
105,2,0,1,2016,11,24,9,11,21.381
106,2,0,1,2016,11,24,9,11,21.743
107,2,0,1,2016,11,24,9,11,22.617
108,2,0,1,2016,11,24,9,11,34.401
109,1,0,1,2016,11,24,9,14,48.903
110,1,0,1,2016,11,24,9,14,50.964
111,1,0,1,2016,11,24,9,15,10.054
112,1,0,1,2016,11,24,9,17,57.333
113,2,0,1,2016,11,24,9,30,14.41
114,2,0,1,2016,11,24,9,30,25.842
115,2,0,1,2016,11,24,9,30,25.959
116,2,0,1,2016,11,24,9,30,26.367
117,2,0,1,2016,11,24,9,30,28.03
118,2,0,1,2016,11,24,9,30,28.342
119,2,0,1,2016,11,24,9,30,40.243
120,2,0,1,2016,11,24,9,45,6.219
121,2,0,1,2016,11,24,9,45,6.76
122,2,0,1,2016,11,24,9,45,13.72
123,2,0,1,2016,11,24,9,45,14.532
124,2,0,1,2016,11,24,10,9,35.276
125,2,0,1,2016,11,24,10,9,35.98
126,2,0,1,2016,11,24,10,9,44.399
127,2,0,1,2016,11,24,10,9,44.749
128,2,0,1,2016,11,24,10,9,50.008
129,2,0,1,2016,11,24,10,9,57.854
130,2,0,1,2016,11,24,10,9,58.245
131,2,0,1,2016,11,24,10,10,44.863
132,2,0,1,2016,11,24,10,10,46.148
133,2,0,1,2016,11,24,10,10,46.471
134,2,0,1,2016,11,24,10,10,46.912
135,2,0,1,2016,11,24,10,10,50.672
136,2,0,1,2016,11,24,10,10,55.571
137,2,0,1,2016,11,24,10,12,9.931
138,2,0,1,2016,11,24,10,12,13.458
139,2,0,1,2016,11,24,10,14,1.449
140,2,0,1,2016,11,24,10,14,1.79
141,2,0,1,2016,11,24,10,14,2.295
142,2,0,1,2016,11,24,10,14,32.725
143,2,0,1,2016,11,24,10,17,22.547
144,2,0,1,2016,11,24,10,17,22.97
145,2,0,1,2016,11,24,10,17,23.231
146,2,0,1,2016,11,24,10,17,23.302
147,1,0,1,2016,11,24,10,19,8.083
148,1,0,1,2016,11,24,10,35,43.805
149,1,0,1,2016,11,24,10,36,11.524
150,1,0,1,2016,11,24,10,36,13.954
151,1,0,1,2016,11,24,10,36,14.71
152,1,0,1,2016,11,24,10,36,17.215
153,1,0,1,2016,11,24,10,36,18.358
154,1,0,1,2016,11,24,10,36,22.297
155,1,0,1,2016,11,24,10,36,23.753
156,1,0,1,2016,11,24,10,36,30.648
157,1,0,1,2016,11,24,10,36,31.279
158,1,0,1,2016,11,24,10,36,42.284
159,1,0,1,2016,11,24,10,36,43.486
160,1,0,1,2016,11,24,10,36,47.916
161,1,0,1,2016,11,24,10,36,49.038
162,1,0,1,2016,11,24,10,36,55.579
163,1,0,1,2016,11,24,10,36,56.993
164,1,0,1,2016,11,24,10,37,20.974
165,1,0,1,2016,11,24,10,37,22.303
166,1,0,1,2016,11,24,10,37,22.839
167,1,0,1,2016,11,24,10,37,26.483
168,1,0,1,2016,11,24,10,37,31.95
169,1,0,1,2016,11,24,10,37,35.417
170,1,0,1,2016,11,24,10,37,36.42
171,1,0,1,2016,11,24,10,37,37.069
172,1,0,1,2016,11,24,10,37,37.133
173,1,0,1,2016,11,24,10,37,57.679
174,1,0,1,2016,11,24,10,37,59.747
175,1,0,1,2016,11,24,10,38,24.306
176,1,0,1,2016,11,24,10,38,25.469
177,1,0,1,2016,11,24,10,38,42.116
178,1,0,1,2016,11,24,10,38,42.776
179,1,0,1,2016,11,24,10,49,6.885
180,1,0,1,2016,11,24,10,49,7.383
181,1,0,1,2016,11,24,10,55,51.717
182,1,0,1,2016,11,24,10,55,55.867
183,2,0,1,2016,11,24,11,10,46.748
184,2,0,1,2016,11,24,11,10,49.463
185,2,0,1,2016,11,24,11,10,50.755
186,2,0,1,2016,11,24,11,10,53.944
187,2,0,1,2016,11,24,11,13,8.304
188,2,0,1,2016,11,24,11,13,13.491
189,2,0,1,2016,11,24,11,18,53.336
190,1,0,1,2016,11,24,11,38,46.241
191,1,0,1,2016,11,24,11,38,49.18
192,1,0,1,2016,11,24,11,38,50.679
193,1,0,1,2016,11,24,11,38,51.802
194,1,0,1,2016,11,24,11,40,27.614
195,1,0,1,2016,11,24,11,40,32.459
196,1,0,1,2016,11,24,11,40,32.73
197,2,0,1,2016,11,24,11,40,34.571
198,2,0,1,2016,11,24,11,40,35.882
199,1,0,1,2016,11,24,11,40,50.155
200,1,0,1,2016,11,24,11,43,51.877
201,1,0,1,2016,11,24,11,43,53.188
202,2,0,1,2016,11,24,11,48,14.211
203,2,0,1,2016,11,24,11,48,14.693
204,1,0,1,2016,11,24,12,2,37.161
205,1,0,1,2016,11,24,12,2,38.958
206,1,0,1,2016,11,24,12,2,57.051
207,2,0,1,2016,11,24,12,8,37.421
208,1,0,1,2016,11,24,12,11,57.387
209,2,0,1,2016,11,24,12,13,22.4
210,2,0,1,2016,11,24,12,13,23.121
211,2,0,1,2016,11,24,12,13,23.533
212,2,0,1,2016,11,24,12,13,24.349
213,2,0,1,2016,11,24,12,13,59.946
214,2,0,1,2016,11,24,12,14,1.556
215,2,0,1,2016,11,24,12,14,8.949
216,2,0,1,2016,11,24,12,14,9.301
217,2,0,1,2016,11,24,12,14,10.067
218,2,0,1,2016,11,24,12,14,10.361
219,2,0,1,2016,11,24,12,14,11.309
220,2,0,1,2016,11,24,12,15,31.39
221,2,0,1,2016,11,24,12,15,33.177
222,2,0,1,2016,11,24,12,27,45.9
223,2,0,1,2016,11,24,12,27,47.773
224,2,0,1,2016,11,24,12,27,49.385
225,2,0,1,2016,11,24,12,29,36.302
226,1,0,1,2016,11,24,12,37,27.166
227,1,0,1,2016,11,24,12,37,28.146
228,2,0,1,2016,11,24,12,40,40.671
229,2,0,1,2016,11,24,12,40,41.985
230,2,0,1,2016,11,24,12,40,49.191
231,2,0,1,2016,11,24,12,41,58.336
232,1,0,1,2016,11,24,12,53,22.355
233,1,0,1,2016,11,24,12,53,22.537
234,1,0,1,2016,11,24,13,22,29.02
235,1,0,1,2016,11,24,13,22,29.549
236,2,0,1,2016,11,24,13,22,40.112
237,2,0,1,2016,11,24,13,22,40.518
238,2,0,1,2016,11,24,13,22,41.185
239,1,0,1,2016,11,24,13,25,14.629
240,1,0,1,2016,11,24,13,28,31.256
241,1,0,1,2016,11,24,13,39,16.904
242,2,0,1,2016,11,24,13,39,59.615
243,2,0,1,2016,11,24,13,40,1.377
244,2,0,1,2016,11,24,13,40,5.394
245,2,0,1,2016,11,24,13,40,6.157
246,2,0,1,2016,11,24,13,40,7.065
247,2,0,1,2016,11,24,13,40,7.402
248,2,0,1,2016,11,24,13,51,15.775
249,2,0,1,2016,11,24,13,51,16.082
250,2,0,1,2016,11,24,13,51,16.79
251,2,0,1,2016,11,24,13,51,17.609
252,2,0,1,2016,11,24,13,51,20.812
253,2,0,1,2016,11,24,14,11,56.795
254,2,0,1,2016,11,24,14,11,57.502
255,2,0,1,2016,11,24,14,11,57.908
256,2,0,1,2016,11,24,14,11,58.848
257,2,0,1,2016,11,24,14,13,23.395
258,1,0,1,2016,11,24,14,15,3.426
259,1,0,1,2016,11,24,14,15,4.101
260,2,0,1,2016,11,24,14,15,50.033
261,2,0,1,2016,11,24,14,15,51.878
262,2,0,1,2016,11,24,14,15,53.085
263,2,0,1,2016,11,24,14,15,53.157
264,2,0,1,2016,11,24,14,15,55.403
265,2,0,1,2016,11,24,14,15,57.595
266,2,0,1,2016,11,24,14,16,9.909
267,2,0,1,2016,11,24,14,16,11.444
268,2,0,1,2016,11,24,14,16,28.812
269,2,0,1,2016,11,24,14,16,37.184
270,2,0,1,2016,11,24,14,16,49.193
271,1,0,1,2016,11,24,14,17,48.607
272,2,0,1,2016,11,24,14,18,22.24
273,2,0,1,2016,11,24,14,18,23.499
274,2,0,1,2016,11,24,14,19,59.274
275,2,0,1,2016,11,24,14,20,9.831
276,2,0,1,2016,11,24,14,20,10.894
277,2,0,1,2016,11,24,14,20,12.305
278,1,0,1,2016,11,24,14,21,11.011
279,1,0,1,2016,11,24,14,21,11.548
280,1,0,1,2016,11,24,14,21,14.195
281,1,0,1,2016,11,24,14,22,2.633
282,1,0,1,2016,11,24,14,22,4.028
283,1,0,1,2016,11,24,14,22,8.394
284,1,0,1,2016,11,24,14,22,9.187
285,1,0,1,2016,11,24,14,22,9.243
286,1,0,1,2016,11,24,14,22,13.477
287,1,0,1,2016,11,24,14,22,14.205
288,1,0,1,2016,11,24,14,22,14.997
289,1,0,1,2016,11,24,14,22,23.415
290,1,0,1,2016,11,24,14,22,24.036
291,1,0,1,2016,11,24,14,22,26.127
292,2,0,1,2016,11,24,14,41,2.778
293,2,0,1,2016,11,24,14,41,11.828
294,2,0,1,2016,11,24,14,41,12.965
295,2,0,1,2016,11,24,14,41,14.734
296,2,0,1,2016,11,24,14,41,19.733
297,2,0,1,2016,11,24,14,41,42.183
298,2,0,1,2016,11,24,14,41,42.431
299,1,0,1,2016,11,24,14,41,50.364
300,1,0,1,2016,11,24,14,41,56.419
301,1,0,1,2016,11,24,14,42,3.921
302,1,0,1,2016,11,24,14,54,13.303
303,1,0,1,2016,11,24,14,54,17.253
304,1,0,1,2016,11,24,14,54,34.581
305,1,0,1,2016,11,24,14,55,45.167
306,2,0,1,2016,11,24,14,56,1.968
307,2,0,1,2016,11,24,14,56,3.107
308,1,0,1,2016,11,24,14,56,10.045
309,1,0,1,2016,11,24,14,56,20.432
310,1,0,1,2016,11,24,14,56,40.193
311,1,0,1,2016,11,24,14,56,52.162
312,1,0,1,2016,11,24,14,56,59.772
313,1,0,1,2016,11,24,14,57,15.173
314,1,0,1,2016,11,24,14,57,45.359
315,1,0,1,2016,11,24,14,57,54.674
316,1,0,1,2016,11,24,14,57,55.205
317,1,0,1,2016,11,24,14,57,55.65
318,1,0,1,2016,11,24,14,57,56.524
319,1,0,1,2016,11,24,14,57,58.127
320,1,0,1,2016,11,24,14,59,14.281
321,1,0,1,2016,11,24,14,59,58.562
322,2,0,1,2016,11,24,15,50,29.736
