Var1_ 1,Var1_ 2,Var1_ 3,Var1_ 4,Var1_ 5,Var1_ 6,Var1_ 7,Var1_ 8,Var1_ 9,Var1_10
0,0,0,0,2016,3,4,8,6,1.341
1,1,1,1,2016,3,4,8,6,34.565
2,1,1,1,2016,3,4,8,6,43.557
3,1,1,1,2016,3,4,8,6,48.165
4,1,2,1,2016,3,4,8,6,52.692
5,1,1,1,2016,3,4,8,6,57.007
6,1,1,1,2016,3,4,8,7,10.832
7,1,1,1,2016,3,4,8,7,14.279
8,1,1,1,2016,3,4,8,7,23.457
9,1,0,1,2016,3,4,8,7,23.498
10,1,1,1,2016,3,4,8,7,26.873
11,1,1,1,2016,3,4,8,7,32.655
12,1,1,1,2016,3,4,8,8,34.18
13,1,2,1,2016,3,4,8,8,42
14,1,2,1,2016,3,4,8,9,7.854
15,1,1,1,2016,3,4,8,9,31.97
16,1,2,1,2016,3,4,8,9,37.136
17,1,2,1,2016,3,4,8,9,48.274
18,1,1,1,2016,3,4,8,9,52.829
19,1,2,1,2016,3,4,8,10,6.201
20,1,1,1,2016,3,4,8,10,20.249
21,1,1,1,2016,3,4,8,10,37.113
22,1,1,1,2016,3,4,8,11,7.966
23,2,2,1,2016,3,4,8,11,25.283
24,2,2,1,2016,3,4,8,12,19.863
25,2,2,1,2016,3,4,8,12,24.049
26,2,0,1,2016,3,4,8,12,25.151
27,2,0,1,2016,3,4,8,12,26.519
28,2,2,1,2016,3,4,8,12,32.883
29,2,2,1,2016,3,4,8,12,51.536
30,2,2,1,2016,3,4,8,13,31.355
31,2,2,1,2016,3,4,8,14,43.359
32,2,2,1,2016,3,4,8,15,3.746
33,1,1,1,2016,3,4,8,16,12.176
34,1,1,1,2016,3,4,8,16,18.511
35,1,2,1,2016,3,4,8,16,22.612
36,1,2,1,2016,3,4,8,16,34.634
37,1,0,1,2016,3,4,8,16,36.528
38,1,1,1,2016,3,4,8,20,12.254
39,1,2,1,2016,3,4,8,20,34.257
40,1,1,1,2016,3,4,8,20,39.437
41,1,0,1,2016,3,4,8,20,39.503
42,1,1,1,2016,3,4,8,20,44.914
43,1,1,1,2016,3,4,8,20,49.574
44,1,1,1,2016,3,4,8,22,35.326
45,1,1,1,2016,3,4,8,22,39.269
46,1,0,1,2016,3,4,8,22,39.456
47,1,1,1,2016,3,4,8,22,44.953
48,1,2,1,2016,3,4,8,22,52.054
49,1,1,1,2016,3,4,8,22,57.202
50,1,2,1,2016,3,4,8,23,16.542
51,1,0,1,2016,3,4,8,23,17.733
52,1,0,1,2016,3,4,8,23,17.837
53,1,0,1,2016,3,4,8,23,18.162
54,1,2,1,2016,3,4,8,23,21.52
55,1,0,1,2016,3,4,8,23,24.152
56,1,0,1,2016,3,4,8,23,24.26
57,1,0,1,2016,3,4,8,23,24.369
58,1,0,1,2016,3,4,8,23,24.472
59,1,1,1,2016,3,4,8,23,26.31
60,1,0,1,2016,3,4,8,23,26.452
61,1,2,1,2016,3,4,8,23,32.889
62,1,1,1,2016,3,4,8,23,35.991
63,1,0,1,2016,3,4,8,23,37.551
64,1,2,1,2016,3,4,8,23,43.065
65,1,0,1,2016,3,4,8,23,45.687
66,1,2,1,2016,3,4,8,23,47.45
67,1,0,1,2016,3,4,8,23,47.563
68,1,0,1,2016,3,4,8,23,47.697
69,1,0,1,2016,3,4,8,23,47.822
70,1,2,1,2016,3,4,8,23,54.707
71,1,0,1,2016,3,4,8,23,54.906
72,1,0,1,2016,3,4,8,23,56.989
73,1,1,1,2016,3,4,8,23,58.257
74,1,2,1,2016,3,4,8,24,1.945
75,1,0,1,2016,3,4,8,24,3.179
76,1,0,1,2016,3,4,8,24,3.229
77,1,0,1,2016,3,4,8,24,4.01
78,1,0,1,2016,3,4,8,24,4.108
79,1,0,1,2016,3,4,8,24,4.939
80,1,1,1,2016,3,4,8,24,5.878
81,1,0,1,2016,3,4,8,24,6.035
82,1,0,1,2016,3,4,8,24,6.18
83,1,1,1,2016,3,4,8,24,13.775
84,1,2,1,2016,3,4,8,24,18.55
85,1,0,1,2016,3,4,8,24,19.517
86,1,2,1,2016,3,4,8,24,24.642
87,1,0,1,2016,3,4,8,24,26.389
88,1,2,1,2016,3,4,8,24,30.274
89,1,2,1,2016,3,4,8,24,34.3
90,1,0,1,2016,3,4,8,24,34.38
91,1,0,1,2016,3,4,8,24,34.669
92,1,2,1,2016,3,4,8,24,40.893
93,1,0,1,2016,3,4,8,24,45.08
94,1,0,1,2016,3,4,8,24,47.208
95,1,0,1,2016,3,4,8,24,48.01
96,1,0,1,2016,3,4,8,24,48.813
97,1,0,1,2016,3,4,8,24,48.854
98,1,0,1,2016,3,4,8,24,51.417
99,1,0,1,2016,3,4,8,24,52.608
100,1,0,1,2016,3,4,8,24,52.66
101,1,0,1,2016,3,4,8,24,56.251
102,1,0,1,2016,3,4,8,25,0.241
103,1,0,1,2016,3,4,8,25,1.157
104,1,0,1,2016,3,4,8,25,4.236
105,1,0,1,2016,3,4,8,25,5.215
106,1,0,1,2016,3,4,8,25,6.101
107,1,0,1,2016,3,4,8,25,7.183
108,1,0,1,2016,3,4,8,25,9.215
109,1,0,1,2016,3,4,8,25,13.704
110,1,0,1,2016,3,4,8,25,14.64
111,1,0,1,2016,3,4,8,27,24.224
112,1,0,1,2016,3,4,8,27,26.129
113,1,0,1,2016,3,4,8,27,26.406
114,1,0,1,2016,3,4,8,27,27.241
115,1,0,1,2016,3,4,8,27,28.649
116,1,0,1,2016,3,4,8,27,39.247
117,1,0,1,2016,3,4,8,27,40.62
118,1,0,1,2016,3,4,8,27,41.747
119,1,0,1,2016,3,4,8,27,42.087
120,1,0,1,2016,3,4,8,27,47.945
121,1,0,1,2016,3,4,8,27,49.888
122,1,0,1,2016,3,4,8,27,52.838
123,1,0,1,2016,3,4,8,28,14.877
124,1,0,1,2016,3,4,8,28,24.27
125,1,0,1,2016,3,4,8,28,25.326
126,2,0,1,2016,3,4,8,30,23.612
127,2,0,1,2016,3,4,8,30,24.913
128,2,0,1,2016,3,4,8,30,25.679
129,2,0,1,2016,3,4,8,30,27.003
130,2,0,1,2016,3,4,8,30,31.362
131,2,0,1,2016,3,4,8,30,32.22
132,1,0,1,2016,3,4,8,42,13.677
133,1,0,1,2016,3,4,8,42,13.806
134,1,0,1,2016,3,4,8,45,0.932
135,1,0,1,2016,3,4,8,45,55.551
136,1,0,1,2016,3,4,8,46,12.342
137,1,0,1,2016,3,4,8,46,12.373
138,1,0,1,2016,3,4,8,46,12.444
139,1,0,1,2016,3,4,8,46,17.235
140,1,0,1,2016,3,4,8,46,17.271
141,1,0,1,2016,3,4,9,48,23.185
142,1,0,1,2016,3,4,10,40,34.862
143,1,0,1,2016,3,4,10,40,54
144,1,0,1,2016,3,4,10,40,54.042
145,1,0,1,2016,3,4,10,41,57.036
146,1,0,1,2016,3,4,11,47,47.443
147,1,0,1,2016,3,4,12,8,38.588
148,2,0,1,2016,3,4,12,27,7.508
149,2,0,1,2016,3,4,12,27,8.362
150,2,0,1,2016,3,4,12,27,9.228
151,2,0,1,2016,3,4,12,46,2.193
152,2,0,1,2016,3,4,12,46,3.064
153,2,0,1,2016,3,4,12,46,5.237
154,2,0,1,2016,3,4,12,46,6.049
155,1,0,1,2016,3,4,12,51,21.327
156,2,0,1,2016,3,4,12,59,23.737
157,2,0,1,2016,3,4,12,59,24.956
158,2,0,1,2016,3,4,12,59,26.817
159,2,0,1,2016,3,4,12,59,27.047
160,2,0,1,2016,3,4,12,59,28.074
161,2,0,1,2016,3,4,12,59,30.597
162,2,0,1,2016,3,4,12,59,31.33
163,2,0,1,2016,3,4,12,59,32.323
164,2,0,1,2016,3,4,12,59,39.755
165,2,0,1,2016,3,4,12,59,40.52
166,2,0,1,2016,3,4,12,59,43.57
167,2,0,1,2016,3,4,12,59,44.497
168,1,0,1,2016,3,4,13,1,10.841
169,2,0,1,2016,3,4,13,54,47.883
170,2,0,1,2016,3,4,13,54,57.814
171,2,0,1,2016,3,4,13,54,58.622
172,2,0,1,2016,3,4,13,55,0.096
173,2,0,1,2016,3,4,13,55,1.385
174,2,0,1,2016,3,4,13,55,14.192
175,2,0,1,2016,3,4,13,55,14.995
176,2,0,1,2016,3,4,13,55,15.841
177,2,0,1,2016,3,4,13,55,22.044
178,2,0,1,2016,3,4,13,55,23.246
179,2,0,1,2016,3,4,13,55,25.136
180,2,0,1,2016,3,4,13,55,26.799
181,2,0,1,2016,3,4,13,55,31.443
182,2,0,1,2016,3,4,13,55,32.554
183,2,0,1,2016,3,4,13,55,52.01
184,2,0,1,2016,3,4,13,55,52.864
185,2,0,1,2016,3,4,13,55,54.16
186,2,0,1,2016,3,4,14,26,9.435
187,2,0,1,2016,3,4,14,26,10.648
188,2,0,1,2016,3,4,14,26,11.607
189,2,0,1,2016,3,4,14,26,12.389
190,2,0,1,2016,3,4,14,26,13.65
191,2,0,1,2016,3,4,14,26,14.486
192,2,0,1,2016,3,4,14,26,15.287
193,2,0,1,2016,3,4,14,26,24.499
194,2,0,1,2016,3,4,14,26,25.258
195,2,0,1,2016,3,4,14,26,26.247
196,2,0,1,2016,3,4,14,26,27.206
197,2,0,1,2016,3,4,14,36,9.216
198,2,0,1,2016,3,4,14,36,10.506
199,2,0,1,2016,3,4,14,36,13.761
200,2,0,1,2016,3,4,14,36,14.646
201,2,0,1,2016,3,4,14,36,23.085
202,2,0,1,2016,3,4,14,36,25.137
203,2,0,1,2016,3,4,14,36,25.834
204,2,0,1,2016,3,4,14,36,26.405
205,2,0,1,2016,3,4,14,36,28.386
206,2,0,1,2016,3,4,14,36,29.873
207,2,0,1,2016,3,4,14,36,45.339
208,2,0,1,2016,3,4,14,36,45.826
209,2,0,1,2016,3,4,14,36,46.34
210,2,0,1,2016,3,4,14,36,46.966
211,2,0,1,2016,3,4,14,36,49.584
212,2,0,1,2016,3,4,14,36,50.278
213,2,0,1,2016,3,4,14,36,50.88
214,2,0,1,2016,3,4,14,36,51.467
215,2,0,1,2016,3,4,14,36,53.049
216,2,0,1,2016,3,4,14,37,19.011
217,2,0,1,2016,3,4,14,37,19.708
218,2,0,1,2016,3,4,14,37,20.493
219,2,0,1,2016,3,4,14,37,21.194
220,2,0,1,2016,3,4,14,37,22.078
221,2,0,1,2016,3,4,14,37,27.033
222,2,0,1,2016,3,4,14,37,27.971
223,2,0,1,2016,3,4,14,37,29.067
224,2,0,1,2016,3,4,15,2,37.646
225,2,0,1,2016,3,4,15,2,41.329
226,2,0,1,2016,3,4,15,6,44.999
227,2,0,1,2016,3,4,15,6,45.688
228,2,0,1,2016,3,4,15,6,46.703
229,2,0,1,2016,3,4,15,6,47.782
230,2,0,1,2016,3,4,15,6,48.866
231,2,0,1,2016,3,4,15,6,49.757
232,2,0,1,2016,3,4,15,6,51.307
233,2,0,1,2016,3,4,15,7,2.577
234,2,0,1,2016,3,4,15,7,3.581
235,2,0,1,2016,3,4,15,7,4.621
236,2,0,1,2016,3,4,15,7,5.541
237,2,0,1,2016,3,4,15,7,6.671
238,2,0,1,2016,3,4,15,7,7.911
239,2,0,1,2016,3,4,15,7,8.931
240,2,0,1,2016,3,4,15,7,9.928
241,2,0,1,2016,3,4,15,7,10.7
242,2,0,1,2016,3,4,15,7,14.27
243,2,0,1,2016,3,4,15,7,15.331
244,2,0,1,2016,3,4,15,7,15.892
245,2,0,1,2016,3,4,15,7,16.408
246,2,0,1,2016,3,4,15,46,42.854
247,2,0,1,2016,3,4,15,46,44.097
248,2,0,1,2016,3,4,15,46,45.373
249,2,0,1,2016,3,4,15,46,46.236
250,2,0,1,2016,3,4,15,46,47.261
251,2,0,1,2016,3,4,15,46,48.329
252,2,0,1,2016,3,4,15,46,50.635
253,2,0,1,2016,3,4,15,46,52.423
254,2,0,1,2016,3,4,15,46,55.849
255,2,0,1,2016,3,4,15,46,57.328
256,2,0,1,2016,3,4,15,46,59.511
257,2,0,1,2016,3,4,15,47,0.152
258,2,0,1,2016,3,4,15,47,0.907
259,2,0,1,2016,3,4,15,47,2.167
260,2,0,1,2016,3,4,15,47,6.091
261,2,0,1,2016,3,4,15,47,18.863
262,2,0,1,2016,3,4,15,47,20.283
263,2,0,1,2016,3,4,15,47,21.038
264,2,0,1,2016,3,4,15,47,22.16
265,2,0,1,2016,3,4,15,47,22.951
266,2,0,1,2016,3,4,15,47,24.051
267,2,0,1,2016,3,4,15,47,42.882
268,2,0,1,2016,3,4,15,47,44.073
269,2,0,1,2016,3,4,15,47,45.089
270,2,0,1,2016,3,4,15,47,48.383
271,2,0,1,2016,3,4,16,23,18.596
272,2,0,1,2016,3,4,16,23,22.44
273,2,0,1,2016,3,4,16,23,23.352
274,2,0,1,2016,3,4,16,24,4.336
275,2,0,1,2016,3,4,16,24,5.396
276,2,0,1,2016,3,4,16,24,6.306
