Var1_ 1,Var1_ 2,Var1_ 3,Var1_ 4,Var1_ 5,Var1_ 6,Var1_ 7,Var1_ 8,Var1_ 9,Var1_10
0,0,0,0,2016,2,3,8,5,19.938
1,2,2,1,2016,2,3,8,17,10.376
2,2,2,1,2016,2,3,8,20,25.401
3,2,2,1,2016,2,3,8,20,41.329
4,2,0,1,2016,2,3,8,20,41.896
5,2,0,1,2016,2,3,8,20,43.309
6,2,2,1,2016,2,3,8,20,45.288
7,2,1,1,2016,2,3,8,20,54.824
8,2,2,1,2016,2,3,8,21,19.048
9,2,0,1,2016,2,3,8,21,22
10,2,2,1,2016,2,3,8,27,31.786
11,2,1,1,2016,2,3,8,27,35.036
12,2,2,1,2016,2,3,8,27,50.22
13,2,2,1,2016,2,3,8,33,48.023
14,2,2,1,2016,2,3,8,37,35.431
15,2,1,1,2016,2,3,8,37,49.586
16,2,2,1,2016,2,3,8,38,45.379
17,2,1,1,2016,2,3,8,38,54.544
18,2,2,1,2016,2,3,8,39,29.479
19,2,1,1,2016,2,3,8,39,38.797
20,2,2,1,2016,2,3,8,39,51.89
21,2,0,1,2016,2,3,8,39,51.962
22,2,2,1,2016,2,3,8,40,8.471
23,2,0,1,2016,2,3,8,40,8.736
24,2,0,1,2016,2,3,8,40,10.872
25,2,0,1,2016,2,3,8,40,11.38
26,2,2,1,2016,2,3,8,40,12.028
27,2,0,1,2016,2,3,8,40,14.553
28,2,2,1,2016,2,3,8,53,36.686
29,2,2,1,2016,2,3,8,54,2.768
30,2,1,1,2016,2,3,8,58,43.04
31,2,2,1,2016,2,3,8,58,59.436
32,2,2,1,2016,2,3,8,59,11.989
33,2,1,1,2016,2,3,8,59,16.409
34,2,1,1,2016,2,3,8,59,47.672
35,2,1,1,2016,2,3,9,0,0.198
36,2,1,1,2016,2,3,9,1,27.341
37,2,2,1,2016,2,3,9,1,33.483
38,2,0,1,2016,2,3,9,1,34.751
39,2,0,1,2016,2,3,9,1,35.391
40,2,2,1,2016,2,3,9,3,1.025
41,2,1,1,2016,2,3,9,14,53.387
42,2,2,1,2016,2,3,9,16,54.667
43,2,1,1,2016,2,3,9,17,9.993
44,2,2,1,2016,2,3,9,18,33.529
45,2,2,1,2016,2,3,9,18,54.994
46,2,2,1,2016,2,3,9,18,59.618
47,2,1,1,2016,2,3,9,19,3.149
48,2,2,1,2016,2,3,9,20,38.352
49,2,0,1,2016,2,3,9,20,39.553
50,2,1,1,2016,2,3,9,21,48.871
51,2,1,1,2016,2,3,9,22,35.462
52,2,2,1,2016,2,3,9,22,53.477
53,2,2,1,2016,2,3,9,22,58.089
54,2,1,1,2016,2,3,9,23,2.098
55,2,2,1,2016,2,3,9,23,23.875
56,2,0,1,2016,2,3,9,23,26.191
57,2,1,1,2016,2,3,9,23,32.564
58,2,2,1,2016,2,3,9,25,15.567
59,2,0,1,2016,2,3,9,25,17.028
60,2,0,1,2016,2,3,9,25,18.04
61,2,1,1,2016,2,3,9,26,10.766
62,2,1,1,2016,2,3,9,28,7.211
63,2,2,1,2016,2,3,9,28,17.158
64,2,1,1,2016,2,3,9,28,31.335
65,2,1,1,2016,2,3,9,28,47.366
66,2,0,1,2016,2,3,9,28,47.693
67,2,1,1,2016,2,3,9,29,6.124
68,2,1,1,2016,2,3,9,34,29.164
69,2,1,1,2016,2,3,9,35,0.256
70,2,1,1,2016,2,3,9,35,10.166
71,2,0,1,2016,2,3,9,35,11.362
72,2,1,1,2016,2,3,9,35,15.412
73,2,1,1,2016,2,3,9,35,21.454
74,2,1,1,2016,2,3,9,35,28.563
75,2,1,1,2016,2,3,9,35,45.614
76,2,0,1,2016,2,3,9,35,46.452
77,2,1,1,2016,2,3,9,46,22.108
78,2,0,1,2016,2,3,9,46,29.391
79,2,0,1,2016,2,3,9,46,36.391
80,2,0,1,2016,2,3,9,46,42.927
81,2,0,1,2016,2,3,9,47,26.057
82,2,0,1,2016,2,3,9,49,7.35
83,1,0,1,2016,2,3,9,49,10.635
84,2,0,1,2016,2,3,9,52,20.455
85,2,0,1,2016,2,3,10,1,25.009
86,2,0,1,2016,2,3,10,1,25.065
87,2,0,1,2016,2,3,10,4,24.145
88,2,0,1,2016,2,3,10,5,27.825
89,2,0,1,2016,2,3,10,12,44.559
90,1,0,1,2016,2,3,10,20,18.531
91,1,0,1,2016,2,3,10,20,18.892
92,2,0,1,2016,2,3,10,22,2.297
93,2,0,1,2016,2,3,10,22,5.286
94,2,0,1,2016,2,3,10,22,6.43
95,2,0,1,2016,2,3,10,30,9.212
96,2,0,1,2016,2,3,10,30,30.696
97,2,0,1,2016,2,3,10,30,35.763
98,2,0,1,2016,2,3,10,30,49.503
99,2,0,1,2016,2,3,10,31,27.859
100,2,0,1,2016,2,3,10,31,42.092
101,2,0,1,2016,2,3,10,31,52.559
102,2,0,1,2016,2,3,10,31,53.69
103,2,0,1,2016,2,3,10,53,9.52
104,2,0,1,2016,2,3,10,53,32.301
105,2,0,1,2016,2,3,11,8,22.175
106,2,0,1,2016,2,3,11,57,50.922
107,2,0,1,2016,2,3,12,18,6.933
108,2,0,1,2016,2,3,12,18,7.478
109,2,0,1,2016,2,3,12,19,43.953
110,2,0,1,2016,2,3,12,29,3.109
111,2,0,1,2016,2,3,12,29,4.228
112,2,0,1,2016,2,3,12,29,5.261
113,2,0,1,2016,2,3,12,29,6.311
114,2,0,1,2016,2,3,12,29,7.334
115,2,0,1,2016,2,3,12,29,8.102
116,2,0,1,2016,2,3,12,29,9.203
117,2,0,1,2016,2,3,12,29,15.103
118,2,0,1,2016,2,3,12,29,25.026
119,2,0,1,2016,2,3,12,29,37.902
120,2,0,1,2016,2,3,12,29,42.561
121,2,0,1,2016,2,3,12,29,43.362
122,2,0,1,2016,2,3,12,30,0.266
123,1,0,1,2016,2,3,12,30,53.545
124,2,0,1,2016,2,3,12,55,50.105
125,2,0,1,2016,2,3,12,57,1.298
126,2,0,1,2016,2,3,12,57,2.999
127,2,0,1,2016,2,3,12,57,4.338
128,2,0,1,2016,2,3,12,57,6.386
129,2,0,1,2016,2,3,12,57,12.832
130,2,0,1,2016,2,3,12,57,14.144
131,2,0,1,2016,2,3,12,57,24.002
132,2,0,1,2016,2,3,12,57,24.78
133,2,0,1,2016,2,3,12,57,25.611
134,2,0,1,2016,2,3,12,57,29.632
135,2,0,1,2016,2,3,12,57,31.572
136,2,0,1,2016,2,3,12,57,51.722
137,2,0,1,2016,2,3,13,11,1.143
138,2,0,1,2016,2,3,13,11,11.402
139,2,0,1,2016,2,3,13,11,20.474
140,1,0,1,2016,2,3,13,27,17.824
141,1,0,1,2016,2,3,13,27,18.784
142,2,0,1,2016,2,3,13,41,48.252
143,1,0,1,2016,2,3,13,52,56.396
144,1,0,1,2016,2,3,13,56,50.918
145,1,0,1,2016,2,3,13,56,54.997
146,1,0,1,2016,2,3,13,56,57.552
147,1,0,1,2016,2,3,13,57,12.268
148,1,0,1,2016,2,3,13,57,20.44
149,2,0,1,2016,2,3,13,57,50.741
150,1,0,1,2016,2,3,14,26,23.262
151,1,0,1,2016,2,3,14,29,29.284
152,2,0,1,2016,2,3,15,5,13.677
153,2,0,1,2016,2,3,15,5,14.872
154,2,0,1,2016,2,3,15,5,17.257
155,2,0,1,2016,2,3,15,5,38.448
156,2,0,1,2016,2,3,15,5,39.323
157,2,0,1,2016,2,3,15,5,39.69
158,2,0,1,2016,2,3,15,5,41.151
159,2,0,1,2016,2,3,15,5,43.449
160,2,0,1,2016,2,3,15,5,44.621
161,2,0,1,2016,2,3,15,5,45.428
162,2,0,1,2016,2,3,15,5,46.59
163,2,0,1,2016,2,3,15,6,28.198
164,2,0,1,2016,2,3,15,6,29.501
165,2,0,1,2016,2,3,15,6,30.475
166,2,0,1,2016,2,3,15,6,31.293
167,2,0,1,2016,2,3,15,6,32.21
168,2,0,1,2016,2,3,15,6,32.842
169,2,0,1,2016,2,3,15,6,33.561
170,2,0,1,2016,2,3,15,6,34.72
171,2,0,1,2016,2,3,15,7,0.652
172,2,0,1,2016,2,3,15,7,2.225
173,2,0,1,2016,2,3,15,7,16.067
174,2,0,1,2016,2,3,15,7,17.232
175,2,0,1,2016,2,3,15,7,22.387
176,2,0,1,2016,2,3,15,7,24.766
177,2,0,1,2016,2,3,15,7,25.425
178,2,0,1,2016,2,3,15,7,29.79
179,2,0,1,2016,2,3,15,7,30.53
180,2,0,1,2016,2,3,15,7,41.894
181,2,0,1,2016,2,3,15,7,43.267
182,2,0,1,2016,2,3,15,7,44.486
183,2,0,1,2016,2,3,15,7,45.621
184,2,0,1,2016,2,3,15,7,46.766
185,1,0,1,2016,2,3,15,51,14.294
186,1,0,1,2016,2,3,15,51,16.375
187,1,0,1,2016,2,3,15,51,19.533
188,1,0,1,2016,2,3,15,51,21.038
189,2,0,1,2016,2,3,15,51,25.405
190,2,0,1,2016,2,3,16,9,10.111
191,2,0,1,2016,2,3,16,9,18.371
192,2,0,1,2016,2,3,16,9,28.198
193,2,0,1,2016,2,3,16,9,29.346
194,2,0,1,2016,2,3,16,9,30.873
195,2,0,1,2016,2,3,16,9,31.658
196,2,0,1,2016,2,3,16,9,32.692
197,2,0,1,2016,2,3,16,9,34.032
198,2,0,1,2016,2,3,16,9,42.316
199,2,0,1,2016,2,3,16,9,43.6
200,2,0,1,2016,2,3,16,9,45.074
201,2,0,1,2016,2,3,16,9,45.691
202,2,0,1,2016,2,3,16,9,46.533
203,2,0,1,2016,2,3,16,9,58.263
204,2,0,1,2016,2,3,16,10,6.119
205,2,0,1,2016,2,3,16,10,10.13
206,2,0,1,2016,2,3,16,10,11.229
207,2,0,1,2016,2,3,17,9,1.274
208,2,0,1,2016,2,3,17,16,40.327
209,2,0,1,2016,2,3,17,18,2.042
210,2,0,1,2016,2,3,17,18,4.126
211,2,0,1,2016,2,3,17,18,58.924
212,2,0,1,2016,2,3,17,19,23.396
213,2,0,1,2016,2,3,17,19,24.262
214,2,0,1,2016,2,3,17,19,28.63
215,2,0,1,2016,2,3,17,19,32.965
216,2,0,1,2016,2,3,17,19,35.411
217,2,0,1,2016,2,3,17,19,37.074
218,2,0,1,2016,2,3,17,19,39.619
219,2,0,1,2016,2,3,17,19,41.04
220,2,0,1,2016,2,3,17,19,42.205
221,2,0,1,2016,2,3,17,19,44.582
222,2,0,1,2016,2,3,17,19,46.416
223,2,0,1,2016,2,3,17,19,56.223
224,2,0,1,2016,2,3,17,20,14.557
225,2,0,1,2016,2,3,17,20,24.788
226,2,0,1,2016,2,3,17,20,35.354
227,2,0,1,2016,2,3,17,20,38.107
228,2,0,1,2016,2,3,17,20,40.87
229,2,0,1,2016,2,3,17,20,42.79
