Var1_ 1,Var1_ 2,Var1_ 3,Var1_ 4,Var1_ 5,Var1_ 6,Var1_ 7,Var1_ 8,Var1_ 9,Var1_10
0,0,0,0,2016,2,1,8,5,28.403
1,2,2,1,2016,2,1,8,6,34.953
2,2,2,1,2016,2,1,8,7,19.184
3,2,2,1,2016,2,1,8,7,56.65
4,2,2,1,2016,2,1,8,8,51.505
5,2,1,1,2016,2,1,8,9,6.198
6,2,2,1,2016,2,1,8,10,14.013
7,2,2,1,2016,2,1,8,10,25.747
8,2,1,1,2016,2,1,8,10,42.654
9,2,2,1,2016,2,1,8,11,37.643
10,2,2,1,2016,2,1,8,13,34.048
11,2,2,1,2016,2,1,8,14,41.952
12,2,1,1,2016,2,1,8,15,47.147
13,2,0,1,2016,2,1,8,15,47.736
14,2,2,1,2016,2,1,8,15,58.809
15,2,1,1,2016,2,1,8,16,10.304
16,2,2,1,2016,2,1,8,16,14.874
17,2,1,1,2016,2,1,8,16,22.172
18,2,0,1,2016,2,1,8,16,23.307
19,2,2,1,2016,2,1,8,16,26.361
20,2,2,1,2016,2,1,8,16,50.692
21,2,2,1,2016,2,1,8,18,23.022
22,2,2,1,2016,2,1,8,18,51.613
23,2,2,1,2016,2,1,8,18,58.881
24,2,1,1,2016,2,1,8,19,37.275
25,2,2,1,2016,2,1,8,19,44.217
26,2,2,1,2016,2,1,8,20,23.676
27,2,1,1,2016,2,1,8,20,40.929
28,2,1,1,2016,2,1,8,26,19.148
29,2,0,1,2016,2,1,8,26,20.404
30,2,0,1,2016,2,1,8,26,21.657
31,2,1,1,2016,2,1,8,26,23.867
32,2,0,1,2016,2,1,8,26,24.609
33,2,0,1,2016,2,1,8,26,25.903
34,2,0,1,2016,2,1,8,26,26.591
35,2,1,1,2016,2,1,8,26,27.151
36,2,0,1,2016,2,1,8,26,27.633
37,2,0,1,2016,2,1,8,26,28.674
38,2,2,1,2016,2,1,8,27,9.393
39,2,2,1,2016,2,1,8,27,17.739
40,2,0,1,2016,2,1,8,27,19.14
41,2,1,1,2016,2,1,8,27,24.742
42,2,0,1,2016,2,1,8,27,25.763
43,2,0,1,2016,2,1,8,27,26.256
44,2,0,1,2016,2,1,8,27,26.918
45,2,2,1,2016,2,1,8,28,41.151
46,2,1,1,2016,2,1,8,32,44.056
47,2,2,1,2016,2,1,8,36,28.71
48,2,2,1,2016,2,1,8,40,22.564
49,2,2,1,2016,2,1,8,40,26.26
50,2,1,1,2016,2,1,8,41,0.511
51,2,0,1,2016,2,1,8,41,2.268
52,2,0,1,2016,2,1,8,41,3.512
53,2,2,1,2016,2,1,8,41,7.59
54,2,1,1,2016,2,1,8,41,14.092
55,2,1,1,2016,2,1,8,41,18.348
56,2,0,1,2016,2,1,8,41,19.668
57,2,2,1,2016,2,1,8,42,59.747
58,2,0,1,2016,2,1,8,42,59.797
59,1,1,1,2016,2,1,8,46,32.816
60,2,2,1,2016,2,1,8,50,45.969
61,2,1,1,2016,2,1,8,53,57.812
62,2,1,1,2016,2,1,8,54,7.297
63,2,0,1,2016,2,1,8,54,7.879
64,2,0,1,2016,2,1,8,54,9.391
65,2,1,1,2016,2,1,8,54,13.174
66,2,2,1,2016,2,1,8,54,17.252
67,2,2,1,2016,2,1,8,54,38.471
68,2,1,1,2016,2,1,8,57,51.73
69,2,0,1,2016,2,1,8,57,52.404
70,2,2,1,2016,2,1,8,58,49.838
71,2,1,1,2016,2,1,9,0,33.585
72,2,1,1,2016,2,1,9,9,37.432
73,2,0,1,2016,2,1,9,9,38.294
74,2,0,1,2016,2,1,9,9,39.608
75,2,1,1,2016,2,1,9,9,41.64
76,2,1,1,2016,2,1,9,11,13.618
77,2,0,1,2016,2,1,9,11,13.672
78,2,1,1,2016,2,1,9,13,24.6
79,2,1,1,2016,2,1,9,13,31.617
80,2,1,1,2016,2,1,9,13,36.277
81,2,1,1,2016,2,1,9,13,47.826
82,2,1,1,2016,2,1,9,14,55.06
83,2,1,1,2016,2,1,9,15,0.313
84,2,0,1,2016,2,1,9,17,13.917
85,2,0,1,2016,2,1,9,19,0.751
86,2,0,1,2016,2,1,9,20,51.72
87,2,0,1,2016,2,1,9,38,25.241
88,2,0,1,2016,2,1,9,49,44.772
89,2,0,1,2016,2,1,9,50,27.739
90,2,0,1,2016,2,1,9,50,35.548
91,2,0,1,2016,2,1,9,50,59.484
92,2,0,1,2016,2,1,9,52,3.869
93,2,0,1,2016,2,1,9,56,57.948
94,2,0,1,2016,2,1,11,18,25.852
95,2,0,1,2016,2,1,11,18,29.021
96,2,0,1,2016,2,1,11,18,29.67
97,2,0,1,2016,2,1,11,19,41.394
98,2,0,1,2016,2,1,11,20,41.367
99,2,0,1,2016,2,1,11,20,45.669
100,1,0,1,2016,2,1,11,22,35.239
101,1,0,1,2016,2,1,11,24,16.207
102,1,0,1,2016,2,1,11,24,31.464
103,1,0,1,2016,2,1,11,24,59.091
104,1,0,1,2016,2,1,11,25,1.015
105,1,0,1,2016,2,1,11,25,3.743
106,1,0,1,2016,2,1,11,25,4.922
107,1,0,1,2016,2,1,11,25,10.31
108,1,0,1,2016,2,1,11,25,27.615
109,1,0,1,2016,2,1,11,25,54.02
110,1,0,1,2016,2,1,11,27,6.162
111,2,0,1,2016,2,1,11,28,47.729
112,2,0,1,2016,2,1,11,28,51.393
113,2,0,1,2016,2,1,11,28,52.037
114,2,0,1,2016,2,1,11,29,5.234
115,2,0,1,2016,2,1,11,31,0.686
116,2,0,1,2016,2,1,11,31,4.515
117,2,0,1,2016,2,1,11,31,9.291
118,2,0,1,2016,2,1,11,31,9.714
119,2,0,1,2016,2,1,11,31,10.217
120,2,0,1,2016,2,1,11,45,45.459
121,2,0,1,2016,2,1,11,45,45.506
122,2,0,1,2016,2,1,11,54,3.38
123,2,0,1,2016,2,1,12,2,2.421
124,2,0,1,2016,2,1,12,2,6.172
125,2,0,1,2016,2,1,12,2,30.398
126,2,0,1,2016,2,1,12,2,43.582
127,2,0,1,2016,2,1,12,2,58.567
128,2,0,1,2016,2,1,12,3,10.501
129,2,0,1,2016,2,1,12,3,12.038
130,2,0,1,2016,2,1,12,3,14.54
131,2,0,1,2016,2,1,12,3,25.455
132,2,0,1,2016,2,1,12,3,35.657
133,2,0,1,2016,2,1,12,3,39.812
134,2,0,1,2016,2,1,12,3,44.384
135,2,0,1,2016,2,1,12,3,51.474
136,2,0,1,2016,2,1,12,3,51.533
137,2,0,1,2016,2,1,12,3,56.278
138,2,0,1,2016,2,1,12,3,57.163
139,2,0,1,2016,2,1,12,3,59.362
140,2,0,1,2016,2,1,12,4,2.237
141,2,0,1,2016,2,1,12,4,2.292
142,2,0,1,2016,2,1,12,4,8.97
143,2,0,1,2016,2,1,12,4,17.375
144,2,0,1,2016,2,1,12,4,18.848
145,2,0,1,2016,2,1,12,4,21.64
146,2,0,1,2016,2,1,12,5,18.075
147,2,0,1,2016,2,1,12,20,16.053
148,2,0,1,2016,2,1,12,25,37.925
149,2,0,1,2016,2,1,12,25,41.649
150,2,0,1,2016,2,1,12,25,45.748
151,1,0,1,2016,2,1,12,33,16.655
152,1,0,1,2016,2,1,12,33,18.328
153,1,0,1,2016,2,1,12,33,20.266
154,1,0,1,2016,2,1,12,33,26.742
155,2,0,1,2016,2,1,12,33,45.252
156,2,0,1,2016,2,1,12,33,46.423
157,2,0,1,2016,2,1,12,33,47.424
158,2,0,1,2016,2,1,12,33,53.845
159,1,0,1,2016,2,1,12,41,24.705
160,1,0,1,2016,2,1,12,41,25.779
161,2,0,1,2016,2,1,12,58,4.274
162,2,0,1,2016,2,1,13,3,3.22
163,2,0,1,2016,2,1,13,29,24.394
164,2,0,1,2016,2,1,13,29,26.929
165,2,0,1,2016,2,1,13,29,36.407
166,2,0,1,2016,2,1,13,44,25.952
167,1,0,1,2016,2,1,13,44,41.613
168,1,0,1,2016,2,1,13,46,13.826
169,2,0,1,2016,2,1,13,46,38.87
170,2,0,1,2016,2,1,13,46,47.376
171,2,0,1,2016,2,1,13,46,53.002
172,2,0,1,2016,2,1,13,47,14.122
173,2,0,1,2016,2,1,13,47,28.734
174,2,0,1,2016,2,1,13,47,31.563
175,2,0,1,2016,2,1,13,47,32.35
176,2,0,1,2016,2,1,13,47,35.291
177,2,0,1,2016,2,1,13,47,49.95
178,2,0,1,2016,2,1,13,48,26.012
179,2,0,1,2016,2,1,13,48,31.16
180,2,0,1,2016,2,1,13,49,24.917
181,2,0,1,2016,2,1,13,49,50.937
182,2,0,1,2016,2,1,14,11,50.135
183,2,0,1,2016,2,1,14,11,56.938
184,2,0,1,2016,2,1,14,24,7.489
185,2,0,1,2016,2,1,14,24,12.203
186,2,0,1,2016,2,1,14,24,16.487
187,2,0,1,2016,2,1,14,24,20.372
188,2,0,1,2016,2,1,14,24,27.178
189,2,0,1,2016,2,1,14,26,34.798
190,2,0,1,2016,2,1,14,30,8.278
191,2,0,1,2016,2,1,14,30,15.922
192,2,0,1,2016,2,1,14,30,48.346
193,2,0,1,2016,2,1,14,30,54.7
194,1,0,1,2016,2,1,14,37,6.352
195,2,0,1,2016,2,1,15,43,49.227
196,2,0,1,2016,2,1,15,44,4.216
197,2,0,1,2016,2,1,15,44,6.722
198,2,0,1,2016,2,1,15,44,8.257
199,2,0,1,2016,2,1,15,45,24.188
200,1,0,1,2016,2,1,16,2,24.347
201,2,0,1,2016,2,1,16,51,58.226
202,2,0,1,2016,2,1,16,52,4.283
203,2,0,1,2016,2,1,16,52,6.687
204,2,0,1,2016,2,1,16,52,7.526
205,2,0,1,2016,2,1,16,52,8.328
206,2,0,1,2016,2,1,16,52,9.141
207,2,0,1,2016,2,1,16,52,14.643
208,2,0,1,2016,2,1,16,52,15.366
209,2,0,1,2016,2,1,16,52,16.656
210,2,0,1,2016,2,1,16,52,18.681
211,2,0,1,2016,2,1,16,52,19.41
212,2,0,1,2016,2,1,16,52,27.67
213,2,0,1,2016,2,1,16,52,35.193
214,2,0,1,2016,2,1,16,52,37.253
215,2,0,1,2016,2,1,16,52,41.87
216,2,0,1,2016,2,1,16,53,26.921
217,2,0,1,2016,2,1,16,53,28.105
218,2,0,1,2016,2,1,16,53,30.404
219,2,0,1,2016,2,1,16,53,39.748
220,2,0,1,2016,2,1,16,53,41.485
221,2,0,1,2016,2,1,16,53,42.726
222,2,0,1,2016,2,1,16,53,44.037
223,2,0,1,2016,2,1,16,53,44.877
224,2,0,1,2016,2,1,16,53,45.6
225,2,0,1,2016,2,1,16,53,47.088
226,2,0,1,2016,2,1,16,54,3.455
227,2,0,1,2016,2,1,16,54,5.108
228,2,0,1,2016,2,1,16,54,5.824
229,2,0,1,2016,2,1,16,54,6.768
230,2,0,1,2016,2,1,16,54,7.437
231,2,0,1,2016,2,1,16,54,8.384
232,2,0,1,2016,2,1,16,54,9.294
233,2,0,1,2016,2,1,16,54,11.737
234,2,0,1,2016,2,1,16,54,12.992
235,2,0,1,2016,2,1,16,54,14.298
236,2,0,1,2016,2,1,16,54,15.373
237,2,0,1,2016,2,1,16,54,17.148
238,2,0,1,2016,2,1,16,54,17.632
239,2,0,1,2016,2,1,16,54,21.776
240,2,0,1,2016,2,1,16,54,22.914
241,2,0,1,2016,2,1,16,54,35.424
242,2,0,1,2016,2,1,16,54,41.236
243,2,0,1,2016,2,1,16,54,42.33
244,2,0,1,2016,2,1,16,54,43.57
245,2,0,1,2016,2,1,16,55,11.36
246,2,0,1,2016,2,1,17,3,32.601
247,2,0,1,2016,2,1,17,4,3.408
248,2,0,1,2016,2,1,17,4,8.139
249,2,0,1,2016,2,1,17,4,31.524
250,2,0,1,2016,2,1,17,4,47.776
251,2,0,1,2016,2,1,17,6,32.755
252,2,0,1,2016,2,1,17,47,29.38
253,2,0,1,2016,2,1,17,50,22.661
