Var1_ 1,Var1_ 2,Var1_ 3,Var1_ 4,Var1_ 5,Var1_ 6,Var1_ 7,Var1_ 8,Var1_ 9,Var1_10
0,0,0,0,2016,2,5,8,5,11.202
1,2,2,1,2016,2,5,9,19,14.073
2,2,0,1,2016,2,5,9,19,15.317
3,2,0,1,2016,2,5,9,19,15.757
4,2,2,1,2016,2,5,9,19,32.907
5,2,0,1,2016,2,5,9,19,33.885
6,2,2,1,2016,2,5,10,16,37.52
7,2,0,1,2016,2,5,10,16,39.424
8,2,2,1,2016,2,5,10,19,49.264
9,2,1,1,2016,2,5,10,21,6.093
10,2,2,1,2016,2,5,10,21,21.466
11,2,2,1,2016,2,5,10,24,38.949
12,2,0,1,2016,2,5,10,24,39.554
13,2,0,1,2016,2,5,10,24,40.083
14,1,1,1,2016,2,5,10,25,38.211
15,1,1,1,2016,2,5,10,26,35.244
16,1,1,1,2016,2,5,10,32,5.626
17,2,2,1,2016,2,5,10,33,20.676
18,2,0,1,2016,2,5,10,33,20.721
19,2,2,1,2016,2,5,10,35,12.765
20,2,2,1,2016,2,5,10,35,20.965
21,2,0,1,2016,2,5,10,35,21.005
22,2,0,1,2016,2,5,10,35,21.623
23,1,1,1,2016,2,5,10,36,34.88
24,2,2,1,2016,2,5,10,37,41.066
25,2,2,1,2016,2,5,10,37,49.655
26,2,2,1,2016,2,5,10,37,57.863
27,2,2,1,2016,2,5,10,38,39.921
28,2,0,1,2016,2,5,10,38,41.656
29,1,1,1,2016,2,5,10,38,47.504
30,1,1,1,2016,2,5,10,39,24.418
31,1,1,1,2016,2,5,10,40,11.224
32,1,1,1,2016,2,5,10,40,19.865
33,1,1,1,2016,2,5,10,41,53.575
34,1,1,1,2016,2,5,10,43,15.763
35,1,1,1,2016,2,5,10,44,54.573
36,1,1,1,2016,2,5,10,45,40.216
37,1,1,1,2016,2,5,10,45,45.343
38,1,1,1,2016,2,5,10,46,7.813
39,1,1,1,2016,2,5,10,46,21.367
40,1,2,1,2016,2,5,10,47,12.189
41,1,2,1,2016,2,5,10,47,18.134
42,1,0,1,2016,2,5,10,47,18.268
43,1,1,1,2016,2,5,10,48,29.768
44,1,2,1,2016,2,5,10,53,18.357
45,1,2,1,2016,2,5,10,53,51.48
46,1,1,1,2016,2,5,10,53,55.037
47,1,2,1,2016,2,5,10,54,27.15
48,1,1,1,2016,2,5,10,55,17.181
49,1,1,1,2016,2,5,10,59,43.493
50,1,1,1,2016,2,5,11,0,6.917
51,1,0,1,2016,2,5,11,0,7.207
52,1,0,1,2016,2,5,11,0,9.558
53,1,0,1,2016,2,5,11,0,9.792
54,1,1,1,2016,2,5,11,0,36.221
55,1,1,1,2016,2,5,11,1,19.735
56,1,1,1,2016,2,5,11,2,31.425
57,1,2,1,2016,2,5,11,25,14.312
58,1,0,1,2016,2,5,11,25,14.398
59,1,1,1,2016,2,5,11,25,49.028
60,1,2,1,2016,2,5,11,26,21.427
61,1,2,1,2016,2,5,11,26,29.312
62,1,1,1,2016,2,5,11,26,55.24
63,1,2,1,2016,2,5,11,27,17.207
64,1,1,1,2016,2,5,11,27,26.349
65,1,2,1,2016,2,5,11,27,32.034
66,1,2,1,2016,2,5,11,27,41.882
67,1,2,1,2016,2,5,11,27,48.238
68,1,1,1,2016,2,5,11,27,52.142
69,1,2,1,2016,2,5,11,28,27.272
70,1,1,1,2016,2,5,11,28,37.49
71,1,1,1,2016,2,5,11,29,14.298
72,1,2,1,2016,2,5,11,29,21.529
73,1,2,1,2016,2,5,11,29,36.39
74,1,2,1,2016,2,5,11,29,43.232
75,1,2,1,2016,2,5,11,29,55.808
76,1,0,1,2016,2,5,11,30,2.147
77,1,0,1,2016,2,5,11,30,11.701
78,1,0,1,2016,2,5,11,30,52.348
79,1,0,1,2016,2,5,11,30,52.516
80,1,0,1,2016,2,5,11,30,56.298
81,1,0,1,2016,2,5,11,30,56.663
82,1,0,1,2016,2,5,11,31,18.316
83,1,0,1,2016,2,5,11,31,34.532
84,1,0,1,2016,2,5,11,31,38.672
85,1,0,1,2016,2,5,11,31,38.977
86,1,0,1,2016,2,5,11,33,5.368
87,2,0,1,2016,2,5,11,34,13.116
88,1,0,1,2016,2,5,11,34,48.951
89,1,0,1,2016,2,5,11,34,58.149
90,1,0,1,2016,2,5,11,35,29.399
91,1,0,1,2016,2,5,11,35,36.051
92,1,0,1,2016,2,5,11,35,41.956
93,1,0,1,2016,2,5,11,35,49.27
94,1,0,1,2016,2,5,11,35,55.412
95,1,0,1,2016,2,5,11,36,0.636
96,1,0,1,2016,2,5,11,36,9.168
97,1,0,1,2016,2,5,11,36,28.146
98,1,0,1,2016,2,5,11,36,39.717
99,1,0,1,2016,2,5,11,36,39.856
100,1,0,1,2016,2,5,11,36,50.135
101,1,0,1,2016,2,5,11,36,51.18
102,1,0,1,2016,2,5,11,37,15.196
103,1,0,1,2016,2,5,11,37,19.482
104,1,0,1,2016,2,5,11,37,19.824
105,1,0,1,2016,2,5,11,37,37.966
106,1,0,1,2016,2,5,11,37,38.255
107,1,0,1,2016,2,5,11,38,30.783
108,1,0,1,2016,2,5,11,38,38.52
109,1,0,1,2016,2,5,11,38,38.874
110,1,0,1,2016,2,5,11,38,42.642
111,1,0,1,2016,2,5,11,39,36.725
112,1,0,1,2016,2,5,11,39,43.258
113,1,0,1,2016,2,5,11,40,7.674
114,1,0,1,2016,2,5,11,40,24.142
115,1,0,1,2016,2,5,11,41,13.417
116,1,0,1,2016,2,5,12,2,7.001
117,1,0,1,2016,2,5,12,2,7.134
118,1,0,1,2016,2,5,12,2,12.112
119,1,0,1,2016,2,5,12,2,21.376
120,1,0,1,2016,2,5,12,2,28.453
121,1,0,1,2016,2,5,12,5,13.237
122,1,0,1,2016,2,5,12,5,28.265
123,1,0,1,2016,2,5,12,6,23.08
124,1,0,1,2016,2,5,12,6,43.753
125,1,0,1,2016,2,5,12,7,1.16
126,1,0,1,2016,2,5,12,7,2.076
127,1,0,1,2016,2,5,12,7,11.015
128,1,0,1,2016,2,5,12,7,24.734
129,1,0,1,2016,2,5,12,8,37.246
130,1,0,1,2016,2,5,12,8,48.896
131,1,0,1,2016,2,5,12,9,12.453
132,1,0,1,2016,2,5,12,9,16.752
133,1,0,1,2016,2,5,12,9,24.079
134,1,0,1,2016,2,5,12,9,49.169
135,1,0,1,2016,2,5,12,9,58.376
136,1,0,1,2016,2,5,12,10,7.934
137,1,0,1,2016,2,5,12,10,18.62
138,1,0,1,2016,2,5,12,10,22.199
139,1,0,1,2016,2,5,12,10,37.623
140,1,0,1,2016,2,5,12,10,41.761
141,1,0,1,2016,2,5,12,10,42.018
142,1,0,1,2016,2,5,12,11,0.448
143,1,0,1,2016,2,5,12,12,54.251
144,1,0,1,2016,2,5,12,13,8.507
145,1,0,1,2016,2,5,12,13,13.551
146,1,0,1,2016,2,5,12,35,58.117
147,1,0,1,2016,2,5,12,36,10.073
148,1,0,1,2016,2,5,12,36,20.265
149,1,0,1,2016,2,5,12,46,35.2
150,1,0,1,2016,2,5,12,46,38.794
151,1,0,1,2016,2,5,12,49,8.872
152,1,0,1,2016,2,5,12,49,19.462
153,1,0,1,2016,2,5,12,49,36.743
154,1,0,1,2016,2,5,12,49,47.885
155,1,0,1,2016,2,5,12,50,0.655
156,1,0,1,2016,2,5,12,50,0.834
157,1,0,1,2016,2,5,12,50,13.856
158,1,0,1,2016,2,5,12,50,24.024
159,1,0,1,2016,2,5,12,50,24.061
160,1,0,1,2016,2,5,12,51,9.931
161,1,0,1,2016,2,5,12,51,34.053
162,1,0,1,2016,2,5,12,51,45.467
163,1,0,1,2016,2,5,12,51,45.529
164,1,0,1,2016,2,5,12,52,7.944
165,1,0,1,2016,2,5,12,52,34.691
166,1,0,1,2016,2,5,12,53,34.949
167,1,0,1,2016,2,5,12,53,38.606
168,1,0,1,2016,2,5,12,53,44.854
169,1,0,1,2016,2,5,12,56,29.465
170,1,0,1,2016,2,5,12,56,29.789
171,1,0,1,2016,2,5,13,1,32.056
172,1,0,1,2016,2,5,13,1,37.522
173,1,0,1,2016,2,5,13,6,7.268
174,1,0,1,2016,2,5,13,6,38.459
175,1,0,1,2016,2,5,13,7,6.031
176,2,0,1,2016,2,5,13,32,21.203
177,2,0,1,2016,2,5,13,32,22.598
178,2,0,1,2016,2,5,13,32,29.194
179,2,0,1,2016,2,5,13,32,35.263
180,2,0,1,2016,2,5,13,32,37.683
181,2,0,1,2016,2,5,13,32,44.669
182,2,0,1,2016,2,5,13,32,49.255
183,2,0,1,2016,2,5,13,32,50.239
184,2,0,1,2016,2,5,13,32,56.068
185,2,0,1,2016,2,5,13,32,56.776
186,2,0,1,2016,2,5,13,37,57.436
187,2,0,1,2016,2,5,13,37,58.882
188,2,0,1,2016,2,5,13,37,59.692
189,2,0,1,2016,2,5,13,38,2.338
190,2,0,1,2016,2,5,13,38,3.318
191,2,0,1,2016,2,5,13,38,12.975
192,2,0,1,2016,2,5,13,38,13.776
193,2,0,1,2016,2,5,13,38,15.235
194,2,0,1,2016,2,5,13,38,16.272
195,2,0,1,2016,2,5,13,38,17.632
196,2,0,1,2016,2,5,13,38,18.952
197,2,0,1,2016,2,5,13,38,20.955
198,2,0,1,2016,2,5,13,38,22.794
199,2,0,1,2016,2,5,13,38,24.067
200,2,0,1,2016,2,5,13,38,25.726
201,2,0,1,2016,2,5,13,38,28.174
202,2,0,1,2016,2,5,13,38,35.202
203,2,0,1,2016,2,5,13,38,44.183
204,2,0,1,2016,2,5,13,38,45.007
205,2,0,1,2016,2,5,13,39,1.671
206,2,0,1,2016,2,5,13,39,11.652
207,2,0,1,2016,2,5,13,39,12.697
208,2,0,1,2016,2,5,13,39,13.676
209,2,0,1,2016,2,5,13,39,14.973
210,2,0,1,2016,2,5,13,39,17.545
211,2,0,1,2016,2,5,13,39,23.66
212,2,0,1,2016,2,5,13,39,26.012
213,2,0,1,2016,2,5,13,39,28.06
214,2,0,1,2016,2,5,13,39,29.522
215,2,0,1,2016,2,5,13,39,30.412
216,2,0,1,2016,2,5,13,39,31.668
217,2,0,1,2016,2,5,13,39,32.768
218,2,0,1,2016,2,5,13,39,34.202
219,2,0,1,2016,2,5,13,39,34.356
220,2,0,1,2016,2,5,13,39,35.519
221,2,0,1,2016,2,5,13,41,27.962
222,2,0,1,2016,2,5,13,41,29.155
223,2,0,1,2016,2,5,13,53,54.934
224,2,0,1,2016,2,5,13,55,34.474
225,1,0,1,2016,2,5,14,3,53.793
226,1,0,1,2016,2,5,14,3,55.139
227,1,0,1,2016,2,5,14,3,55.995
228,1,0,1,2016,2,5,14,3,57.326
229,1,0,1,2016,2,5,14,3,58.096
230,2,0,1,2016,2,5,14,5,4.036
231,1,0,1,2016,2,5,14,28,50.578
232,2,0,1,2016,2,5,14,35,50.486
233,2,0,1,2016,2,5,14,36,46.17
234,2,0,1,2016,2,5,15,14,45.042
235,2,0,1,2016,2,5,15,14,45.831
236,2,0,1,2016,2,5,15,14,47.532
237,2,0,1,2016,2,5,15,14,49.273
238,2,0,1,2016,2,5,15,14,50.175
239,2,0,1,2016,2,5,15,14,54.822
240,2,0,1,2016,2,5,15,14,56.369
241,2,0,1,2016,2,5,15,14,58.017
242,2,0,1,2016,2,5,15,14,59.509
243,2,0,1,2016,2,5,15,15,5.352
244,2,0,1,2016,2,5,15,15,6.326
245,2,0,1,2016,2,5,15,15,7.128
246,2,0,1,2016,2,5,15,33,26.221
247,2,0,1,2016,2,5,15,33,27.267
248,2,0,1,2016,2,5,15,33,34.756
249,2,0,1,2016,2,5,15,33,35.243
250,2,0,1,2016,2,5,15,41,49.482
251,2,0,1,2016,2,5,16,39,22.681
252,2,0,1,2016,2,5,16,45,15.519
253,2,0,1,2016,2,5,16,45,47.38
254,2,0,1,2016,2,5,17,29,22.212
255,2,0,1,2016,2,5,17,29,48.103
