Var1_ 1,Var1_ 2,Var1_ 3,Var1_ 4,Var1_ 5,Var1_ 6,Var1_ 7,Var1_ 8,Var1_ 9,Var1_10
0,0,0,0,2016,2,18,8,5,11.994
1,1,1,1,2016,2,18,8,8,54.877
2,1,1,1,2016,2,18,8,9,2.958
3,1,1,1,2016,2,18,8,9,12.85
4,1,2,1,2016,2,18,8,9,18.819
5,1,1,1,2016,2,18,8,9,22.141
6,1,1,1,2016,2,18,8,9,36.621
7,1,1,1,2016,2,18,8,9,43.891
8,1,1,1,2016,2,18,8,9,47.677
9,1,1,1,2016,2,18,8,9,51.4
10,1,1,1,2016,2,18,8,9,55.977
11,1,1,1,2016,2,18,8,10,0.248
12,1,2,1,2016,2,18,8,10,10.935
13,1,2,1,2016,2,18,8,10,14.447
14,1,1,1,2016,2,18,8,10,18.925
15,1,2,1,2016,2,18,8,10,24.231
16,1,2,1,2016,2,18,8,10,27.983
17,1,1,1,2016,2,18,8,10,34.499
18,1,2,1,2016,2,18,8,10,38.58
19,1,1,1,2016,2,18,8,10,46.552
20,1,1,1,2016,2,18,8,10,50.057
21,1,1,1,2016,2,18,8,10,55.319
22,1,1,1,2016,2,18,8,10,58.896
23,1,1,1,2016,2,18,8,11,8.525
24,1,1,1,2016,2,18,8,11,20.772
25,1,2,1,2016,2,18,8,11,24.86
26,1,1,1,2016,2,18,8,11,29.182
27,1,2,1,2016,2,18,8,11,38.488
28,1,2,1,2016,2,18,8,11,50.564
29,1,1,1,2016,2,18,8,12,34.435
30,1,2,1,2016,2,18,8,12,39.331
31,1,1,1,2016,2,18,8,15,29.797
32,1,0,1,2016,2,18,8,15,29.864
33,1,2,1,2016,2,18,8,15,35.315
34,1,2,1,2016,2,18,8,15,40.078
35,1,2,1,2016,2,18,8,16,6.44
36,1,1,1,2016,2,18,8,16,20.306
37,1,2,1,2016,2,18,8,16,29.887
38,1,1,1,2016,2,18,8,16,34.619
39,1,1,1,2016,2,18,8,16,40.118
40,1,2,1,2016,2,18,8,16,48.47
41,1,2,1,2016,2,18,8,16,52.893
42,1,0,1,2016,2,18,8,16,53.728
43,1,2,1,2016,2,18,8,16,58.925
44,1,1,1,2016,2,18,8,18,12.372
45,1,1,1,2016,2,18,8,18,20.747
46,1,2,1,2016,2,18,8,18,30.213
47,1,2,1,2016,2,18,8,18,40.574
48,1,0,1,2016,2,18,8,18,42.748
49,1,2,1,2016,2,18,8,19,16.712
50,1,1,1,2016,2,18,8,19,26.66
51,1,2,1,2016,2,18,8,19,33.555
52,1,1,1,2016,2,18,8,21,45.31
53,1,1,1,2016,2,18,8,22,1.592
54,1,1,1,2016,2,18,8,22,7.648
55,1,2,1,2016,2,18,8,22,11.684
56,1,2,1,2016,2,18,8,22,26.503
57,1,0,1,2016,2,18,8,22,27.56
58,1,2,1,2016,2,18,8,22,30.545
59,1,2,1,2016,2,18,8,22,41.302
60,1,2,1,2016,2,18,8,22,44.535
61,1,2,1,2016,2,18,8,22,49.879
62,1,0,1,2016,2,18,8,22,51.38
63,1,2,1,2016,2,18,8,22,53.074
64,1,0,1,2016,2,18,8,22,54.056
65,1,2,1,2016,2,18,8,23,6.234
66,1,0,1,2016,2,18,8,23,8.098
67,1,2,1,2016,2,18,8,23,14.572
68,1,0,1,2016,2,18,8,23,21.284
69,1,0,1,2016,2,18,8,23,23.659
70,1,0,1,2016,2,18,8,23,24.597
71,1,0,1,2016,2,18,8,23,25.913
72,1,0,1,2016,2,18,8,23,46.417
73,1,0,1,2016,2,18,8,23,50.687
74,1,0,1,2016,2,18,8,23,50.733
75,1,0,1,2016,2,18,8,24,3.792
76,1,0,1,2016,2,18,8,24,8.091
77,1,0,1,2016,2,18,8,29,17.696
78,1,0,1,2016,2,18,8,30,21.561
79,1,0,1,2016,2,18,8,33,1.65
80,1,0,1,2016,2,18,8,38,33.587
81,1,0,1,2016,2,18,8,40,37.82
82,1,0,1,2016,2,18,8,43,18.508
83,1,0,1,2016,2,18,8,43,52.291
84,1,0,1,2016,2,18,8,44,9.073
85,1,0,1,2016,2,18,8,44,13.492
86,1,0,1,2016,2,18,8,44,13.532
87,1,0,1,2016,2,18,8,46,5.028
88,1,0,1,2016,2,18,8,46,14.213
89,1,0,1,2016,2,18,8,47,8.256
90,1,0,1,2016,2,18,8,47,8.301
91,1,0,1,2016,2,18,8,55,27.208
92,1,0,1,2016,2,18,8,58,4.652
93,1,0,1,2016,2,18,8,58,4.984
94,1,0,1,2016,2,18,9,0,43.359
95,1,0,1,2016,2,18,9,2,26.238
96,1,0,1,2016,2,18,9,3,56.739
97,1,0,1,2016,2,18,9,4,28.899
98,1,0,1,2016,2,18,9,6,41.518
99,1,0,1,2016,2,18,9,7,13.284
100,1,0,1,2016,2,18,9,7,27.324
101,1,0,1,2016,2,18,9,9,9.065
102,1,0,1,2016,2,18,9,10,48.958
103,1,0,1,2016,2,18,9,12,31.42
104,1,0,1,2016,2,18,9,22,51.566
105,1,0,1,2016,2,18,9,23,7.281
106,1,0,1,2016,2,18,9,23,43.699
107,1,0,1,2016,2,18,9,24,31.117
108,1,0,1,2016,2,18,9,25,19.503
109,1,0,1,2016,2,18,9,25,40.268
110,1,0,1,2016,2,18,9,25,40.508
111,1,0,1,2016,2,18,9,26,58.806
112,1,0,1,2016,2,18,9,28,19.299
113,1,0,1,2016,2,18,9,29,51.651
114,1,0,1,2016,2,18,9,49,30.033
115,1,0,1,2016,2,18,9,49,49.752
116,1,0,1,2016,2,18,9,49,55.366
117,1,0,1,2016,2,18,9,50,0.486
118,1,0,1,2016,2,18,9,50,34.605
119,1,0,1,2016,2,18,9,51,40.118
120,1,0,1,2016,2,18,9,52,54.603
121,1,0,1,2016,2,18,9,52,54.653
122,1,0,1,2016,2,18,9,54,8.69
123,1,0,1,2016,2,18,9,54,8.945
124,1,0,1,2016,2,18,9,55,38.832
125,1,0,1,2016,2,18,10,5,40.244
126,1,0,1,2016,2,18,10,6,38.315
127,1,0,1,2016,2,18,10,7,51.965
128,1,0,1,2016,2,18,10,8,46.303
129,1,0,1,2016,2,18,10,17,58.505
130,1,0,1,2016,2,18,10,18,19.494
131,1,0,1,2016,2,18,10,19,9.726
132,1,0,1,2016,2,18,10,19,57.994
133,1,0,1,2016,2,18,10,21,29.333
134,1,0,1,2016,2,18,10,21,29.391
135,1,0,1,2016,2,18,10,22,36.607
136,1,0,1,2016,2,18,10,26,47.908
137,1,0,1,2016,2,18,10,40,23.478
138,1,0,1,2016,2,18,10,41,53.322
139,1,0,1,2016,2,18,10,41,56.338
140,1,0,1,2016,2,18,10,59,44.94
141,1,0,1,2016,2,18,11,0,56.826
142,1,0,1,2016,2,18,11,2,59.917
143,1,0,1,2016,2,18,11,19,21.865
144,1,0,1,2016,2,18,11,19,41.96
145,1,0,1,2016,2,18,11,21,2.57
146,2,0,1,2016,2,18,11,32,13.008
147,2,0,1,2016,2,18,11,32,13.123
148,2,0,1,2016,2,18,11,32,14.123
149,2,0,1,2016,2,18,11,32,15.95
150,2,0,1,2016,2,18,11,32,17.704
151,1,0,1,2016,2,18,11,33,41.312
152,2,0,1,2016,2,18,11,46,22.447
153,1,0,1,2016,2,18,11,50,57.089
154,1,0,1,2016,2,18,11,53,24.859
155,2,0,1,2016,2,18,12,5,30.134
156,2,0,1,2016,2,18,12,5,31.011
157,2,0,1,2016,2,18,12,5,32.095
158,2,0,1,2016,2,18,12,5,34.212
159,2,0,1,2016,2,18,12,5,35.248
160,2,0,1,2016,2,18,12,5,36.395
161,2,0,1,2016,2,18,12,5,37.611
162,2,0,1,2016,2,18,12,5,46.073
163,2,0,1,2016,2,18,12,5,47.05
164,2,0,1,2016,2,18,12,5,47.859
165,2,0,1,2016,2,18,12,5,48.925
166,2,0,1,2016,2,18,12,5,50.623
167,2,0,1,2016,2,18,12,5,51.4
168,2,0,1,2016,2,18,12,5,52.279
169,2,0,1,2016,2,18,12,5,55.081
170,2,0,1,2016,2,18,12,5,56.154
171,2,0,1,2016,2,18,12,5,57.097
172,2,0,1,2016,2,18,12,5,58.466
173,2,0,1,2016,2,18,12,5,59.634
174,2,0,1,2016,2,18,12,6,11.859
175,2,0,1,2016,2,18,12,6,12.909
176,2,0,1,2016,2,18,12,6,13.856
177,2,0,1,2016,2,18,12,6,14.434
178,2,0,1,2016,2,18,12,6,24.833
179,2,0,1,2016,2,18,12,6,26.152
180,2,0,1,2016,2,18,12,6,28.051
181,2,0,1,2016,2,18,12,6,29.498
182,2,0,1,2016,2,18,12,6,41.152
183,2,0,1,2016,2,18,12,6,41.827
184,2,0,1,2016,2,18,12,6,42.809
185,2,0,1,2016,2,18,12,6,43.557
186,2,0,1,2016,2,18,12,6,44.479
187,1,0,1,2016,2,18,12,7,16.672
188,1,0,1,2016,2,18,12,7,17.971
189,1,0,1,2016,2,18,12,17,4.201
190,1,0,1,2016,2,18,12,18,48.993
191,1,0,1,2016,2,18,12,18,49.118
192,1,0,1,2016,2,18,12,18,49.29
193,2,0,1,2016,2,18,12,34,58.543
194,1,0,1,2016,2,18,12,35,35.305
195,1,0,1,2016,2,18,12,35,35.517
196,2,0,1,2016,2,18,12,47,27.436
197,2,0,1,2016,2,18,12,47,28.244
198,2,0,1,2016,2,18,12,47,29.596
199,2,0,1,2016,2,18,12,47,30.811
200,2,0,1,2016,2,18,12,47,32.464
201,2,0,1,2016,2,18,12,47,33.843
202,2,0,1,2016,2,18,13,11,38.126
203,2,0,1,2016,2,18,13,11,41.047
204,2,0,1,2016,2,18,13,11,42.908
205,2,0,1,2016,2,18,13,11,43.341
206,2,0,1,2016,2,18,13,11,44.525
207,2,0,1,2016,2,18,13,11,45.385
208,2,0,1,2016,2,18,13,12,22.233
209,2,0,1,2016,2,18,13,12,24.794
210,2,0,1,2016,2,18,13,12,26.559
211,2,0,1,2016,2,18,13,12,27.534
212,2,0,1,2016,2,18,13,12,28.674
213,2,0,1,2016,2,18,13,16,35.556
214,2,0,1,2016,2,18,13,16,36.55
215,2,0,1,2016,2,18,13,16,37.657
216,2,0,1,2016,2,18,13,16,44.639
217,2,0,1,2016,2,18,13,16,46.363
218,2,0,1,2016,2,18,13,16,47.212
219,2,0,1,2016,2,18,13,16,59.807
220,2,0,1,2016,2,18,13,17,0.317
221,2,0,1,2016,2,18,13,17,1.287
222,2,0,1,2016,2,18,13,17,1.922
223,2,0,1,2016,2,18,13,17,3.859
224,2,0,1,2016,2,18,13,17,6.989
225,2,0,1,2016,2,18,13,17,7.684
226,2,0,1,2016,2,18,13,28,2.173
227,2,0,1,2016,2,18,13,28,3.107
228,2,0,1,2016,2,18,13,28,3.977
229,2,0,1,2016,2,18,13,28,5.024
230,2,0,1,2016,2,18,13,28,6.529
231,2,0,1,2016,2,18,13,28,7.415
232,2,0,1,2016,2,18,13,28,16.026
233,2,0,1,2016,2,18,13,28,18.642
234,2,0,1,2016,2,18,13,28,19.812
235,2,0,1,2016,2,18,13,28,21.062
236,2,0,1,2016,2,18,13,28,22.587
237,2,0,1,2016,2,18,13,28,32.591
238,2,0,1,2016,2,18,13,28,33.672
239,2,0,1,2016,2,18,13,28,34.584
240,2,0,1,2016,2,18,13,28,35.486
241,2,0,1,2016,2,18,13,28,36.326
242,2,0,1,2016,2,18,13,28,37.218
243,2,0,1,2016,2,18,13,28,38.077
244,2,0,1,2016,2,18,13,28,46.874
245,2,0,1,2016,2,18,13,28,47.965
246,2,0,1,2016,2,18,13,28,49.528
247,2,0,1,2016,2,18,13,36,29.839
248,2,0,1,2016,2,18,14,0,34.455
249,2,0,1,2016,2,18,14,0,35.47
250,2,0,1,2016,2,18,14,0,37.008
251,2,0,1,2016,2,18,14,0,40.292
252,2,0,1,2016,2,18,14,0,41.602
253,2,0,1,2016,2,18,14,0,42.597
254,2,0,1,2016,2,18,14,3,59.433
255,2,0,1,2016,2,18,14,4,1.254
256,2,0,1,2016,2,18,14,4,1.885
257,2,0,1,2016,2,18,14,29,1.429
258,2,0,1,2016,2,18,14,29,5.009
259,2,0,1,2016,2,18,14,29,45.235
260,2,0,1,2016,2,18,14,29,46.046
261,2,0,1,2016,2,18,14,30,58.151
262,1,0,1,2016,2,18,14,59,37.524
263,1,0,1,2016,2,18,14,59,56.957
264,1,0,1,2016,2,18,14,59,58.899
265,1,0,1,2016,2,18,15,0,0.674
266,1,0,1,2016,2,18,15,0,1.814
267,1,0,1,2016,2,18,15,0,10.598
268,1,0,1,2016,2,18,15,0,11.759
269,1,0,1,2016,2,18,15,0,13.115
270,1,0,1,2016,2,18,15,0,13.903
271,1,0,1,2016,2,18,15,0,14.579
272,1,0,1,2016,2,18,15,0,15.788
273,1,0,1,2016,2,18,15,0,16.745
274,1,0,1,2016,2,18,15,0,19.973
275,1,0,1,2016,2,18,15,0,21.069
276,1,0,1,2016,2,18,15,0,31.563
277,1,0,1,2016,2,18,15,0,32.458
278,2,0,1,2016,2,18,15,31,43.288
279,2,0,1,2016,2,18,15,31,43.882
280,2,0,1,2016,2,18,15,31,44.532
281,2,0,1,2016,2,18,15,42,58.933
282,2,0,1,2016,2,18,15,43,3.925
283,2,0,1,2016,2,18,15,43,12.925
284,2,0,1,2016,2,18,15,43,13.618
285,2,0,1,2016,2,18,15,43,14.931
286,2,0,1,2016,2,18,15,43,15.86
287,2,0,1,2016,2,18,15,43,17.003
288,2,0,1,2016,2,18,15,43,17.849
289,2,0,1,2016,2,18,15,43,23.504
290,2,0,1,2016,2,18,15,43,24.763
291,2,0,1,2016,2,18,15,43,25.488
292,2,0,1,2016,2,18,15,43,26.263
293,2,0,1,2016,2,18,15,43,28.779
294,1,0,1,2016,2,18,16,4,47.785
295,1,0,1,2016,2,18,16,4,50.131
296,2,0,1,2016,2,18,16,20,54.068
297,2,0,1,2016,2,18,16,20,59.874
298,2,0,1,2016,2,18,16,21,1.233
299,2,0,1,2016,2,18,16,21,2.543
300,2,0,1,2016,2,18,16,21,3.942
301,2,0,1,2016,2,18,16,21,6.122
302,2,0,1,2016,2,18,16,21,8.403
303,2,0,1,2016,2,18,16,21,13.098
304,2,0,1,2016,2,18,16,24,33.588
305,2,0,1,2016,2,18,16,26,29.964
306,2,0,1,2016,2,18,16,53,38.912
307,2,0,1,2016,2,18,16,53,41.661
308,2,0,1,2016,2,18,16,53,45.563
309,2,0,1,2016,2,18,16,53,46.492
310,2,0,1,2016,2,18,16,53,47.508
311,2,0,1,2016,2,18,16,53,49.266
312,2,0,1,2016,2,18,16,53,50.186
313,2,0,1,2016,2,18,16,53,50.894
314,2,0,1,2016,2,18,16,54,35.277
315,2,0,1,2016,2,18,16,54,36.317
316,2,0,1,2016,2,18,16,54,37.29
317,2,0,1,2016,2,18,16,54,38.382
318,2,0,1,2016,2,18,16,54,39.22
319,2,0,1,2016,2,18,16,54,40.57
320,2,0,1,2016,2,18,16,54,41.388
321,2,0,1,2016,2,18,16,54,42.166
322,2,0,1,2016,2,18,16,54,43.008
323,2,0,1,2016,2,18,17,2,39.787
324,2,0,1,2016,2,18,17,2,40.769
325,2,0,1,2016,2,18,17,2,41.96
326,2,0,1,2016,2,18,17,2,50.728
327,2,0,1,2016,2,18,17,2,51.655
328,2,0,1,2016,2,18,17,2,52.421
329,2,0,1,2016,2,18,17,2,53.407
330,2,0,1,2016,2,18,17,2,58.775
331,2,0,1,2016,2,18,17,7,17.558
332,2,0,1,2016,2,18,17,7,22.058
333,2,0,1,2016,2,18,17,7,23
