Var1_ 1,Var1_ 2,Var1_ 3,Var1_ 4,Var1_ 5,Var1_ 6,Var1_ 7,Var1_ 8,Var1_ 9,Var1_10
0,0,0,0,2016,4,24,10,5,7.945
1,2,2,1,2016,4,24,10,6,6.329
2,2,0,1,2016,4,24,10,6,6.996
3,2,2,1,2016,4,24,10,6,19.505
4,2,0,1,2016,4,24,10,6,19.788
5,2,2,1,2016,4,24,10,6,23.765
6,2,2,1,2016,4,24,10,6,31.191
7,2,1,1,2016,4,24,10,6,42.16
8,2,2,1,2016,4,24,10,6,48.706
9,2,2,1,2016,4,24,10,6,52.565
10,2,1,1,2016,4,24,10,6,56.662
11,2,2,1,2016,4,24,10,7,14.625
12,2,2,1,2016,4,24,10,7,18.802
13,2,2,1,2016,4,24,10,7,25.384
14,2,1,1,2016,4,24,10,7,30.411
15,2,2,1,2016,4,24,10,7,35.11
16,2,1,1,2016,4,24,10,7,39.565
17,2,2,1,2016,4,24,10,7,56.381
18,2,0,1,2016,4,24,10,7,56.791
19,2,1,1,2016,4,24,10,8,0.502
20,2,2,1,2016,4,24,10,8,5.872
21,2,2,1,2016,4,24,10,8,10.31
22,2,2,1,2016,4,24,10,8,35.786
23,2,0,1,2016,4,24,10,8,36.057
24,2,2,1,2016,4,24,10,8,43.883
25,2,2,1,2016,4,24,10,8,48.47
26,2,0,1,2016,4,24,10,8,48.61
27,2,1,1,2016,4,24,10,8,57.268
28,2,2,1,2016,4,24,10,9,11.736
29,2,2,1,2016,4,24,10,9,15.794
30,2,1,1,2016,4,24,10,9,20.685
31,2,1,1,2016,4,24,10,9,57.755
32,2,1,1,2016,4,24,10,10,57.371
33,2,1,1,2016,4,24,10,11,6.297
34,2,2,1,2016,4,24,10,11,25.325
35,2,0,1,2016,4,24,10,11,25.725
36,2,2,1,2016,4,24,10,11,30.579
37,2,1,1,2016,4,24,10,11,36.051
38,2,2,1,2016,4,24,10,11,48.433
39,2,1,1,2016,4,24,10,11,52.505
40,2,2,1,2016,4,24,10,12,28.591
41,2,0,1,2016,4,24,10,12,28.737
42,2,2,1,2016,4,24,10,12,32.838
43,2,2,1,2016,4,24,10,12,44.857
44,2,1,1,2016,4,24,10,12,48.884
45,2,2,1,2016,4,24,10,13,6.005
46,2,1,1,2016,4,24,10,13,17.731
47,2,1,1,2016,4,24,10,13,32.226
48,2,2,1,2016,4,24,10,13,42.613
49,2,2,1,2016,4,24,10,13,46.328
50,2,1,1,2016,4,24,10,13,55.999
51,2,2,1,2016,4,24,10,15,20.682
52,2,0,1,2016,4,24,10,15,21.034
53,2,1,1,2016,4,24,10,15,24.209
54,2,2,1,2016,4,24,10,15,27.737
55,2,1,1,2016,4,24,10,15,43.956
56,2,0,1,2016,4,24,10,15,44.917
57,2,1,1,2016,4,24,10,15,47.059
58,2,2,1,2016,4,24,10,15,50.936
59,2,1,1,2016,4,24,10,16,0.039
60,2,0,1,2016,4,24,10,16,1.178
61,2,1,1,2016,4,24,10,16,4.96
62,2,1,1,2016,4,24,10,16,31.439
63,2,0,1,2016,4,24,10,16,32.859
64,2,1,1,2016,4,24,10,16,36.582
65,2,1,1,2016,4,24,10,16,45.456
66,2,0,1,2016,4,24,10,16,46.185
67,2,1,1,2016,4,24,10,16,56.808
68,2,0,1,2016,4,24,10,16,57.926
69,2,1,1,2016,4,24,10,17,38.812
70,2,1,1,2016,4,24,10,17,43.653
71,2,0,1,2016,4,24,10,17,46.377
72,2,1,1,2016,4,24,10,17,56.783
73,2,1,1,2016,4,24,10,18,33.953
74,2,1,1,2016,4,24,10,18,38.757
75,2,0,1,2016,4,24,10,18,41.92
76,2,0,1,2016,4,24,10,18,46.855
77,2,0,1,2016,4,24,10,18,53.812
78,2,0,1,2016,4,24,10,19,44.537
79,2,0,1,2016,4,24,10,20,16.396
80,2,0,1,2016,4,24,10,20,23.868
81,2,0,1,2016,4,24,10,20,49.421
82,2,0,1,2016,4,24,10,21,6.931
83,2,0,1,2016,4,24,10,22,25.812
84,2,0,1,2016,4,24,10,22,26.02
85,2,0,1,2016,4,24,10,22,26.479
86,2,0,1,2016,4,24,10,24,17.049
87,2,0,1,2016,4,24,10,24,19.201
88,2,0,1,2016,4,24,10,24,22.925
89,2,0,1,2016,4,24,10,24,23.318
90,2,0,1,2016,4,24,10,24,40.949
91,2,0,1,2016,4,24,10,24,53.721
92,2,0,1,2016,4,24,10,25,6.193
93,2,0,1,2016,4,24,10,26,19.678
94,2,0,1,2016,4,24,10,26,30.745
95,2,0,1,2016,4,24,10,26,39.421
96,2,0,1,2016,4,24,10,26,42.444
97,2,0,1,2016,4,24,10,27,24.627
98,2,0,1,2016,4,24,10,28,31.232
99,2,0,1,2016,4,24,10,28,31.33
100,2,0,1,2016,4,24,10,28,34.819
101,2,0,1,2016,4,24,10,29,14.417
102,2,0,1,2016,4,24,10,29,36.939
103,2,0,1,2016,4,24,10,29,39.584
104,2,0,1,2016,4,24,10,31,24.267
105,2,0,1,2016,4,24,10,31,28.896
106,2,0,1,2016,4,24,10,32,29.916
107,2,0,1,2016,4,24,10,32,30.78
108,2,0,1,2016,4,24,10,32,33.939
109,2,0,1,2016,4,24,10,32,37.383
110,2,0,1,2016,4,24,10,34,33.672
111,2,0,1,2016,4,24,10,34,45.377
112,2,0,1,2016,4,24,10,34,48.702
113,2,0,1,2016,4,24,10,35,3.419
114,2,0,1,2016,4,24,10,35,6
115,2,0,1,2016,4,24,10,35,11.114
116,2,0,1,2016,4,24,10,35,18.188
117,2,0,1,2016,4,24,10,35,44.987
118,2,0,1,2016,4,24,10,35,56.725
119,2,0,1,2016,4,24,10,36,16.337
120,2,0,1,2016,4,24,10,37,34.385
121,2,0,1,2016,4,24,10,37,34.989
122,2,0,1,2016,4,24,10,37,37.688
123,2,0,1,2016,4,24,10,37,38.756
124,2,0,1,2016,4,24,10,39,19.669
125,2,0,1,2016,4,24,10,42,16.936
126,2,0,1,2016,4,24,10,42,51.059
127,2,0,1,2016,4,24,10,42,52.506
128,2,0,1,2016,4,24,10,42,56.22
129,2,0,1,2016,4,24,10,42,56.522
130,2,0,1,2016,4,24,10,43,0.648
131,2,0,1,2016,4,24,10,46,51.617
132,2,0,1,2016,4,24,10,46,52.442
133,2,0,1,2016,4,24,10,52,13.978
134,2,0,1,2016,4,24,10,53,3.881
135,2,0,1,2016,4,24,10,55,51.276
136,2,0,1,2016,4,24,10,55,54.883
137,2,0,1,2016,4,24,11,6,35.792
138,2,0,1,2016,4,24,11,6,39.97
139,2,0,1,2016,4,24,11,6,42.333
140,2,0,1,2016,4,24,11,6,55.647
141,2,0,1,2016,4,24,11,6,56.37
142,2,0,1,2016,4,24,11,6,57.107
143,2,0,1,2016,4,24,11,6,57.919
144,2,0,1,2016,4,24,11,6,58.673
145,1,0,1,2016,4,24,11,7,24.342
146,1,0,1,2016,4,24,11,7,24.4
147,1,0,1,2016,4,24,11,7,27.571
148,1,0,1,2016,4,24,11,7,27.609
149,1,0,1,2016,4,24,11,7,28.3
150,1,0,1,2016,4,24,11,7,28.456
151,2,0,1,2016,4,24,11,8,39.244
152,2,0,1,2016,4,24,11,8,39.402
153,2,0,1,2016,4,24,11,8,39.794
154,2,0,1,2016,4,24,11,8,39.912
155,1,0,1,2016,4,24,11,8,56.755
156,1,0,1,2016,4,24,11,8,56.938
157,1,0,1,2016,4,24,11,8,58.485
158,1,0,1,2016,4,24,11,9,40.999
159,1,0,1,2016,4,24,11,9,41.388
160,2,0,1,2016,4,24,11,12,29.131
161,2,0,1,2016,4,24,11,13,25.575
162,2,0,1,2016,4,24,11,13,25.836
163,2,0,1,2016,4,24,11,13,25.927
164,2,0,1,2016,4,24,11,13,26.278
165,2,0,1,2016,4,24,11,13,26.575
166,2,0,1,2016,4,24,11,14,14.002
167,2,0,1,2016,4,24,11,15,33.895
168,2,0,1,2016,4,24,11,15,34.493
169,2,0,1,2016,4,24,11,15,35.296
170,2,0,1,2016,4,24,11,15,36.76
171,2,0,1,2016,4,24,11,15,37.622
172,2,0,1,2016,4,24,11,15,38.486
173,2,0,1,2016,4,24,11,15,39.582
174,2,0,1,2016,4,24,11,15,40.646
175,2,0,1,2016,4,24,11,15,42.596
176,2,0,1,2016,4,24,11,15,43.247
177,2,0,1,2016,4,24,11,15,55.018
178,2,0,1,2016,4,24,11,15,56.873
179,2,0,1,2016,4,24,11,16,0.528
180,2,0,1,2016,4,24,11,16,3.491
181,2,0,1,2016,4,24,11,16,3.577
182,2,0,1,2016,4,24,11,16,3.952
183,2,0,1,2016,4,24,11,16,4.276
184,2,0,1,2016,4,24,11,16,5.911
185,2,0,1,2016,4,24,11,16,20.579
186,2,0,1,2016,4,24,11,16,20.666
187,2,0,1,2016,4,24,11,16,20.83
188,2,0,1,2016,4,24,11,16,21.139
189,2,0,1,2016,4,24,11,16,21.45
190,2,0,1,2016,4,24,11,16,22.323
191,2,0,1,2016,4,24,11,16,23.009
192,2,0,1,2016,4,24,11,16,23.126
193,2,0,1,2016,4,24,11,16,23.374
194,2,0,1,2016,4,24,11,16,23.735
195,2,0,1,2016,4,24,11,16,23.803
196,2,0,1,2016,4,24,11,16,26.394
197,2,0,1,2016,4,24,11,16,27.227
198,2,0,1,2016,4,24,11,16,29.401
199,2,0,1,2016,4,24,11,16,31.014
200,2,0,1,2016,4,24,11,16,32.579
201,2,0,1,2016,4,24,11,16,33.571
202,2,0,1,2016,4,24,11,16,36.559
203,2,0,1,2016,4,24,11,16,38.162
204,2,0,1,2016,4,24,11,16,38.988
205,2,0,1,2016,4,24,11,16,39.777
206,2,0,1,2016,4,24,11,16,41.189
207,2,0,1,2016,4,24,11,16,44.104
208,2,0,1,2016,4,24,11,16,44.428
209,2,0,1,2016,4,24,11,16,44.876
210,2,0,1,2016,4,24,11,16,45.289
211,2,0,1,2016,4,24,11,16,45.608
212,2,0,1,2016,4,24,11,16,46.008
213,1,0,1,2016,4,24,11,17,24.177
214,2,0,1,2016,4,24,11,18,54.795
215,2,0,1,2016,4,24,11,19,4.899
216,2,0,1,2016,4,24,11,19,9.343
217,2,0,1,2016,4,24,11,19,21.448
218,2,0,1,2016,4,24,11,19,27.412
219,2,0,1,2016,4,24,11,19,29.501
220,2,0,1,2016,4,24,11,19,35.32
221,2,0,1,2016,4,24,11,19,46.621
222,2,0,1,2016,4,24,11,21,33.699
223,2,0,1,2016,4,24,11,21,35.145
224,2,0,1,2016,4,24,11,21,36.012
225,2,0,1,2016,4,24,11,21,37.338
226,2,0,1,2016,4,24,11,21,38.553
227,2,0,1,2016,4,24,11,21,39.439
228,2,0,1,2016,4,24,11,21,40.835
229,2,0,1,2016,4,24,11,21,42.542
230,2,0,1,2016,4,24,11,21,44.178
231,2,0,1,2016,4,24,11,21,45.128
232,2,0,1,2016,4,24,11,21,45.936
233,2,0,1,2016,4,24,11,21,49.164
234,2,0,1,2016,4,24,11,22,11.358
235,2,0,1,2016,4,24,11,22,11.982
236,2,0,1,2016,4,24,11,22,12.054
237,2,0,1,2016,4,24,11,22,12.152
238,2,0,1,2016,4,24,11,22,12.312
239,2,0,1,2016,4,24,11,22,13.657
240,1,0,1,2016,4,24,11,24,0.109
241,1,0,1,2016,4,24,11,24,3.902
242,1,0,1,2016,4,24,11,24,4.341
243,2,0,1,2016,4,24,11,34,15.943
244,2,0,1,2016,4,24,11,42,17.818
245,2,0,1,2016,4,24,11,42,18.687
246,2,0,1,2016,4,24,11,42,20.212
247,2,0,1,2016,4,24,11,47,56.451
248,1,0,1,2016,4,24,12,21,11.626
249,1,0,1,2016,4,24,12,21,11.775
250,1,0,1,2016,4,24,12,21,13.284
251,1,0,1,2016,4,24,12,21,16.583
252,1,0,1,2016,4,24,12,21,16.938
253,1,0,1,2016,4,24,12,21,17.935
254,1,0,1,2016,4,24,12,21,18.07
255,1,0,1,2016,4,24,12,21,20.376
256,1,0,1,2016,4,24,12,26,28.412
257,1,0,1,2016,4,24,12,40,14.679
258,1,0,1,2016,4,24,12,40,14.891
259,1,0,1,2016,4,24,12,40,15.994
260,1,0,1,2016,4,24,12,40,16.029
261,2,0,1,2016,4,24,12,54,1.892
262,2,0,1,2016,4,24,12,54,2.597
263,2,0,1,2016,4,24,12,54,3.961
264,1,0,1,2016,4,24,13,35,33.477
265,1,0,1,2016,4,24,13,36,23.099
266,1,0,1,2016,4,24,13,36,23.144
267,1,0,1,2016,4,24,13,36,23.705
268,1,0,1,2016,4,24,13,36,23.768
269,1,0,1,2016,4,24,13,45,56.487
270,1,0,1,2016,4,24,13,45,56.777
271,1,0,1,2016,4,24,13,45,57.022
272,1,0,1,2016,4,24,13,45,57.142
273,1,0,1,2016,4,24,13,45,59.787
274,1,0,1,2016,4,24,13,45,59.977
275,1,0,1,2016,4,24,13,46,0.076
276,1,0,1,2016,4,24,13,46,0.292
277,1,0,1,2016,4,24,13,46,0.427
278,1,0,1,2016,4,24,13,46,0.754
279,1,0,1,2016,4,24,13,46,2.304
280,1,0,1,2016,4,24,13,46,2.569
281,1,0,1,2016,4,24,13,46,6.09
282,1,0,1,2016,4,24,13,46,13.584
283,1,0,1,2016,4,24,13,46,13.987
284,1,0,1,2016,4,24,13,47,10.778
285,1,0,1,2016,4,24,13,49,15.747
286,1,0,1,2016,4,24,13,49,23.687
287,1,0,1,2016,4,24,13,50,5.949
288,1,0,1,2016,4,24,13,50,10.109
289,1,0,1,2016,4,24,13,50,10.399
290,1,0,1,2016,4,24,13,50,10.543
291,1,0,1,2016,4,24,13,50,11.812
292,1,0,1,2016,4,24,13,50,12.078
293,1,0,1,2016,4,24,13,50,12.227
294,1,0,1,2016,4,24,13,50,13.316
295,1,0,1,2016,4,24,13,50,13.487
296,1,0,1,2016,4,24,13,50,13.57
297,1,0,1,2016,4,24,13,50,13.732
298,1,0,1,2016,4,24,13,50,53.814
299,1,0,1,2016,4,24,13,50,54.079
300,1,0,1,2016,4,24,13,50,54.221
301,1,0,1,2016,4,24,13,50,55.813
302,1,0,1,2016,4,24,13,50,58.924
303,1,0,1,2016,4,24,13,58,22.654
304,2,0,1,2016,4,24,14,5,8.102
305,2,0,1,2016,4,24,14,5,8.28
306,2,0,1,2016,4,24,14,5,10.981
307,2,0,1,2016,4,24,14,5,12.376
308,2,0,1,2016,4,24,14,5,14.112
309,1,0,1,2016,4,24,14,7,12.858
310,1,0,1,2016,4,24,14,7,13.171
311,1,0,1,2016,4,24,14,7,13.349
312,1,0,1,2016,4,24,14,7,13.491
313,1,0,1,2016,4,24,14,7,13.633
314,1,0,1,2016,4,24,14,7,14.963
315,1,0,1,2016,4,24,14,7,15.558
316,1,0,1,2016,4,24,14,7,16.809
317,1,0,1,2016,4,24,14,7,17.105
318,1,0,1,2016,4,24,14,7,18.01
319,1,0,1,2016,4,24,14,7,18.061
320,1,0,1,2016,4,24,14,7,18.278
321,1,0,1,2016,4,24,14,7,18.499
322,1,0,1,2016,4,24,14,7,18.58
323,1,0,1,2016,4,24,14,7,28.888
324,1,0,1,2016,4,24,14,7,29.202
325,1,0,1,2016,4,24,14,7,29.331
326,1,0,1,2016,4,24,14,7,30.174
327,1,0,1,2016,4,24,14,7,32.141
328,1,0,1,2016,4,24,14,7,32.36
329,1,0,1,2016,4,24,14,7,32.754
330,2,0,1,2016,4,24,14,8,35.11
331,2,0,1,2016,4,24,14,8,36.786
332,2,0,1,2016,4,24,14,8,38.101
333,2,0,1,2016,4,24,14,8,39.126
334,2,0,1,2016,4,24,14,8,39.942
335,2,0,1,2016,4,24,14,8,41.372
336,2,0,1,2016,4,24,14,8,42.929
337,2,0,1,2016,4,24,14,8,44.432
338,2,0,1,2016,4,24,14,8,45.347
339,2,0,1,2016,4,24,14,8,46.177
340,2,0,1,2016,4,24,14,8,47.339
341,2,0,1,2016,4,24,14,8,49.512
342,2,0,1,2016,4,24,14,8,50.977
343,2,0,1,2016,4,24,14,8,53.816
344,2,0,1,2016,4,24,14,8,55.266
345,2,0,1,2016,4,24,14,8,56.939
346,2,0,1,2016,4,24,14,8,58.198
347,2,0,1,2016,4,24,14,8,59.182
348,2,0,1,2016,4,24,14,9,0.615
349,2,0,1,2016,4,24,14,9,1.499
350,2,0,1,2016,4,24,14,9,2.813
351,2,0,1,2016,4,24,14,9,4.255
352,2,0,1,2016,4,24,14,9,5.524
353,2,0,1,2016,4,24,14,9,9.771
354,2,0,1,2016,4,24,14,9,13.829
355,2,0,1,2016,4,24,14,9,14.011
356,2,0,1,2016,4,24,14,9,15.146
357,2,0,1,2016,4,24,14,9,29.915
358,2,0,1,2016,4,24,14,9,30.685
359,2,0,1,2016,4,24,14,9,31.903
360,2,0,1,2016,4,24,14,9,33.857
361,2,0,1,2016,4,24,14,9,35.069
362,2,0,1,2016,4,24,14,9,35.988
363,2,0,1,2016,4,24,14,9,37.643
364,2,0,1,2016,4,24,14,9,38.534
365,2,0,1,2016,4,24,14,9,42.069
366,2,0,1,2016,4,24,14,9,43.328
367,2,0,1,2016,4,24,14,9,45.349
368,2,0,1,2016,4,24,14,9,46.672
369,2,0,1,2016,4,24,14,9,47.749
370,2,0,1,2016,4,24,14,9,48.788
371,2,0,1,2016,4,24,14,9,50.02
372,2,0,1,2016,4,24,14,9,51.753
373,2,0,1,2016,4,24,14,9,53.729
374,2,0,1,2016,4,24,14,9,55.675
375,2,0,1,2016,4,24,14,9,57.883
376,2,0,1,2016,4,24,14,9,58.983
377,2,0,1,2016,4,24,14,9,59.91
378,2,0,1,2016,4,24,14,10,2.173
379,2,0,1,2016,4,24,14,10,3.146
380,2,0,1,2016,4,24,14,10,3.982
381,2,0,1,2016,4,24,14,10,6.006
382,2,0,1,2016,4,24,14,10,7.986
383,2,0,1,2016,4,24,14,10,9.75
384,2,0,1,2016,4,24,14,10,44.902
385,2,0,1,2016,4,24,14,10,46.64
386,2,0,1,2016,4,24,14,10,49.448
387,2,0,1,2016,4,24,14,10,49.867
388,2,0,1,2016,4,24,14,10,50.512
389,2,0,1,2016,4,24,14,11,7.722
390,2,0,1,2016,4,24,14,11,19.951
391,2,0,1,2016,4,24,14,11,20.868
392,2,0,1,2016,4,24,14,11,26.887
393,2,0,1,2016,4,24,14,11,29.321
394,2,0,1,2016,4,24,14,11,30.226
395,2,0,1,2016,4,24,14,11,49.679
396,1,0,1,2016,4,24,14,57,22.658
397,2,0,1,2016,4,24,15,0,18.73
398,2,0,1,2016,4,24,15,0,19.657
399,2,0,1,2016,4,24,15,10,30.67
400,2,0,1,2016,4,24,15,26,35.302
401,2,0,1,2016,4,24,15,26,36.383
402,2,0,1,2016,4,24,15,26,36.503
403,2,0,1,2016,4,24,15,26,36.625
404,2,0,1,2016,4,24,15,26,36.873
405,2,0,1,2016,4,24,15,26,53.136
406,2,0,1,2016,4,24,15,26,53.34
407,1,0,1,2016,4,24,15,43,52.687
408,1,0,1,2016,4,24,15,43,53.462
409,1,0,1,2016,4,24,15,43,54.657
410,1,0,1,2016,4,24,15,43,58.872
411,1,0,1,2016,4,24,15,44,0.11
412,1,0,1,2016,4,24,15,44,1.664
413,1,0,1,2016,4,24,15,44,2.923
414,1,0,1,2016,4,24,15,44,5.828
415,1,0,1,2016,4,24,15,44,11.659
416,1,0,1,2016,4,24,15,44,14.607
417,1,0,1,2016,4,24,15,44,15.661
418,1,0,1,2016,4,24,15,44,17.116
419,1,0,1,2016,4,24,15,44,24.243
420,1,0,1,2016,4,24,15,44,25.974
421,1,0,1,2016,4,24,15,44,26.945
422,1,0,1,2016,4,24,15,44,28.304
423,1,0,1,2016,4,24,15,44,29.284
424,1,0,1,2016,4,24,15,44,32.521
425,1,0,1,2016,4,24,15,44,33.749
426,1,0,1,2016,4,24,15,44,58.188
427,1,0,1,2016,4,24,15,45,0.531
428,1,0,1,2016,4,24,15,45,4.68
429,1,0,1,2016,4,24,15,45,5.507
430,1,0,1,2016,4,24,15,45,7.176
431,1,0,1,2016,4,24,15,45,8.174
432,1,0,1,2016,4,24,15,45,19.025
433,1,0,1,2016,4,24,15,45,22.39
434,1,0,1,2016,4,24,15,45,25.34
435,1,0,1,2016,4,24,15,45,27.17
436,1,0,1,2016,4,24,15,45,28.116
437,1,0,1,2016,4,24,15,45,29.536
438,1,0,1,2016,4,24,15,45,30.049
439,1,0,1,2016,4,24,15,45,35.508
440,1,0,1,2016,4,24,15,45,36.86
441,1,0,1,2016,4,24,15,45,39.409
442,1,0,1,2016,4,24,15,45,41.523
443,1,0,1,2016,4,24,15,45,42.817
444,2,0,1,2016,4,24,15,46,5.533
445,2,0,1,2016,4,24,15,46,7.152
446,2,0,1,2016,4,24,15,46,9.608
447,2,0,1,2016,4,24,15,46,10.663
448,2,0,1,2016,4,24,15,46,11.623
449,2,0,1,2016,4,24,15,46,13.137
450,2,0,1,2016,4,24,15,46,14.071
451,2,0,1,2016,4,24,15,46,15.549
452,2,0,1,2016,4,24,15,46,16.435
453,2,0,1,2016,4,24,15,46,17.257
454,2,0,1,2016,4,24,15,46,18.451
455,2,0,1,2016,4,24,15,46,20.711
456,2,0,1,2016,4,24,15,46,21.946
457,2,0,1,2016,4,24,15,46,23.184
458,2,0,1,2016,4,24,15,46,25.105
459,2,0,1,2016,4,24,15,46,28.182
460,2,0,1,2016,4,24,15,46,30.459
461,2,0,1,2016,4,24,15,46,34.236
462,2,0,1,2016,4,24,15,46,35.538
463,2,0,1,2016,4,24,15,46,39.063
464,2,0,1,2016,4,24,15,46,40.67
465,2,0,1,2016,4,24,15,46,41.663
466,2,0,1,2016,4,24,15,46,42.729
467,2,0,1,2016,4,24,15,46,44.124
468,2,0,1,2016,4,24,15,46,44.373
469,2,0,1,2016,4,24,15,46,45.559
470,2,0,1,2016,4,24,15,46,46.382
471,2,0,1,2016,4,24,15,46,47.784
472,2,0,1,2016,4,24,15,46,49.188
473,2,0,1,2016,4,24,15,47,10.816
474,2,0,1,2016,4,24,15,47,13.878
475,2,0,1,2016,4,24,15,52,13.443
476,2,0,1,2016,4,24,15,52,16.215
477,2,0,1,2016,4,24,15,52,18.084
478,2,0,1,2016,4,24,15,52,19.567
479,2,0,1,2016,4,24,15,52,20.428
480,2,0,1,2016,4,24,15,57,5.998
481,2,0,1,2016,4,24,15,57,7.103
482,2,0,1,2016,4,24,15,57,30.505
483,2,0,1,2016,4,24,15,57,30.577
484,2,0,1,2016,4,24,15,57,30.698
485,2,0,1,2016,4,24,15,57,31.889
486,2,0,1,2016,4,24,15,57,32.189
487,2,0,1,2016,4,24,15,57,44.523
488,2,0,1,2016,4,24,15,57,45.828
489,2,0,1,2016,4,24,15,57,46.481
490,2,0,1,2016,4,24,15,58,0.027
491,2,0,1,2016,4,24,15,58,33.97
492,2,0,1,2016,4,24,15,59,45.916
493,2,0,1,2016,4,24,15,59,46.507
494,2,0,1,2016,4,24,16,9,45.179
495,2,0,1,2016,4,24,16,9,45.787
496,2,0,1,2016,4,24,16,10,7.06
497,2,0,1,2016,4,24,16,10,9.567
498,2,0,1,2016,4,24,16,10,11.161
499,2,0,1,2016,4,24,16,10,12.646
500,2,0,1,2016,4,24,16,12,39.098
501,2,0,1,2016,4,24,16,12,39.264
502,2,0,1,2016,4,24,16,12,39.393
503,2,0,1,2016,4,24,16,12,39.525
504,2,0,1,2016,4,24,16,12,40.924
505,2,0,1,2016,4,24,16,12,41.194
506,2,0,1,2016,4,24,16,12,42.937
507,2,0,1,2016,4,24,16,12,45.034
508,2,0,1,2016,4,24,16,15,9.038
509,2,0,1,2016,4,24,16,15,10.448
510,2,0,1,2016,4,24,16,15,11.696
511,2,0,1,2016,4,24,16,15,12.201
512,2,0,1,2016,4,24,16,15,14.112
513,2,0,1,2016,4,24,16,15,19.292
514,2,0,1,2016,4,24,16,15,20.113
515,2,0,1,2016,4,24,16,15,47.497
516,2,0,1,2016,4,24,16,15,48.157
517,2,0,1,2016,4,24,16,15,49.22
518,2,0,1,2016,4,24,16,15,52.471
519,2,0,1,2016,4,24,16,15,54.175
520,2,0,1,2016,4,24,16,16,1.888
521,2,0,1,2016,4,24,16,16,2.386
522,2,0,1,2016,4,24,16,16,2.496
523,2,0,1,2016,4,24,16,16,2.636
524,2,0,1,2016,4,24,16,16,3.061
525,2,0,1,2016,4,24,16,16,3.311
526,2,0,1,2016,4,24,16,16,5.751
527,2,0,1,2016,4,24,16,16,19.793
528,2,0,1,2016,4,24,16,16,20.171
529,2,0,1,2016,4,24,16,16,21.168
530,2,0,1,2016,4,24,16,16,21.426
531,2,0,1,2016,4,24,16,16,21.62
532,2,0,1,2016,4,24,16,16,21.834
533,2,0,1,2016,4,24,16,16,24.477
534,2,0,1,2016,4,24,16,16,31.968
535,2,0,1,2016,4,24,16,16,33.243
536,2,0,1,2016,4,24,16,16,36.648
537,2,0,1,2016,4,24,16,17,9.462
538,2,0,1,2016,4,24,16,17,12.277
539,2,0,1,2016,4,24,16,17,12.512
540,2,0,1,2016,4,24,16,17,12.845
541,2,0,1,2016,4,24,16,17,12.908
542,2,0,1,2016,4,24,16,17,15.491
543,2,0,1,2016,4,24,16,17,15.816
544,2,0,1,2016,4,24,16,19,21.221
545,2,0,1,2016,4,24,16,30,27.803
546,2,0,1,2016,4,24,16,30,42.702
547,2,0,1,2016,4,24,16,30,42.961
548,2,0,1,2016,4,24,16,31,8.209
549,2,0,1,2016,4,24,16,31,8.424
550,2,0,1,2016,4,24,16,31,8.615
551,2,0,1,2016,4,24,16,31,9.245
552,2,0,1,2016,4,24,16,31,9.328
553,2,0,1,2016,4,24,16,31,10.76
554,2,0,1,2016,4,24,16,31,11.446
555,2,0,1,2016,4,24,16,31,53.151
556,2,0,1,2016,4,24,16,31,57.122
557,2,0,1,2016,4,24,16,31,57.311
558,2,0,1,2016,4,24,16,31,58.01
559,2,0,1,2016,4,24,16,31,58.105
560,2,0,1,2016,4,24,16,31,59.52
561,2,0,1,2016,4,24,16,31,59.737
562,2,0,1,2016,4,24,16,31,59.889
563,2,0,1,2016,4,24,16,32,0.16
564,2,0,1,2016,4,24,16,32,51.103
565,2,0,1,2016,4,24,16,32,52.155
566,2,0,1,2016,4,24,16,33,21.112
567,2,0,1,2016,4,24,16,33,21.338
568,2,0,1,2016,4,24,16,33,22.708
569,2,0,1,2016,4,24,16,33,24.641
570,2,0,1,2016,4,24,16,33,53.204
571,2,0,1,2016,4,24,16,35,16.959
572,2,0,1,2016,4,24,16,35,26.488
573,2,0,1,2016,4,24,16,35,27.031
574,1,0,1,2016,4,24,16,44,59.458
575,1,0,1,2016,4,24,16,45,2.018
576,1,0,1,2016,4,24,16,45,2.373
577,1,0,1,2016,4,24,16,45,2.455
578,1,0,1,2016,4,24,16,45,2.639
579,1,0,1,2016,4,24,16,45,3.033
580,1,0,1,2016,4,24,16,45,5.988
581,1,0,1,2016,4,24,16,45,12.837
582,1,0,1,2016,4,24,16,45,13.046
583,1,0,1,2016,4,24,16,45,13.287
584,1,0,1,2016,4,24,16,45,13.626
585,1,0,1,2016,4,24,16,46,17.574
586,1,0,1,2016,4,24,16,46,25.672
587,1,0,1,2016,4,24,16,46,26.016
588,1,0,1,2016,4,24,16,46,27.501
589,1,0,1,2016,4,24,16,46,29.668
590,1,0,1,2016,4,24,16,46,31.485
591,1,0,1,2016,4,24,16,46,37.712
592,1,0,1,2016,4,24,16,46,38.017
593,1,0,1,2016,4,24,16,51,30.847
594,1,0,1,2016,4,24,16,51,32.763
595,1,0,1,2016,4,24,16,51,37.817
596,1,0,1,2016,4,24,16,51,38.145
597,1,0,1,2016,4,24,16,51,38.248
598,1,0,1,2016,4,24,16,51,38.361
599,1,0,1,2016,4,24,16,51,38.579
600,1,0,1,2016,4,24,16,51,41.252
601,1,0,1,2016,4,24,16,51,41.364
602,1,0,1,2016,4,24,16,51,46.741
603,1,0,1,2016,4,24,16,51,47.752
604,1,0,1,2016,4,24,16,53,1.527
605,1,0,1,2016,4,24,16,53,2.011
606,1,0,1,2016,4,24,16,53,2.117
607,1,0,1,2016,4,24,16,57,3.853
608,2,0,1,2016,4,24,16,58,7.596
609,2,0,1,2016,4,24,16,58,9.182
610,2,0,1,2016,4,24,16,58,9.256
611,2,0,1,2016,4,24,16,58,10.538
612,2,0,1,2016,4,24,16,58,11.858
613,2,0,1,2016,4,24,16,58,12.824
614,2,0,1,2016,4,24,16,58,14.077
615,1,0,1,2016,4,24,16,59,45.842
616,1,0,1,2016,4,24,17,0,13.779
617,1,0,1,2016,4,24,17,2,5.484
618,2,0,1,2016,4,24,17,9,2.014
619,1,0,1,2016,4,24,17,9,25.292
620,1,0,1,2016,4,24,17,9,28.861
621,1,0,1,2016,4,24,17,9,59.819
622,1,0,1,2016,4,24,17,9,59.905
623,1,0,1,2016,4,24,17,10,31.898
624,1,0,1,2016,4,24,17,13,38.715
625,1,0,1,2016,4,24,17,13,40.309
626,1,0,1,2016,4,24,17,13,43.856
627,2,0,1,2016,4,24,17,17,57.628
628,2,0,1,2016,4,24,17,17,58.513
629,2,0,1,2016,4,24,17,17,59.647
630,2,0,1,2016,4,24,17,18,2.482
631,2,0,1,2016,4,24,17,18,4.074
632,1,0,1,2016,4,24,17,19,38.637
633,1,0,1,2016,4,24,17,20,32.322
634,1,0,1,2016,4,24,17,20,39.462
635,2,0,1,2016,4,24,17,24,9.753
636,2,0,1,2016,4,24,17,24,11.359
637,2,0,1,2016,4,24,17,24,12.875
638,2,0,1,2016,4,24,17,24,14.114
639,2,0,1,2016,4,24,17,39,0.119
640,2,0,1,2016,4,24,17,39,1.105
641,2,0,1,2016,4,24,17,39,2.467
642,2,0,1,2016,4,24,18,0,5.272
643,2,0,1,2016,4,24,18,11,5.118
644,2,0,1,2016,4,24,18,11,6.354
645,2,0,1,2016,4,24,18,11,7.888
646,2,0,1,2016,4,24,18,11,10.173
647,2,0,1,2016,4,24,18,21,22.735
648,2,0,1,2016,4,24,18,21,24.103
649,2,0,1,2016,4,24,18,25,57.258
650,2,0,1,2016,4,24,18,25,57.396
651,2,0,1,2016,4,24,18,26,2.488
652,2,0,1,2016,4,24,18,26,3.994
653,2,0,1,2016,4,24,18,26,20.72
654,2,0,1,2016,4,24,18,26,21.424
655,2,0,1,2016,4,24,18,26,22.778
656,2,0,1,2016,4,24,18,26,24.149
657,2,0,1,2016,4,24,18,26,35.083
658,2,0,1,2016,4,24,18,26,44.39
659,2,0,1,2016,4,24,18,26,57.58
660,2,0,1,2016,4,24,18,33,9.105
