Var1_ 1,Var1_ 2,Var1_ 3,Var1_ 4,Var1_ 5,Var1_ 6,Var1_ 7,Var1_ 8,Var1_ 9,Var1_10
0,0,0,0,2016,3,29,10,5,16.165
1,1,1,1,2016,3,29,10,37,58.197
2,1,0,1,2016,3,29,10,37,59.465
3,2,2,1,2016,3,29,10,42,42.424
4,2,2,1,2016,3,29,10,43,52.224
5,2,2,1,2016,3,29,10,49,23.399
6,2,2,1,2016,3,29,10,49,56.852
7,2,0,1,2016,3,29,10,49,57.054
8,1,1,1,2016,3,29,11,9,27.642
9,1,1,1,2016,3,29,11,20,38.097
10,2,2,1,2016,3,29,11,26,34.298
11,2,2,1,2016,3,29,11,31,53.208
12,2,2,1,2016,3,29,11,39,39.807
13,2,2,1,2016,3,29,11,39,45.213
14,2,1,1,2016,3,29,11,43,55.849
15,2,2,1,2016,3,29,11,44,26.673
16,2,2,1,2016,3,29,11,45,16.248
17,2,1,1,2016,3,29,11,48,24.674
18,1,1,1,2016,3,29,11,54,39.083
19,1,0,1,2016,3,29,11,54,39.32
20,2,2,1,2016,3,29,11,56,51.758
21,2,0,1,2016,3,29,11,56,52.065
22,2,0,1,2016,3,29,11,56,52.524
23,2,2,1,2016,3,29,11,58,35.12
24,1,1,1,2016,3,29,12,0,7.547
25,2,2,1,2016,3,29,12,0,49.56
26,2,2,1,2016,3,29,12,0,57.696
27,2,2,1,2016,3,29,12,7,22.023
28,2,2,1,2016,3,29,12,7,38.374
29,2,0,1,2016,3,29,12,7,39.049
30,2,0,1,2016,3,29,12,7,39.159
31,2,1,1,2016,3,29,12,8,8.519
32,2,2,1,2016,3,29,12,10,16.758
33,2,2,1,2016,3,29,12,13,52.226
34,2,1,1,2016,3,29,12,13,57.127
35,2,2,1,2016,3,29,12,15,40.257
36,2,0,1,2016,3,29,12,15,41.069
37,1,1,1,2016,3,29,12,32,37.345
38,1,1,1,2016,3,29,12,42,38.879
39,1,0,1,2016,3,29,12,42,39.078
40,1,1,1,2016,3,29,12,48,35.485
41,2,2,1,2016,3,29,12,58,54.121
42,2,2,1,2016,3,29,13,4,45.712
43,2,2,1,2016,3,29,13,9,47.838
44,2,2,1,2016,3,29,13,9,51.762
45,1,1,1,2016,3,29,13,28,6.735
46,1,1,1,2016,3,29,13,42,45.12
47,1,0,1,2016,3,29,13,42,45.267
48,1,0,1,2016,3,29,13,42,46.039
49,1,1,1,2016,3,29,13,45,39.865
50,2,2,1,2016,3,29,13,47,8.181
51,2,2,1,2016,3,29,13,52,11.301
52,2,2,1,2016,3,29,13,52,24.984
53,1,1,1,2016,3,29,13,57,26.939
54,1,1,1,2016,3,29,14,2,42.844
55,1,0,1,2016,3,29,14,2,43.586
56,2,2,1,2016,3,29,14,10,12.223
57,2,2,1,2016,3,29,14,10,17.427
58,2,2,1,2016,3,29,14,10,39.578
59,2,0,1,2016,3,29,14,10,39.662
60,2,2,1,2016,3,29,14,10,57.301
61,1,1,1,2016,3,29,14,13,37.279
62,1,1,1,2016,3,29,14,33,29.918
63,1,1,1,2016,3,29,14,33,41.387
64,1,0,1,2016,3,29,14,33,41.652
65,1,1,1,2016,3,29,14,34,2.649
66,1,1,1,2016,3,29,14,37,27.668
67,1,1,1,2016,3,29,14,40,13.264
68,1,1,1,2016,3,29,15,12,59.007
69,1,1,1,2016,3,29,15,17,47.613
70,1,0,1,2016,3,29,15,17,47.753
71,2,1,1,2016,3,29,15,22,18.991
72,1,1,1,2016,3,29,15,28,48.118
73,1,1,1,2016,3,29,15,33,28.212
74,1,1,1,2016,3,29,15,33,37.223
75,1,1,1,2016,3,29,15,33,59.738
76,1,0,1,2016,3,29,15,34,3.652
77,1,0,1,2016,3,29,15,34,5.781
78,1,0,1,2016,3,29,15,34,23.558
79,1,0,1,2016,3,29,15,34,39.069
80,1,0,1,2016,3,29,15,34,42.495
81,1,0,1,2016,3,29,15,34,46.803
82,1,0,1,2016,3,29,15,34,49.808
83,1,0,1,2016,3,29,15,34,59.209
84,1,0,1,2016,3,29,15,35,11.443
85,1,0,1,2016,3,29,15,35,11.696
86,1,0,1,2016,3,29,15,37,27.167
87,1,0,1,2016,3,29,15,37,32.831
88,1,0,1,2016,3,29,15,37,35.852
89,1,0,1,2016,3,29,15,37,35.997
90,1,0,1,2016,3,29,15,37,43.046
91,1,0,1,2016,3,29,15,37,46.063
92,1,0,1,2016,3,29,15,37,49.635
93,1,0,1,2016,3,29,15,37,52.932
94,1,0,1,2016,3,29,15,38,9.049
95,1,0,1,2016,3,29,15,38,12.19
96,1,0,1,2016,3,29,15,38,32.615
97,1,0,1,2016,3,29,15,38,52.432
98,1,0,1,2016,3,29,15,40,8.707
99,1,0,1,2016,3,29,15,40,12.257
100,1,0,1,2016,3,29,15,40,15.692
101,1,0,1,2016,3,29,15,40,18.097
102,1,0,1,2016,3,29,15,40,20.641
103,1,0,1,2016,3,29,15,40,20.749
104,1,0,1,2016,3,29,15,40,24.117
105,1,0,1,2016,3,29,15,40,28.713
106,1,0,1,2016,3,29,15,40,29.447
107,1,0,1,2016,3,29,15,40,33.558
108,1,0,1,2016,3,29,15,46,23.385
109,1,0,1,2016,3,29,15,46,26.692
110,1,0,1,2016,3,29,15,46,35.461
111,1,0,1,2016,3,29,15,46,39.944
112,1,0,1,2016,3,29,15,46,48.169
113,1,0,1,2016,3,29,15,46,51.992
114,1,0,1,2016,3,29,15,46,58.577
115,1,0,1,2016,3,29,15,47,11.695
116,1,0,1,2016,3,29,15,47,15.466
117,1,0,1,2016,3,29,15,47,15.533
118,1,0,1,2016,3,29,15,47,19.569
119,1,0,1,2016,3,29,15,48,7.215
120,1,0,1,2016,3,29,15,48,11.455
121,1,0,1,2016,3,29,15,48,16.067
122,1,0,1,2016,3,29,15,48,22.04
123,2,0,1,2016,3,29,15,49,26.21
124,1,0,1,2016,3,29,15,51,24.437
125,1,0,1,2016,3,29,15,51,28.675
126,1,0,1,2016,3,29,15,51,51.847
127,1,0,1,2016,3,29,15,51,53.024
128,1,0,1,2016,3,29,15,52,23.927
129,1,0,1,2016,3,29,15,53,0.76
130,1,0,1,2016,3,29,15,53,14.272
131,1,0,1,2016,3,29,15,53,14.77
132,1,0,1,2016,3,29,15,53,17.985
133,1,0,1,2016,3,29,15,53,18.305
134,1,0,1,2016,3,29,15,53,24.259
135,1,0,1,2016,3,29,15,53,26.964
136,1,0,1,2016,3,29,15,53,31.538
137,1,0,1,2016,3,29,15,53,31.727
138,1,0,1,2016,3,29,15,53,39.338
139,1,0,1,2016,3,29,15,59,3.665
140,1,0,1,2016,3,29,15,59,7.072
141,1,0,1,2016,3,29,15,59,9.853
142,1,0,1,2016,3,29,15,59,10.227
143,1,0,1,2016,3,29,15,59,19.501
144,1,0,1,2016,3,29,15,59,24.451
145,1,0,1,2016,3,29,15,59,45.221
146,1,0,1,2016,3,29,15,59,58.29
147,1,0,1,2016,3,29,16,0,11.572
148,1,0,1,2016,3,29,16,0,12.099
149,1,0,1,2016,3,29,16,0,48.796
150,1,0,1,2016,3,29,16,0,57.798
151,1,0,1,2016,3,29,16,0,57.848
152,1,0,1,2016,3,29,16,1,22.435
153,1,0,1,2016,3,29,16,4,32.682
154,1,0,1,2016,3,29,16,12,20.111
155,1,0,1,2016,3,29,16,12,20.456
156,1,0,1,2016,3,29,16,12,20.785
157,1,0,1,2016,3,29,16,13,21.061
158,1,0,1,2016,3,29,16,13,38.303
159,1,0,1,2016,3,29,16,14,30.21
160,1,0,1,2016,3,29,16,14,57.006
161,1,0,1,2016,3,29,16,14,57.115
162,1,0,1,2016,3,29,16,17,32.12
163,1,0,1,2016,3,29,16,18,21.31
164,1,0,1,2016,3,29,16,18,33.213
165,1,0,1,2016,3,29,16,19,36.052
166,1,0,1,2016,3,29,16,19,58.401
167,1,0,1,2016,3,29,16,20,17.604
168,1,0,1,2016,3,29,16,20,29.408
169,1,0,1,2016,3,29,16,20,40.753
170,1,0,1,2016,3,29,16,20,54.714
171,1,0,1,2016,3,29,16,21,10.643
172,1,0,1,2016,3,29,16,21,25.119
173,1,0,1,2016,3,29,16,21,27.853
174,1,0,1,2016,3,29,16,21,34.098
175,1,0,1,2016,3,29,16,21,38.342
176,1,0,1,2016,3,29,16,21,41.493
177,1,0,1,2016,3,29,16,21,41.766
178,1,0,1,2016,3,29,16,21,50.705
179,1,0,1,2016,3,29,16,21,54.918
180,1,0,1,2016,3,29,16,55,53.23
181,1,0,1,2016,3,29,17,24,48.83
182,1,0,1,2016,3,29,17,24,48.943
183,1,0,1,2016,3,29,18,42,49.711
