Var1_ 1,Var1_ 2,Var1_ 3,Var1_ 4,Var1_ 5,Var1_ 6,Var1_ 7,Var1_ 8,Var1_ 9,Var1_10
0,0,0,0,2016,5,8,10,5,14.469
1,2,2,1,2016,5,8,10,5,23.61
2,2,2,1,2016,5,8,10,5,27.932
3,2,0,1,2016,5,8,10,5,30.178
4,2,2,1,2016,5,8,10,5,37.231
5,2,2,1,2016,5,8,10,5,40.905
6,2,1,1,2016,5,8,10,5,44.2
7,2,2,1,2016,5,8,10,5,54.972
8,2,2,1,2016,5,8,10,6,2.707
9,2,1,1,2016,5,8,10,6,12.056
10,2,0,1,2016,5,8,10,6,13.449
11,2,2,1,2016,5,8,10,6,20.387
12,2,0,1,2016,5,8,10,6,22.485
13,2,2,1,2016,5,8,10,6,28.026
14,2,0,1,2016,5,8,10,6,30.066
15,2,0,1,2016,5,8,10,6,30.691
16,2,2,1,2016,5,8,10,6,34.599
17,2,0,1,2016,5,8,10,6,36.552
18,2,0,1,2016,5,8,10,6,37.327
19,2,1,1,2016,5,8,10,6,44.088
20,2,2,1,2016,5,8,10,6,55.766
21,2,0,1,2016,5,8,10,6,56
22,2,1,1,2016,5,8,10,7,0.576
23,2,0,1,2016,5,8,10,7,2.966
24,2,2,1,2016,5,8,10,7,6.816
25,2,0,1,2016,5,8,10,7,7.365
26,2,1,1,2016,5,8,10,7,13.355
27,2,2,1,2016,5,8,10,7,26.468
28,2,2,1,2016,5,8,10,7,35.155
29,2,2,1,2016,5,8,10,7,39.862
30,2,0,1,2016,5,8,10,7,41.564
31,2,0,1,2016,5,8,10,7,41.776
32,2,2,1,2016,5,8,10,7,48.266
33,2,0,1,2016,5,8,10,7,50.43
34,2,2,1,2016,5,8,10,7,52.145
35,2,0,1,2016,5,8,10,7,54.304
36,2,1,1,2016,5,8,10,7,55.156
37,2,2,1,2016,5,8,10,8,7.805
38,2,0,1,2016,5,8,10,8,9.844
39,2,0,1,2016,5,8,10,8,10.474
40,2,2,1,2016,5,8,10,8,18.761
41,2,1,1,2016,5,8,10,8,22.255
42,2,0,1,2016,5,8,10,8,22.603
43,2,0,1,2016,5,8,10,8,23.343
44,2,1,1,2016,5,8,10,8,32.149
45,2,1,1,2016,5,8,10,9,3.828
46,2,1,1,2016,5,8,10,9,17.383
47,2,0,1,2016,5,8,10,9,17.541
48,2,2,1,2016,5,8,10,9,28.856
49,2,0,1,2016,5,8,10,9,29.899
50,2,2,1,2016,5,8,10,9,31.947
51,2,0,1,2016,5,8,10,9,33.414
52,2,0,1,2016,5,8,10,9,34.131
53,2,1,1,2016,5,8,10,9,39.926
54,2,2,1,2016,5,8,10,10,1.302
55,2,1,1,2016,5,8,10,10,5.454
56,2,2,1,2016,5,8,10,10,21.722
57,2,0,1,2016,5,8,10,10,23.003
58,2,0,1,2016,5,8,10,10,24.319
59,2,2,1,2016,5,8,10,10,24.974
60,2,0,1,2016,5,8,10,10,26.016
61,2,0,1,2016,5,8,10,10,27.304
62,2,2,1,2016,5,8,10,10,27.985
63,2,1,1,2016,5,8,10,10,31.395
64,2,2,1,2016,5,8,10,10,46.607
65,2,0,1,2016,5,8,10,10,47.841
66,2,0,1,2016,5,8,10,10,49.596
67,2,1,1,2016,5,8,10,11,24.662
68,2,0,1,2016,5,8,10,11,24.986
69,2,1,1,2016,5,8,10,11,28.706
70,2,2,1,2016,5,8,10,11,32.082
71,2,2,1,2016,5,8,10,11,55.815
72,2,0,1,2016,5,8,10,11,56.145
73,2,0,1,2016,5,8,10,11,58.286
74,2,1,1,2016,5,8,10,11,58.961
75,2,2,1,2016,5,8,10,12,6.563
76,2,1,1,2016,5,8,10,12,10.323
77,2,0,1,2016,5,8,10,12,11.135
78,2,2,1,2016,5,8,10,12,17.245
79,2,0,1,2016,5,8,10,12,19.258
80,2,0,1,2016,5,8,10,12,19.863
81,2,1,1,2016,5,8,10,12,29.023
82,2,0,1,2016,5,8,10,12,30.443
83,2,1,1,2016,5,8,10,12,34.156
84,2,2,1,2016,5,8,10,12,38.752
85,2,0,1,2016,5,8,10,12,40.723
86,2,0,1,2016,5,8,10,12,41.317
87,2,1,1,2016,5,8,10,12,48.611
88,2,1,1,2016,5,8,10,13,38.465
89,2,0,1,2016,5,8,10,13,38.546
90,2,1,1,2016,5,8,10,13,42.155
91,2,0,1,2016,5,8,10,13,44.834
92,2,1,1,2016,5,8,10,13,49.991
93,2,0,1,2016,5,8,10,13,50.05
94,2,1,1,2016,5,8,10,13,53.5
95,2,0,1,2016,5,8,10,13,53.829
96,2,1,1,2016,5,8,10,14,0.915
97,2,0,1,2016,5,8,10,14,2.636
98,2,1,1,2016,5,8,10,15,6.657
99,2,1,1,2016,5,8,10,15,11.577
100,2,1,1,2016,5,8,10,16,2.215
101,2,1,1,2016,5,8,10,16,35.146
102,2,1,1,2016,5,8,10,17,4.008
103,2,0,1,2016,5,8,10,17,5.319
104,2,0,1,2016,5,8,10,17,5.552
105,1,0,1,2016,5,8,10,18,35.726
106,1,0,1,2016,5,8,10,18,38.743
107,1,0,1,2016,5,8,10,18,40.272
108,1,0,1,2016,5,8,10,18,41.429
109,1,0,1,2016,5,8,10,18,41.496
110,2,0,1,2016,5,8,10,18,45.242
111,2,0,1,2016,5,8,10,18,45.617
112,2,0,1,2016,5,8,10,18,47.211
113,2,0,1,2016,5,8,10,18,47.428
114,2,0,1,2016,5,8,10,19,16.06
115,2,0,1,2016,5,8,10,19,16.278
116,2,0,1,2016,5,8,10,19,30.421
117,1,0,1,2016,5,8,10,21,1.329
118,2,0,1,2016,5,8,10,21,16.306
119,2,0,1,2016,5,8,10,21,39.966
120,2,0,1,2016,5,8,10,21,40.474
121,2,0,1,2016,5,8,10,21,45.763
122,2,0,1,2016,5,8,10,22,14.089
123,2,0,1,2016,5,8,10,22,16.212
124,2,0,1,2016,5,8,10,22,16.791
125,2,0,1,2016,5,8,10,22,32.451
126,2,0,1,2016,5,8,10,22,32.657
127,2,0,1,2016,5,8,10,22,35.706
128,2,0,1,2016,5,8,10,22,37.222
129,2,0,1,2016,5,8,10,22,44.803
130,2,0,1,2016,5,8,10,22,45.075
131,1,0,1,2016,5,8,10,23,9.853
132,1,0,1,2016,5,8,10,26,17.066
133,1,0,1,2016,5,8,10,29,39.09
134,2,0,1,2016,5,8,10,35,21.833
135,1,0,1,2016,5,8,10,35,42.289
136,1,0,1,2016,5,8,10,35,47.347
137,1,0,1,2016,5,8,10,35,48.084
138,1,0,1,2016,5,8,10,35,54.972
139,1,0,1,2016,5,8,10,36,2.298
140,1,0,1,2016,5,8,10,38,10.802
141,1,0,1,2016,5,8,10,38,10.997
142,1,0,1,2016,5,8,10,38,11.032
143,1,0,1,2016,5,8,10,38,12.514
144,2,0,1,2016,5,8,10,39,20.604
145,2,0,1,2016,5,8,10,39,20.897
146,2,0,1,2016,5,8,10,39,26.249
147,2,0,1,2016,5,8,10,39,29.982
148,2,0,1,2016,5,8,10,39,30.071
149,2,0,1,2016,5,8,10,39,30.703
150,1,0,1,2016,5,8,10,39,39.58
151,2,0,1,2016,5,8,10,39,45.051
152,1,0,1,2016,5,8,10,39,47.233
153,2,0,1,2016,5,8,10,39,56.911
154,2,0,1,2016,5,8,10,40,17.21
155,1,0,1,2016,5,8,10,41,58.825
156,1,0,1,2016,5,8,10,44,4.453
157,1,0,1,2016,5,8,10,44,4.566
158,1,0,1,2016,5,8,10,44,5.447
159,1,0,1,2016,5,8,10,44,26.451
160,2,0,1,2016,5,8,10,44,48.185
161,2,0,1,2016,5,8,10,44,54.62
162,2,0,1,2016,5,8,10,44,58.558
163,2,0,1,2016,5,8,10,45,18.526
164,2,0,1,2016,5,8,10,45,40.081
165,2,0,1,2016,5,8,10,45,52.842
166,2,0,1,2016,5,8,10,46,11.221
167,2,0,1,2016,5,8,10,46,23.203
168,2,0,1,2016,5,8,10,46,23.374
169,1,0,1,2016,5,8,10,46,45.005
170,2,0,1,2016,5,8,10,46,57.733
171,1,0,1,2016,5,8,10,49,28.194
172,1,0,1,2016,5,8,10,50,47.227
173,1,0,1,2016,5,8,10,51,14.83
174,1,0,1,2016,5,8,10,53,34.477
175,1,0,1,2016,5,8,10,55,44.754
176,1,0,1,2016,5,8,10,57,32.79
177,1,0,1,2016,5,8,10,57,58.803
178,2,0,1,2016,5,8,10,58,28.863
179,2,0,1,2016,5,8,10,58,31.99
180,2,0,1,2016,5,8,11,0,28.101
181,2,0,1,2016,5,8,11,0,51.05
182,2,0,1,2016,5,8,11,1,30.071
183,1,0,1,2016,5,8,11,2,24.984
184,1,0,1,2016,5,8,11,2,26.022
185,1,0,1,2016,5,8,11,2,28.934
186,2,0,1,2016,5,8,11,5,1.483
187,1,0,1,2016,5,8,11,5,33.708
188,2,0,1,2016,5,8,11,10,0.631
189,1,0,1,2016,5,8,11,11,57.06
190,1,0,1,2016,5,8,11,16,40.314
191,1,0,1,2016,5,8,11,18,14.887
192,1,0,1,2016,5,8,11,18,23.641
193,1,0,1,2016,5,8,11,18,37.525
194,1,0,1,2016,5,8,11,20,1.335
195,1,0,1,2016,5,8,11,21,22.481
196,1,0,1,2016,5,8,11,24,19.53
197,2,0,1,2016,5,8,11,31,12.529
198,2,0,1,2016,5,8,11,31,12.693
199,1,0,1,2016,5,8,11,32,46.065
200,1,0,1,2016,5,8,11,32,46.84
201,2,0,1,2016,5,8,11,34,45.016
202,2,0,1,2016,5,8,11,34,47.52
203,1,0,1,2016,5,8,11,36,27.93
204,1,0,1,2016,5,8,11,36,32.801
205,2,0,1,2016,5,8,11,36,59.385
206,2,0,1,2016,5,8,11,37,4.297
207,2,0,1,2016,5,8,11,37,17.404
208,2,0,1,2016,5,8,11,37,18.884
209,2,0,1,2016,5,8,11,51,51.887
210,1,0,1,2016,5,8,11,53,45.677
211,2,0,1,2016,5,8,11,55,16.077
212,1,0,1,2016,5,8,11,55,17.622
213,1,0,1,2016,5,8,11,56,19.872
214,1,0,1,2016,5,8,12,0,38.524
215,1,0,1,2016,5,8,12,7,26.535
216,1,0,1,2016,5,8,12,13,17.151
217,1,0,1,2016,5,8,12,24,31.506
218,1,0,1,2016,5,8,12,24,33.047
219,1,0,1,2016,5,8,12,24,33.844
220,1,0,1,2016,5,8,12,27,5.386
221,1,0,1,2016,5,8,12,27,6.683
222,1,0,1,2016,5,8,12,27,7.537
223,1,0,1,2016,5,8,12,41,36.185
224,1,0,1,2016,5,8,12,41,37.399
225,1,0,1,2016,5,8,12,41,38.397
226,1,0,1,2016,5,8,12,41,54.731
227,1,0,1,2016,5,8,12,42,30.083
228,1,0,1,2016,5,8,12,42,31.883
229,1,0,1,2016,5,8,12,42,31.938
230,1,0,1,2016,5,8,12,42,32.676
231,1,0,1,2016,5,8,12,46,16.106
232,2,0,1,2016,5,8,12,49,52.302
233,2,0,1,2016,5,8,12,49,53.595
234,2,0,1,2016,5,8,12,49,54.542
235,2,0,1,2016,5,8,12,51,35.893
236,2,0,1,2016,5,8,12,51,35.94
237,2,0,1,2016,5,8,12,52,4.754
238,2,0,1,2016,5,8,12,52,7.171
239,2,0,1,2016,5,8,12,52,8.793
240,2,0,1,2016,5,8,12,52,24.175
241,1,0,1,2016,5,8,12,54,37.883
242,1,0,1,2016,5,8,12,54,38.841
243,1,0,1,2016,5,8,12,54,40.729
244,1,0,1,2016,5,8,12,54,41.894
245,1,0,1,2016,5,8,12,54,42.647
246,1,0,1,2016,5,8,12,54,44.201
247,1,0,1,2016,5,8,12,54,45.667
248,1,0,1,2016,5,8,12,54,48.245
249,1,0,1,2016,5,8,12,57,43.348
250,1,0,1,2016,5,8,12,59,5.185
251,1,0,1,2016,5,8,12,59,6.058
252,1,0,1,2016,5,8,12,59,7.105
253,1,0,1,2016,5,8,12,59,9.28
254,1,0,1,2016,5,8,12,59,10.516
255,1,0,1,2016,5,8,12,59,11.539
256,1,0,1,2016,5,8,12,59,14.771
257,1,0,1,2016,5,8,12,59,17.126
258,1,0,1,2016,5,8,12,59,20.639
259,1,0,1,2016,5,8,12,59,22.013
260,1,0,1,2016,5,8,13,0,56.297
261,1,0,1,2016,5,8,13,0,57.091
262,1,0,1,2016,5,8,13,0,58.247
263,1,0,1,2016,5,8,13,1,0.94
264,1,0,1,2016,5,8,13,1,39.931
265,1,0,1,2016,5,8,13,6,15.016
266,1,0,1,2016,5,8,13,6,17.873
267,1,0,1,2016,5,8,13,6,42.278
268,1,0,1,2016,5,8,13,6,43.342
269,1,0,1,2016,5,8,13,6,45.037
270,1,0,1,2016,5,8,13,6,46.061
271,1,0,1,2016,5,8,13,6,47.236
272,1,0,1,2016,5,8,13,7,43.471
273,1,0,1,2016,5,8,13,12,23.073
274,1,0,1,2016,5,8,13,12,23.734
275,1,0,1,2016,5,8,13,12,24.903
276,1,0,1,2016,5,8,13,20,59.882
277,2,0,1,2016,5,8,13,21,43.543
278,1,0,1,2016,5,8,13,22,29.952
279,1,0,1,2016,5,8,13,22,51.056
280,2,0,1,2016,5,8,13,25,45.941
281,1,0,1,2016,5,8,13,26,10.434
282,1,0,1,2016,5,8,13,31,52.276
283,1,0,1,2016,5,8,13,32,8.551
284,1,0,1,2016,5,8,13,32,17.924
285,1,0,1,2016,5,8,13,33,42.021
286,2,0,1,2016,5,8,13,42,22.215
287,2,0,1,2016,5,8,13,43,9.954
288,2,0,1,2016,5,8,13,43,16.815
289,2,0,1,2016,5,8,13,43,18.389
290,2,0,1,2016,5,8,13,43,19.718
291,2,0,1,2016,5,8,13,43,29.924
292,2,0,1,2016,5,8,13,43,30.941
293,2,0,1,2016,5,8,13,43,32.784
294,2,0,1,2016,5,8,13,43,35.936
295,1,0,1,2016,5,8,13,45,10.315
296,1,0,1,2016,5,8,13,45,11.847
297,1,0,1,2016,5,8,13,45,12.657
298,1,0,1,2016,5,8,13,45,13.754
299,1,0,1,2016,5,8,13,45,14.74
300,1,0,1,2016,5,8,13,45,16.604
301,1,0,1,2016,5,8,13,45,17.904
302,1,0,1,2016,5,8,13,45,23.017
303,1,0,1,2016,5,8,13,56,34.564
304,1,0,1,2016,5,8,13,56,54.657
305,1,0,1,2016,5,8,13,59,45.232
306,2,0,1,2016,5,8,14,3,16.977
307,2,0,1,2016,5,8,14,3,19.783
308,2,0,1,2016,5,8,14,3,21.087
309,1,0,1,2016,5,8,14,7,43.687
310,2,0,1,2016,5,8,14,14,1.335
311,2,0,1,2016,5,8,14,22,23.001
312,2,0,1,2016,5,8,14,22,24.027
313,2,0,1,2016,5,8,14,22,25.243
314,2,0,1,2016,5,8,14,22,26.752
315,2,0,1,2016,5,8,14,22,27.901
316,2,0,1,2016,5,8,14,22,43.839
317,2,0,1,2016,5,8,14,24,23.389
318,2,0,1,2016,5,8,14,24,26.382
319,2,0,1,2016,5,8,14,34,21.981
320,1,0,1,2016,5,8,14,34,47.451
321,2,0,1,2016,5,8,14,35,16.485
322,2,0,1,2016,5,8,14,35,19.075
323,2,0,1,2016,5,8,14,35,19.824
324,2,0,1,2016,5,8,14,35,25.385
325,2,0,1,2016,5,8,14,35,26.317
326,2,0,1,2016,5,8,14,35,27.228
327,2,0,1,2016,5,8,14,35,28.146
328,2,0,1,2016,5,8,14,35,30.849
329,2,0,1,2016,5,8,14,35,31.715
330,2,0,1,2016,5,8,14,35,32.908
331,2,0,1,2016,5,8,14,35,34.576
332,2,0,1,2016,5,8,14,35,35.458
333,2,0,1,2016,5,8,14,35,37.591
334,2,0,1,2016,5,8,14,35,40.444
335,2,0,1,2016,5,8,14,35,41.9
336,2,0,1,2016,5,8,14,35,52.109
337,2,0,1,2016,5,8,14,35,52.213
338,2,0,1,2016,5,8,14,35,53.704
339,2,0,1,2016,5,8,14,35,55.201
340,2,0,1,2016,5,8,14,35,56.061
341,2,0,1,2016,5,8,14,35,56.125
342,2,0,1,2016,5,8,14,35,57.021
343,2,0,1,2016,5,8,14,35,59.289
344,2,0,1,2016,5,8,14,36,0.327
345,2,0,1,2016,5,8,14,36,1.752
346,2,0,1,2016,5,8,14,36,3.446
347,2,0,1,2016,5,8,14,36,4.443
348,2,0,1,2016,5,8,14,36,6.173
349,2,0,1,2016,5,8,14,36,6.278
350,2,0,1,2016,5,8,14,36,7.718
351,2,0,1,2016,5,8,14,36,8.505
352,2,0,1,2016,5,8,14,36,10.517
353,2,0,1,2016,5,8,14,36,11.068
354,2,0,1,2016,5,8,14,36,16.74
355,2,0,1,2016,5,8,14,42,4.77
356,2,0,1,2016,5,8,14,42,5.67
357,2,0,1,2016,5,8,14,42,6.927
358,2,0,1,2016,5,8,14,42,13.699
359,1,0,1,2016,5,8,15,5,43.57
360,2,0,1,2016,5,8,15,8,49.564
361,2,0,1,2016,5,8,15,14,38.473
362,2,0,1,2016,5,8,15,14,39.856
363,2,0,1,2016,5,8,15,14,42.25
364,2,0,1,2016,5,8,15,14,43.964
365,2,0,1,2016,5,8,15,15,24.655
366,2,0,1,2016,5,8,15,15,25.163
367,2,0,1,2016,5,8,15,27,13.377
368,2,0,1,2016,5,8,15,27,14.279
369,2,0,1,2016,5,8,15,27,15.262
370,2,0,1,2016,5,8,15,27,16.49
371,2,0,1,2016,5,8,15,27,17.348
372,2,0,1,2016,5,8,15,27,19.95
373,2,0,1,2016,5,8,15,27,20.002
374,2,0,1,2016,5,8,15,27,21.014
375,2,0,1,2016,5,8,15,27,22.472
376,2,0,1,2016,5,8,15,27,23.661
377,2,0,1,2016,5,8,15,27,28.167
378,2,0,1,2016,5,8,15,27,30.173
379,2,0,1,2016,5,8,15,27,31.46
380,2,0,1,2016,5,8,15,27,33.477
381,2,0,1,2016,5,8,15,27,34.56
382,2,0,1,2016,5,8,15,27,36.57
383,2,0,1,2016,5,8,15,27,38.131
384,2,0,1,2016,5,8,15,27,56.875
385,2,0,1,2016,5,8,15,31,24.512
386,2,0,1,2016,5,8,15,31,25.243
387,2,0,1,2016,5,8,15,31,27.218
388,2,0,1,2016,5,8,15,31,29.363
389,2,0,1,2016,5,8,15,45,28.841
390,2,0,1,2016,5,8,15,45,30.563
391,2,0,1,2016,5,8,15,45,31.506
392,2,0,1,2016,5,8,15,46,46.141
393,2,0,1,2016,5,8,15,46,47.276
394,2,0,1,2016,5,8,15,46,48.502
395,2,0,1,2016,5,8,15,46,49.629
396,2,0,1,2016,5,8,15,46,52.216
397,2,0,1,2016,5,8,15,46,53.941
398,2,0,1,2016,5,8,15,46,54.922
399,2,0,1,2016,5,8,15,46,56.016
400,2,0,1,2016,5,8,15,46,57.377
401,2,0,1,2016,5,8,15,46,59.2
402,2,0,1,2016,5,8,15,47,18.146
403,2,0,1,2016,5,8,15,47,19.812
404,2,0,1,2016,5,8,15,53,25.347
405,2,0,1,2016,5,8,15,53,27.486
406,2,0,1,2016,5,8,15,53,29.572
407,2,0,1,2016,5,8,15,53,31.673
408,2,0,1,2016,5,8,15,53,54.428
409,2,0,1,2016,5,8,15,53,55.58
410,2,0,1,2016,5,8,15,53,56.682
411,2,0,1,2016,5,8,15,54,8.695
412,1,0,1,2016,5,8,15,56,32.177
413,1,0,1,2016,5,8,15,57,29.08
414,2,0,1,2016,5,8,16,1,35.937
415,2,0,1,2016,5,8,16,1,37.386
416,2,0,1,2016,5,8,16,8,22.093
417,2,0,1,2016,5,8,16,9,57.627
418,2,0,1,2016,5,8,16,9,59.276
419,2,0,1,2016,5,8,16,10,0.043
420,1,0,1,2016,5,8,16,33,57.758
421,2,0,1,2016,5,8,16,34,52.535
422,2,0,1,2016,5,8,16,34,54.563
423,2,0,1,2016,5,8,16,35,9.22
424,2,0,1,2016,5,8,16,42,4.669
425,2,0,1,2016,5,8,16,42,6.244
426,2,0,1,2016,5,8,16,42,8.039
427,2,0,1,2016,5,8,16,53,42.335
428,2,0,1,2016,5,8,16,53,43.453
429,2,0,1,2016,5,8,16,53,45.408
430,2,0,1,2016,5,8,16,53,46.436
431,2,0,1,2016,5,8,16,54,58.698
432,2,0,1,2016,5,8,16,59,23.428
433,2,0,1,2016,5,8,16,59,24.785
434,2,0,1,2016,5,8,16,59,25.805
435,2,0,1,2016,5,8,16,59,30.854
436,2,0,1,2016,5,8,17,1,17.949
437,2,0,1,2016,5,8,17,1,19.395
438,2,0,1,2016,5,8,17,1,20.408
439,2,0,1,2016,5,8,17,1,21.823
440,2,0,1,2016,5,8,17,2,8.523
441,2,0,1,2016,5,8,17,2,9.837
442,2,0,1,2016,5,8,17,13,22.309
443,2,0,1,2016,5,8,17,13,23.364
444,2,0,1,2016,5,8,17,13,26.557
445,2,0,1,2016,5,8,17,13,28.19
446,2,0,1,2016,5,8,17,26,29.345
447,2,0,1,2016,5,8,17,28,24.371
448,2,0,1,2016,5,8,17,28,24.585
449,2,0,1,2016,5,8,17,28,25.542
450,2,0,1,2016,5,8,17,34,48.143
451,2,0,1,2016,5,8,17,34,48.915
452,2,0,1,2016,5,8,17,35,50.662
453,1,0,1,2016,5,8,17,48,34.926
454,2,0,1,2016,5,8,18,3,43.281
455,2,0,1,2016,5,8,18,3,58.657
456,2,0,1,2016,5,8,18,5,24.904
457,2,0,1,2016,5,8,18,16,8.981
458,2,0,1,2016,5,8,18,16,9.912
459,1,0,1,2016,5,8,18,18,43.716
460,1,0,1,2016,5,8,18,18,44.523
461,1,0,1,2016,5,8,18,18,46.688
462,1,0,1,2016,5,8,18,18,47.885
463,1,0,1,2016,5,8,18,18,48.631
464,1,0,1,2016,5,8,18,18,50.473
465,1,0,1,2016,5,8,18,18,51.62
466,1,0,1,2016,5,8,18,18,52.513
467,1,0,1,2016,5,8,18,56,12.538
468,1,0,1,2016,5,8,18,56,14.911
469,1,0,1,2016,5,8,18,56,28.684
470,1,0,1,2016,5,8,18,56,28.794
