Var1_ 1,Var1_ 2,Var1_ 3,Var1_ 4,Var1_ 5,Var1_ 6,Var1_ 7,Var1_ 8,Var1_ 9,Var1_10
0,0,0,0,2016,5,11,10,5,7.934
1,1,1,1,2016,5,11,10,6,6.964
2,1,1,1,2016,5,11,10,6,35.251
3,1,1,1,2016,5,11,10,6,43.634
4,1,0,1,2016,5,11,10,6,45.417
5,1,2,1,2016,5,11,10,6,55.94
6,1,0,1,2016,5,11,10,6,57.572
7,1,1,1,2016,5,11,10,7,6.901
8,1,0,1,2016,5,11,10,7,7.166
9,1,0,1,2016,5,11,10,7,9.158
10,1,1,1,2016,5,11,10,7,19.092
11,1,0,1,2016,5,11,10,7,20.731
12,1,1,1,2016,5,11,10,7,30.15
13,1,1,1,2016,5,11,10,7,34.83
14,1,1,1,2016,5,11,10,7,37.958
15,1,0,1,2016,5,11,10,7,40.419
16,1,1,1,2016,5,11,10,7,51.968
17,1,0,1,2016,5,11,10,7,54.915
18,1,1,1,2016,5,11,10,7,57.29
19,1,2,1,2016,5,11,10,8,0.802
20,2,2,1,2016,5,11,10,8,20.218
21,2,0,1,2016,5,11,10,8,20.544
22,2,0,1,2016,5,11,10,8,22.58
23,2,2,1,2016,5,11,10,8,25.546
24,2,0,1,2016,5,11,10,8,27.617
25,2,2,1,2016,5,11,10,8,38.966
26,2,0,1,2016,5,11,10,8,41.328
27,2,2,1,2016,5,11,10,8,43.916
28,2,0,1,2016,5,11,10,8,45.834
29,2,2,1,2016,5,11,10,8,54.228
30,2,0,1,2016,5,11,10,8,54.556
31,2,0,1,2016,5,11,10,8,56.453
32,2,2,1,2016,5,11,10,9,0.735
33,2,2,1,2016,5,11,10,9,7.313
34,2,0,1,2016,5,11,10,9,9.085
35,2,2,1,2016,5,11,10,9,12.58
36,2,0,1,2016,5,11,10,9,13.851
37,2,0,1,2016,5,11,10,9,15.177
38,2,2,1,2016,5,11,10,9,21.3
39,2,2,1,2016,5,11,10,9,26.828
40,2,0,1,2016,5,11,10,9,28.948
41,2,2,1,2016,5,11,10,9,32.059
42,2,1,1,2016,5,11,10,9,39.314
43,2,0,1,2016,5,11,10,9,41.903
44,2,2,1,2016,5,11,10,10,10.855
45,2,0,1,2016,5,11,10,10,13.237
46,2,0,1,2016,5,11,10,10,13.844
47,2,1,1,2016,5,11,10,10,16.035
48,2,0,1,2016,5,11,10,10,18.688
49,2,2,1,2016,5,11,10,10,28.456
50,2,0,1,2016,5,11,10,10,31.13
51,2,1,1,2016,5,11,10,10,36.386
52,2,2,1,2016,5,11,10,10,50.776
53,2,0,1,2016,5,11,10,10,52.948
54,2,2,1,2016,5,11,10,10,56.623
55,2,0,1,2016,5,11,10,10,58.642
56,2,2,1,2016,5,11,10,11,1.719
57,2,0,1,2016,5,11,10,11,3.747
58,2,2,1,2016,5,11,10,11,6.808
59,2,0,1,2016,5,11,10,11,6.994
60,2,2,1,2016,5,11,10,11,44.39
61,2,0,1,2016,5,11,10,11,46.642
62,2,0,1,2016,5,11,10,11,47.245
63,2,1,1,2016,5,11,10,11,49.576
64,2,2,1,2016,5,11,10,11,52.741
65,2,0,1,2016,5,11,10,11,55.086
66,2,2,1,2016,5,11,10,12,0.321
67,2,0,1,2016,5,11,10,12,2.164
68,2,0,1,2016,5,11,10,12,2.838
69,2,0,1,2016,5,11,10,12,3.078
70,2,0,1,2016,5,11,10,12,3.145
71,2,1,1,2016,5,11,10,12,21.049
72,2,0,1,2016,5,11,10,12,22.645
73,2,1,1,2016,5,11,10,12,54.649
74,2,0,1,2016,5,11,10,12,57.021
75,2,1,1,2016,5,11,10,13,21.092
76,2,1,1,2016,5,11,10,13,31.617
77,2,2,1,2016,5,11,10,13,45.336
78,2,0,1,2016,5,11,10,13,47.137
79,2,0,1,2016,5,11,10,13,47.227
80,2,2,1,2016,5,11,10,14,28.336
81,2,0,1,2016,5,11,10,14,28.503
82,2,0,1,2016,5,11,10,14,30.442
83,2,0,1,2016,5,11,10,14,31.055
84,2,1,1,2016,5,11,10,14,36.626
85,2,2,1,2016,5,11,10,14,59.094
86,2,0,1,2016,5,11,10,15,0.662
87,2,1,1,2016,5,11,10,15,21.994
88,2,2,1,2016,5,11,10,15,26.475
89,2,0,1,2016,5,11,10,15,26.686
90,2,0,1,2016,5,11,10,15,28.304
91,2,0,1,2016,5,11,10,15,28.649
92,2,0,1,2016,5,11,10,15,29.295
93,2,2,1,2016,5,11,10,15,32.144
94,2,0,1,2016,5,11,10,15,33.051
95,2,0,1,2016,5,11,10,15,34.538
96,2,2,1,2016,5,11,10,16,4.408
97,2,0,1,2016,5,11,10,16,7.042
98,2,1,1,2016,5,11,10,16,13.638
99,2,2,1,2016,5,11,10,16,38.42
100,2,1,1,2016,5,11,10,16,52.338
101,2,1,1,2016,5,11,10,17,6.548
102,2,0,1,2016,5,11,10,17,8.72
103,2,2,1,2016,5,11,10,17,39.472
104,2,0,1,2016,5,11,10,17,41.619
105,2,1,1,2016,5,11,10,17,48.36
106,2,0,1,2016,5,11,10,17,50.904
107,2,1,1,2016,5,11,10,18,2.626
108,2,1,1,2016,5,11,10,18,11.059
109,2,0,1,2016,5,11,10,18,12.238
110,2,1,1,2016,5,11,10,18,17.466
111,2,1,1,2016,5,11,10,18,23.011
112,2,1,1,2016,5,11,10,18,36.905
113,2,1,1,2016,5,11,10,18,44.455
114,2,0,1,2016,5,11,10,19,9.504
115,2,0,1,2016,5,11,10,19,10.221
116,1,0,1,2016,5,11,10,20,21.397
117,1,0,1,2016,5,11,10,20,22.656
118,1,0,1,2016,5,11,10,20,23.354
119,1,0,1,2016,5,11,10,20,27.607
120,1,0,1,2016,5,11,10,20,27.734
121,1,0,1,2016,5,11,10,20,28.072
122,2,0,1,2016,5,11,10,20,51.708
123,2,0,1,2016,5,11,10,20,51.771
124,2,0,1,2016,5,11,10,22,32.216
125,2,0,1,2016,5,11,10,23,27.766
126,2,0,1,2016,5,11,10,25,0.309
127,2,0,1,2016,5,11,10,25,0.583
128,1,0,1,2016,5,11,10,25,8.712
129,2,0,1,2016,5,11,10,26,38.518
130,2,0,1,2016,5,11,10,26,55.667
131,2,0,1,2016,5,11,10,27,8.431
132,2,0,1,2016,5,11,10,28,18.89
133,2,0,1,2016,5,11,10,28,20.239
134,2,0,1,2016,5,11,10,28,21.51
135,2,0,1,2016,5,11,10,28,22.51
136,2,0,1,2016,5,11,10,28,48.879
137,2,0,1,2016,5,11,10,29,1.54
138,2,0,1,2016,5,11,10,29,42.507
139,2,0,1,2016,5,11,10,30,18.198
140,2,0,1,2016,5,11,10,30,18.495
141,2,0,1,2016,5,11,10,30,23.232
142,2,0,1,2016,5,11,10,30,23.643
143,2,0,1,2016,5,11,10,30,29.097
144,2,0,1,2016,5,11,10,36,29.239
145,2,0,1,2016,5,11,10,36,30.84
146,2,0,1,2016,5,11,10,36,32.298
147,2,0,1,2016,5,11,10,36,33.86
148,2,0,1,2016,5,11,10,36,35.082
149,2,0,1,2016,5,11,10,36,37.194
150,2,0,1,2016,5,11,10,36,38.707
151,1,0,1,2016,5,11,10,37,29.462
152,1,0,1,2016,5,11,10,37,31.565
153,1,0,1,2016,5,11,10,37,34.06
154,1,0,1,2016,5,11,10,37,34.092
155,1,0,1,2016,5,11,10,38,57.15
156,1,0,1,2016,5,11,10,39,1.95
157,1,0,1,2016,5,11,10,39,8.274
158,1,0,1,2016,5,11,10,39,9.588
159,1,0,1,2016,5,11,10,39,10.398
160,1,0,1,2016,5,11,10,39,11.723
161,1,0,1,2016,5,11,10,39,11.77
162,1,0,1,2016,5,11,10,39,13.856
163,1,0,1,2016,5,11,10,39,14.587
164,1,0,1,2016,5,11,10,39,15.826
165,1,0,1,2016,5,11,10,39,17.689
166,1,0,1,2016,5,11,10,39,19.736
167,1,0,1,2016,5,11,10,39,20.554
168,1,0,1,2016,5,11,10,39,21.928
169,1,0,1,2016,5,11,10,39,23.341
170,1,0,1,2016,5,11,10,39,24.371
171,1,0,1,2016,5,11,10,39,27.162
172,1,0,1,2016,5,11,10,39,28.726
173,1,0,1,2016,5,11,10,40,16.214
174,2,0,1,2016,5,11,10,40,24.782
175,2,0,1,2016,5,11,10,40,25.164
176,1,0,1,2016,5,11,10,40,35.584
177,1,0,1,2016,5,11,10,40,35.646
178,2,0,1,2016,5,11,10,41,28.504
179,2,0,1,2016,5,11,10,41,48.14
180,2,0,1,2016,5,11,10,41,49.741
181,2,0,1,2016,5,11,10,42,28.845
182,2,0,1,2016,5,11,10,43,0.071
183,2,0,1,2016,5,11,10,43,21.858
184,2,0,1,2016,5,11,10,43,31.44
185,2,0,1,2016,5,11,10,43,33.907
186,2,0,1,2016,5,11,10,43,37.439
187,2,0,1,2016,5,11,10,44,4.479
188,2,0,1,2016,5,11,10,45,27.301
189,1,0,1,2016,5,11,10,45,56.817
190,1,0,1,2016,5,11,10,45,58.656
191,1,0,1,2016,5,11,10,46,1.888
192,1,0,1,2016,5,11,10,46,17.994
193,1,0,1,2016,5,11,10,46,19.24
194,1,0,1,2016,5,11,10,46,28.172
195,1,0,1,2016,5,11,10,46,29.562
196,1,0,1,2016,5,11,10,46,54.892
197,1,0,1,2016,5,11,10,46,55.139
198,1,0,1,2016,5,11,10,46,55.382
199,1,0,1,2016,5,11,10,46,56.032
200,1,0,1,2016,5,11,10,47,48.1
201,2,0,1,2016,5,11,10,47,53.697
202,2,0,1,2016,5,11,10,47,54.004
203,2,0,1,2016,5,11,10,48,24.034
204,2,0,1,2016,5,11,10,48,24.103
205,2,0,1,2016,5,11,10,48,31.47
206,1,0,1,2016,5,11,10,52,0.685
207,1,0,1,2016,5,11,10,52,0.974
208,1,0,1,2016,5,11,10,52,14.006
209,2,0,1,2016,5,11,10,52,31.091
210,1,0,1,2016,5,11,10,54,24.927
211,2,0,1,2016,5,11,11,0,10.514
212,2,0,1,2016,5,11,11,1,22.552
213,1,0,1,2016,5,11,11,2,32.517
214,1,0,1,2016,5,11,11,2,32.589
215,1,0,1,2016,5,11,11,2,39.788
216,1,0,1,2016,5,11,11,2,41.576
217,1,0,1,2016,5,11,11,2,50.042
218,2,0,1,2016,5,11,11,2,55.572
219,2,0,1,2016,5,11,11,3,38.395
220,2,0,1,2016,5,11,11,6,2.876
221,1,0,1,2016,5,11,11,6,9.957
222,2,0,1,2016,5,11,11,6,12.025
223,1,0,1,2016,5,11,11,6,21.342
224,1,0,1,2016,5,11,11,7,49.707
225,1,0,1,2016,5,11,11,7,52.028
226,1,0,1,2016,5,11,11,9,3.451
227,1,0,1,2016,5,11,11,9,19.536
228,2,0,1,2016,5,11,11,9,32.412
229,2,0,1,2016,5,11,11,9,33
230,2,0,1,2016,5,11,11,10,48.418
231,2,0,1,2016,5,11,11,11,0.447
232,2,0,1,2016,5,11,11,11,0.816
233,2,0,1,2016,5,11,11,11,18.304
234,2,0,1,2016,5,11,11,11,25.497
235,2,0,1,2016,5,11,11,11,30.343
236,2,0,1,2016,5,11,11,11,30.639
237,2,0,1,2016,5,11,11,11,40.217
238,2,0,1,2016,5,11,11,11,49.123
239,2,0,1,2016,5,11,11,12,3.52
240,2,0,1,2016,5,11,11,12,14.36
241,2,0,1,2016,5,11,11,12,14.696
242,2,0,1,2016,5,11,11,12,31.175
243,2,0,1,2016,5,11,11,12,37.18
244,2,0,1,2016,5,11,11,12,39.283
245,2,0,1,2016,5,11,11,12,51
246,1,0,1,2016,5,11,11,13,16.161
247,2,0,1,2016,5,11,11,13,44.556
248,2,0,1,2016,5,11,11,13,44.777
249,2,0,1,2016,5,11,11,14,15.502
250,2,0,1,2016,5,11,11,14,28.612
251,2,0,1,2016,5,11,11,14,31.562
252,2,0,1,2016,5,11,11,14,31.8
253,2,0,1,2016,5,11,11,14,59.023
254,2,0,1,2016,5,11,11,15,15.704
255,2,0,1,2016,5,11,11,15,16.651
256,2,0,1,2016,5,11,11,15,24.661
257,2,0,1,2016,5,11,11,15,34.638
258,2,0,1,2016,5,11,11,15,36.032
259,2,0,1,2016,5,11,11,16,2.813
260,2,0,1,2016,5,11,11,16,11.894
261,2,0,1,2016,5,11,11,16,12.93
262,2,0,1,2016,5,11,11,16,15.03
263,2,0,1,2016,5,11,11,16,21.302
264,2,0,1,2016,5,11,11,16,21.584
265,2,0,1,2016,5,11,11,16,58.475
266,2,0,1,2016,5,11,11,17,5.03
267,2,0,1,2016,5,11,11,17,8.536
268,2,0,1,2016,5,11,11,17,8.89
269,2,0,1,2016,5,11,11,17,13.827
270,2,0,1,2016,5,11,11,17,18.164
271,2,0,1,2016,5,11,11,18,17.627
272,2,0,1,2016,5,11,11,18,18.242
273,2,0,1,2016,5,11,11,18,20.86
274,2,0,1,2016,5,11,11,18,28.461
275,2,0,1,2016,5,11,11,19,15.997
276,2,0,1,2016,5,11,11,20,10.108
277,2,0,1,2016,5,11,11,20,52.512
278,2,0,1,2016,5,11,11,26,20.155
279,2,0,1,2016,5,11,11,30,0.045
280,2,0,1,2016,5,11,11,30,4.413
281,2,0,1,2016,5,11,11,35,48.938
282,2,0,1,2016,5,11,11,37,41.418
283,2,0,1,2016,5,11,11,37,41.493
284,2,0,1,2016,5,11,11,38,35.403
285,2,0,1,2016,5,11,11,42,8.113
286,2,0,1,2016,5,11,11,42,10.229
287,2,0,1,2016,5,11,11,42,41.896
288,2,0,1,2016,5,11,11,42,42.88
289,2,0,1,2016,5,11,11,42,43.179
290,2,0,1,2016,5,11,11,43,19.902
291,2,0,1,2016,5,11,11,48,15.545
292,2,0,1,2016,5,11,11,51,53.858
293,2,0,1,2016,5,11,11,52,33.527
294,2,0,1,2016,5,11,11,52,36.121
295,2,0,1,2016,5,11,11,55,18.701
296,2,0,1,2016,5,11,11,56,28.364
297,2,0,1,2016,5,11,11,56,28.508
298,2,0,1,2016,5,11,11,56,39.961
299,2,0,1,2016,5,11,11,56,41.043
300,2,0,1,2016,5,11,11,56,42.312
301,2,0,1,2016,5,11,12,1,3.057
302,2,0,1,2016,5,11,12,1,5.805
303,2,0,1,2016,5,11,12,1,8.034
304,2,0,1,2016,5,11,12,1,8.856
305,2,0,1,2016,5,11,12,1,11.611
306,2,0,1,2016,5,11,12,1,12.982
307,2,0,1,2016,5,11,12,1,14.288
308,2,0,1,2016,5,11,12,1,15.204
309,1,0,1,2016,5,11,12,2,0.775
310,1,0,1,2016,5,11,12,2,2.28
311,2,0,1,2016,5,11,12,2,11.265
312,2,0,1,2016,5,11,12,3,56.458
313,2,0,1,2016,5,11,12,12,57.002
314,2,0,1,2016,5,11,12,12,58.781
315,2,0,1,2016,5,11,12,13,1.637
316,2,0,1,2016,5,11,12,16,12.073
317,2,0,1,2016,5,11,12,31,26.036
318,2,0,1,2016,5,11,12,31,27.468
319,2,0,1,2016,5,11,12,31,29.248
320,2,0,1,2016,5,11,12,31,32.508
321,2,0,1,2016,5,11,12,36,42.815
322,2,0,1,2016,5,11,12,37,3.834
323,2,0,1,2016,5,11,12,37,5.299
324,2,0,1,2016,5,11,12,37,6.317
325,2,0,1,2016,5,11,12,45,49.405
326,1,0,1,2016,5,11,12,46,12.143
327,1,0,1,2016,5,11,12,46,15.561
328,1,0,1,2016,5,11,12,46,18.47
329,1,0,1,2016,5,11,12,46,18.71
330,1,0,1,2016,5,11,12,47,8.893
331,2,0,1,2016,5,11,12,47,10.436
332,1,0,1,2016,5,11,12,47,12.998
333,1,0,1,2016,5,11,12,47,14.743
334,1,0,1,2016,5,11,12,47,42.926
335,1,0,1,2016,5,11,12,47,53.882
336,1,0,1,2016,5,11,12,48,2.021
337,1,0,1,2016,5,11,12,48,43.064
338,1,0,1,2016,5,11,12,49,3.564
339,1,0,1,2016,5,11,12,49,5.043
340,1,0,1,2016,5,11,12,49,12.497
341,1,0,1,2016,5,11,12,51,40.452
342,1,0,1,2016,5,11,12,57,52.324
343,1,0,1,2016,5,11,12,58,4.86
344,1,0,1,2016,5,11,13,1,19.453
345,2,0,1,2016,5,11,13,7,47.135
346,2,0,1,2016,5,11,13,7,47.389
347,2,0,1,2016,5,11,13,7,56.771
348,1,0,1,2016,5,11,13,21,2.335
349,1,0,1,2016,5,11,13,21,6.281
350,1,0,1,2016,5,11,13,53,7.699
351,2,0,1,2016,5,11,14,0,54.178
352,2,0,1,2016,5,11,14,0,55.46
353,2,0,1,2016,5,11,14,0,56.499
354,2,0,1,2016,5,11,14,0,57.503
355,2,0,1,2016,5,11,14,4,13.854
356,1,0,1,2016,5,11,14,4,50.112
357,1,0,1,2016,5,11,14,4,51.165
358,1,0,1,2016,5,11,14,4,52.014
359,1,0,1,2016,5,11,14,4,54.598
360,1,0,1,2016,5,11,14,4,56.342
361,1,0,1,2016,5,11,14,4,57.375
362,1,0,1,2016,5,11,14,4,59.884
363,1,0,1,2016,5,11,14,5,28.882
364,1,0,1,2016,5,11,14,5,29.697
365,1,0,1,2016,5,11,14,5,30.267
366,1,0,1,2016,5,11,14,5,32.228
367,2,0,1,2016,5,11,14,5,50.023
368,2,0,1,2016,5,11,14,5,51.228
369,2,0,1,2016,5,11,14,5,52.88
370,2,0,1,2016,5,11,14,5,58.442
371,2,0,1,2016,5,11,14,6,0.242
372,2,0,1,2016,5,11,14,6,2.131
373,1,0,1,2016,5,11,14,7,5.205
374,1,0,1,2016,5,11,14,7,5.966
375,1,0,1,2016,5,11,14,7,6.168
376,2,0,1,2016,5,11,14,7,25.057
377,2,0,1,2016,5,11,14,7,28.106
378,2,0,1,2016,5,11,14,7,28.855
379,2,0,1,2016,5,11,14,7,30.702
380,2,0,1,2016,5,11,14,7,31.704
381,2,0,1,2016,5,11,14,7,33.621
382,2,0,1,2016,5,11,14,16,5.927
383,2,0,1,2016,5,11,14,16,7.129
384,2,0,1,2016,5,11,14,16,9.814
385,2,0,1,2016,5,11,14,31,30.35
386,2,0,1,2016,5,11,14,31,32.606
387,2,0,1,2016,5,11,14,36,32.618
388,2,0,1,2016,5,11,14,44,45.833
389,1,0,1,2016,5,11,14,59,24.101
390,1,0,1,2016,5,11,15,9,10.32
391,2,0,1,2016,5,11,15,12,6.77
392,2,0,1,2016,5,11,15,12,8.73
393,2,0,1,2016,5,11,15,12,8.954
394,2,0,1,2016,5,11,15,12,9.547
395,1,0,1,2016,5,11,15,18,50.685
396,1,0,1,2016,5,11,15,18,52.301
397,1,0,1,2016,5,11,15,18,52.986
398,1,0,1,2016,5,11,15,18,55.082
399,1,0,1,2016,5,11,15,18,56.872
400,1,0,1,2016,5,11,15,18,58.074
401,1,0,1,2016,5,11,15,18,58.688
402,2,0,1,2016,5,11,15,21,54.984
403,2,0,1,2016,5,11,15,31,52.513
404,2,0,1,2016,5,11,15,31,54.223
405,2,0,1,2016,5,11,15,31,55.401
406,2,0,1,2016,5,11,15,32,53.56
407,1,0,1,2016,5,11,15,33,5.48
408,1,0,1,2016,5,11,15,33,8.398
409,1,0,1,2016,5,11,15,33,9.142
410,1,0,1,2016,5,11,15,33,10.883
411,2,0,1,2016,5,11,16,2,32.983
412,2,0,1,2016,5,11,16,2,34.348
413,2,0,1,2016,5,11,16,16,14.484
414,2,0,1,2016,5,11,16,16,15.709
415,2,0,1,2016,5,11,16,16,28.607
416,2,0,1,2016,5,11,16,16,30.678
417,2,0,1,2016,5,11,16,16,31.729
418,2,0,1,2016,5,11,16,16,32.653
419,2,0,1,2016,5,11,16,16,44.216
420,1,0,1,2016,5,11,16,17,24.246
421,1,0,1,2016,5,11,16,17,24.949
422,1,0,1,2016,5,11,16,17,27.12
423,1,0,1,2016,5,11,16,17,28.087
424,1,0,1,2016,5,11,16,17,31.663
425,1,0,1,2016,5,11,16,17,32.906
426,1,0,1,2016,5,11,16,17,34.577
427,1,0,1,2016,5,11,16,17,36.481
428,1,0,1,2016,5,11,16,17,38.213
429,1,0,1,2016,5,11,16,17,39.047
430,1,0,1,2016,5,11,16,17,55.749
431,1,0,1,2016,5,11,16,17,56.168
432,1,0,1,2016,5,11,16,17,56.994
433,1,0,1,2016,5,11,16,18,0.135
434,1,0,1,2016,5,11,16,18,1.275
435,1,0,1,2016,5,11,16,18,2.496
436,1,0,1,2016,5,11,16,18,3.326
437,1,0,1,2016,5,11,16,18,4.666
438,2,0,1,2016,5,11,16,18,50.871
439,2,0,1,2016,5,11,16,23,48.984
440,2,0,1,2016,5,11,16,23,49.931
441,2,0,1,2016,5,11,16,23,50.911
442,2,0,1,2016,5,11,16,23,51.794
443,2,0,1,2016,5,11,16,23,53.267
444,2,0,1,2016,5,11,16,24,6.915
445,2,0,1,2016,5,11,16,24,7.919
446,2,0,1,2016,5,11,16,24,9.161
447,2,0,1,2016,5,11,16,24,11.547
448,2,0,1,2016,5,11,16,24,13.114
449,2,0,1,2016,5,11,16,24,28.942
450,2,0,1,2016,5,11,16,25,56.1
451,2,0,1,2016,5,11,16,30,32.804
452,2,0,1,2016,5,11,16,35,32.219
453,2,0,1,2016,5,11,16,35,34.004
454,2,0,1,2016,5,11,16,35,35.108
455,2,0,1,2016,5,11,16,35,36.989
456,2,0,1,2016,5,11,16,35,44.479
457,2,0,1,2016,5,11,16,35,46.602
458,2,0,1,2016,5,11,16,35,48.282
459,2,0,1,2016,5,11,16,35,51.981
460,2,0,1,2016,5,11,16,35,53.685
461,2,0,1,2016,5,11,16,35,54.71
462,2,0,1,2016,5,11,16,36,4.421
463,2,0,1,2016,5,11,16,36,4.49
464,2,0,1,2016,5,11,16,36,20.176
465,2,0,1,2016,5,11,16,37,12.357
466,2,0,1,2016,5,11,16,37,39.695
467,2,0,1,2016,5,11,16,37,42.775
468,2,0,1,2016,5,11,16,44,0.632
469,2,0,1,2016,5,11,16,44,1.068
470,2,0,1,2016,5,11,16,44,2.962
471,2,0,1,2016,5,11,16,44,3.866
472,2,0,1,2016,5,11,16,44,5.157
473,2,0,1,2016,5,11,16,44,7.488
474,2,0,1,2016,5,11,16,44,34.298
475,1,0,1,2016,5,11,17,2,15.496
476,1,0,1,2016,5,11,17,2,16.312
477,1,0,1,2016,5,11,17,2,20.003
478,1,0,1,2016,5,11,17,2,20.92
479,1,0,1,2016,5,11,17,2,21.759
480,1,0,1,2016,5,11,17,2,23.192
481,2,0,1,2016,5,11,17,5,33.352
482,2,0,1,2016,5,11,17,5,33.429
483,2,0,1,2016,5,11,17,5,34.285
484,2,0,1,2016,5,11,17,5,45.147
485,2,0,1,2016,5,11,17,5,46.924
486,2,0,1,2016,5,11,17,6,42.865
487,2,0,1,2016,5,11,17,6,43.756
488,2,0,1,2016,5,11,17,6,45.529
489,2,0,1,2016,5,11,17,10,51.729
490,2,0,1,2016,5,11,17,11,5.983
491,1,0,1,2016,5,11,17,16,20.119
492,1,0,1,2016,5,11,17,16,22.531
493,1,0,1,2016,5,11,17,16,22.963
494,1,0,1,2016,5,11,17,16,25.723
495,1,0,1,2016,5,11,17,16,27.981
496,1,0,1,2016,5,11,17,16,30.758
497,1,0,1,2016,5,11,17,16,31.8
498,1,0,1,2016,5,11,17,16,33.23
499,1,0,1,2016,5,11,17,16,37.531
500,2,0,1,2016,5,11,17,16,52.685
501,2,0,1,2016,5,11,17,16,53.646
502,2,0,1,2016,5,11,17,16,55.483
503,2,0,1,2016,5,11,17,18,5.799
504,2,0,1,2016,5,11,17,18,36.399
505,2,0,1,2016,5,11,17,19,8.305
506,2,0,1,2016,5,11,17,19,9.424
507,2,0,1,2016,5,11,17,19,10.807
508,2,0,1,2016,5,11,17,23,11.751
509,1,0,1,2016,5,11,18,12,17.509
