Var1_ 1,Var1_ 2,Var1_ 3,Var1_ 4,Var1_ 5,Var1_ 6,Var1_ 7,Var1_ 8,Var1_ 9,Var1_10
0,0,0,0,2016,4,15,10,5,9.661
1,2,2,1,2016,4,15,10,10,41.003
2,2,2,1,2016,4,15,10,10,47.29
3,2,2,1,2016,4,15,10,10,51.43
4,2,0,1,2016,4,15,10,10,51.772
5,2,2,1,2016,4,15,10,10,58.649
6,2,0,1,2016,4,15,10,10,58.926
7,2,1,1,2016,4,15,10,11,10.165
8,2,0,1,2016,4,15,10,11,12.419
9,1,1,1,2016,4,15,10,11,38.631
10,1,0,1,2016,4,15,10,11,39.464
11,1,1,1,2016,4,15,10,11,43.022
12,1,1,1,2016,4,15,10,12,26.835
13,1,2,1,2016,4,15,10,12,31.654
14,1,1,1,2016,4,15,10,12,35.405
15,1,0,1,2016,4,15,10,12,35.582
16,1,1,1,2016,4,15,10,12,42.408
17,1,1,1,2016,4,15,10,12,47.959
18,1,0,1,2016,4,15,10,12,48.104
19,1,1,1,2016,4,15,10,12,54.875
20,1,1,1,2016,4,15,10,12,58.237
21,1,1,1,2016,4,15,10,13,7.668
22,1,1,1,2016,4,15,10,13,12.948
23,1,0,1,2016,4,15,10,13,12.994
24,1,0,1,2016,4,15,10,13,13.176
25,1,2,1,2016,4,15,10,13,19.531
26,1,2,1,2016,4,15,10,13,27.732
27,1,0,1,2016,4,15,10,13,29.599
28,1,1,1,2016,4,15,10,13,31.23
29,1,2,1,2016,4,15,10,13,37.449
30,1,0,1,2016,4,15,10,13,39.399
31,1,2,1,2016,4,15,10,13,45.114
32,1,1,1,2016,4,15,10,13,49.833
33,1,2,1,2016,4,15,10,13,59.4
34,1,0,1,2016,4,15,10,14,0.35
35,1,1,1,2016,4,15,10,14,5.86
36,1,1,1,2016,4,15,10,14,20.347
37,1,0,1,2016,4,15,10,14,20.463
38,1,1,1,2016,4,15,10,14,26.775
39,1,1,1,2016,4,15,10,14,32.827
40,1,1,1,2016,4,15,10,14,58.988
41,1,1,1,2016,4,15,10,15,4.628
42,1,2,1,2016,4,15,10,15,16.584
43,1,0,1,2016,4,15,10,15,17.144
44,1,0,1,2016,4,15,10,15,18.831
45,1,1,1,2016,4,15,10,15,27.595
46,1,2,1,2016,4,15,10,15,34.826
47,1,2,1,2016,4,15,10,15,42.531
48,1,0,1,2016,4,15,10,15,44.362
49,1,1,1,2016,4,15,10,15,47.909
50,1,0,1,2016,4,15,10,15,48.333
51,1,2,1,2016,4,15,10,15,51.382
52,1,1,1,2016,4,15,10,15,59.748
53,1,0,1,2016,4,15,10,15,59.862
54,1,2,1,2016,4,15,10,16,25.823
55,1,0,1,2016,4,15,10,16,26.067
56,1,0,1,2016,4,15,10,16,27.597
57,1,0,1,2016,4,15,10,16,27.695
58,1,2,1,2016,4,15,10,16,35.961
59,2,2,1,2016,4,15,10,20,0.909
60,2,2,1,2016,4,15,10,20,5.06
61,2,2,1,2016,4,15,10,20,16.748
62,2,0,1,2016,4,15,10,20,16.834
63,2,0,1,2016,4,15,10,20,17.211
64,2,2,1,2016,4,15,10,20,21.397
65,2,0,1,2016,4,15,10,20,21.468
66,2,2,1,2016,4,15,10,20,28.376
67,2,0,1,2016,4,15,10,20,30.547
68,2,2,1,2016,4,15,10,20,32.669
69,2,1,1,2016,4,15,10,20,37.765
70,2,2,1,2016,4,15,10,20,41.591
71,2,1,1,2016,4,15,10,20,46.937
72,2,2,1,2016,4,15,10,20,51.721
73,2,2,1,2016,4,15,10,20,55.277
74,2,0,1,2016,4,15,10,20,55.67
75,2,2,1,2016,4,15,10,20,58.936
76,2,1,1,2016,4,15,10,21,3.317
77,2,2,1,2016,4,15,10,21,8.568
78,2,0,1,2016,4,15,10,21,10.844
79,2,1,1,2016,4,15,10,21,19.119
80,2,1,1,2016,4,15,10,21,24.475
81,2,2,1,2016,4,15,10,21,29.047
82,2,0,1,2016,4,15,10,21,29.345
83,2,2,1,2016,4,15,10,21,42.945
84,2,1,1,2016,4,15,10,21,46.668
85,2,0,1,2016,4,15,10,21,49.013
86,2,0,1,2016,4,15,10,21,49.169
87,2,2,1,2016,4,15,10,21,54.012
88,2,0,1,2016,4,15,10,21,54.601
89,2,1,1,2016,4,15,10,22,0.669
90,2,1,1,2016,4,15,10,22,7.185
91,2,0,1,2016,4,15,10,22,13.158
92,2,0,1,2016,4,15,10,22,13.449
93,2,0,1,2016,4,15,10,22,46.477
94,2,0,1,2016,4,15,10,22,46.715
95,2,0,1,2016,4,15,10,22,51.817
96,2,0,1,2016,4,15,10,22,58.82
97,1,0,1,2016,4,15,10,23,50.533
98,1,0,1,2016,4,15,10,24,1.301
99,1,0,1,2016,4,15,10,24,8.101
100,1,0,1,2016,4,15,10,24,14.073
101,1,0,1,2016,4,15,10,24,26.524
102,2,0,1,2016,4,15,10,26,13.815
103,2,0,1,2016,4,15,10,26,19.623
104,2,0,1,2016,4,15,10,26,37.853
105,2,0,1,2016,4,15,10,26,53.112
106,2,0,1,2016,4,15,10,26,58.815
107,2,0,1,2016,4,15,10,27,2.491
108,2,0,1,2016,4,15,10,27,17.617
109,2,0,1,2016,4,15,10,27,19.154
110,2,0,1,2016,4,15,10,27,50.218
111,2,0,1,2016,4,15,10,28,28.659
112,2,0,1,2016,4,15,10,28,28.805
113,2,0,1,2016,4,15,10,28,32.596
114,2,0,1,2016,4,15,10,28,35.362
115,2,0,1,2016,4,15,10,30,44.51
116,2,0,1,2016,4,15,10,30,56.119
117,2,0,1,2016,4,15,10,37,4.465
118,2,0,1,2016,4,15,10,37,4.524
119,2,0,1,2016,4,15,10,37,23.096
120,2,0,1,2016,4,15,10,37,43.613
121,2,0,1,2016,4,15,10,38,10.284
122,2,0,1,2016,4,15,10,38,13.188
123,2,0,1,2016,4,15,10,38,13.438
124,2,0,1,2016,4,15,10,38,17.814
125,2,0,1,2016,4,15,10,38,22.929
126,2,0,1,2016,4,15,10,38,29.367
127,2,0,1,2016,4,15,10,38,29.458
128,2,0,1,2016,4,15,10,38,32.878
129,2,0,1,2016,4,15,10,38,33.059
130,2,0,1,2016,4,15,10,42,47.858
131,2,0,1,2016,4,15,10,42,48.608
132,2,0,1,2016,4,15,10,42,49.808
133,2,0,1,2016,4,15,10,42,51.43
134,2,0,1,2016,4,15,10,46,13.988
135,2,0,1,2016,4,15,10,46,30.272
136,2,0,1,2016,4,15,10,46,33.745
137,1,0,1,2016,4,15,10,47,16.452
138,1,0,1,2016,4,15,10,47,17.953
139,1,0,1,2016,4,15,10,47,40.734
140,2,0,1,2016,4,15,10,58,31.937
141,1,0,1,2016,4,15,11,6,26.459
142,1,0,1,2016,4,15,11,43,48.809
143,1,0,1,2016,4,15,11,43,51.11
144,1,0,1,2016,4,15,11,44,2.154
145,1,0,1,2016,4,15,11,44,7.727
146,1,0,1,2016,4,15,11,44,24.03
147,1,0,1,2016,4,15,11,44,39.873
148,1,0,1,2016,4,15,11,44,39.927
149,1,0,1,2016,4,15,11,47,46.818
150,1,0,1,2016,4,15,11,47,46.869
151,1,0,1,2016,4,15,11,48,16.071
152,1,0,1,2016,4,15,11,48,19.621
153,1,0,1,2016,4,15,11,48,20.245
154,1,0,1,2016,4,15,11,48,20.273
155,1,0,1,2016,4,15,11,48,22.983
156,1,0,1,2016,4,15,11,48,53.663
157,2,0,1,2016,4,15,12,16,46.506
158,1,0,1,2016,4,15,12,51,41.537
159,2,0,1,2016,4,15,12,55,54.32
160,2,0,1,2016,4,15,12,55,56.341
161,2,0,1,2016,4,15,12,56,0.592
162,2,0,1,2016,4,15,12,56,10.739
163,2,0,1,2016,4,15,12,56,12.334
164,2,0,1,2016,4,15,12,56,14.059
165,2,0,1,2016,4,15,12,56,15.436
166,2,0,1,2016,4,15,12,56,24.884
167,2,0,1,2016,4,15,12,56,26.848
168,2,0,1,2016,4,15,12,56,26.907
169,2,0,1,2016,4,15,12,56,26.988
170,2,0,1,2016,4,15,12,56,28.997
171,2,0,1,2016,4,15,12,56,35.926
172,2,0,1,2016,4,15,12,56,37.763
173,2,0,1,2016,4,15,12,56,44.27
174,2,0,1,2016,4,15,12,56,46.245
175,2,0,1,2016,4,15,12,56,52.706
176,2,0,1,2016,4,15,12,56,55.848
177,2,0,1,2016,4,15,13,8,32.936
178,2,0,1,2016,4,15,13,8,42.939
179,1,0,1,2016,4,15,13,23,15.239
180,1,0,1,2016,4,15,13,56,8.527
181,1,0,1,2016,4,15,13,56,9.444
182,1,0,1,2016,4,15,13,56,11.164
183,1,0,1,2016,4,15,13,56,12.001
184,2,0,1,2016,4,15,13,57,59.32
185,2,0,1,2016,4,15,13,59,46.063
186,2,0,1,2016,4,15,13,59,54.644
187,2,0,1,2016,4,15,13,59,56.489
188,2,0,1,2016,4,15,13,59,58.137
189,2,0,1,2016,4,15,14,0,0.705
190,2,0,1,2016,4,15,14,19,15.783
191,2,0,1,2016,4,15,14,19,16.652
192,2,0,1,2016,4,15,14,19,17.932
193,2,0,1,2016,4,15,14,19,21.044
194,2,0,1,2016,4,15,14,19,26.223
195,1,0,1,2016,4,15,15,0,49.254
196,2,0,1,2016,4,15,15,16,25.278
197,1,0,1,2016,4,15,15,19,4.783
198,2,0,1,2016,4,15,15,39,35.917
199,2,0,1,2016,4,15,15,40,14.334
200,2,0,1,2016,4,15,15,40,15.986
201,2,0,1,2016,4,15,15,40,17.282
202,2,0,1,2016,4,15,15,40,18.557
203,2,0,1,2016,4,15,15,40,19.768
204,2,0,1,2016,4,15,15,49,22.548
205,2,0,1,2016,4,15,15,49,41.799
206,2,0,1,2016,4,15,15,49,42.577
207,2,0,1,2016,4,15,15,50,42.693
208,2,0,1,2016,4,15,15,50,43.23
209,2,0,1,2016,4,15,15,50,49.992
210,1,0,1,2016,4,15,15,54,3.014
211,1,0,1,2016,4,15,15,54,4.938
212,1,0,1,2016,4,15,15,54,5.944
213,1,0,1,2016,4,15,15,54,34.232
214,1,0,1,2016,4,15,15,54,35.641
215,1,0,1,2016,4,15,15,54,37.054
216,1,0,1,2016,4,15,15,54,39.973
217,1,0,1,2016,4,15,15,54,43.341
218,1,0,1,2016,4,15,15,54,45.765
219,1,0,1,2016,4,15,15,54,46.702
220,1,0,1,2016,4,15,15,55,0.356
221,1,0,1,2016,4,15,15,55,1.906
222,1,0,1,2016,4,15,15,55,4.116
223,1,0,1,2016,4,15,15,55,6.821
224,1,0,1,2016,4,15,15,55,49.237
225,1,0,1,2016,4,15,16,18,3.104
226,1,0,1,2016,4,15,16,20,33.762
227,1,0,1,2016,4,15,16,20,35.317
228,1,0,1,2016,4,15,16,20,36.308
229,1,0,1,2016,4,15,16,20,37.85
230,2,0,1,2016,4,15,16,36,55.379
231,2,0,1,2016,4,15,16,36,58.871
232,2,0,1,2016,4,15,16,36,59.406
233,2,0,1,2016,4,15,16,37,3.138
234,2,0,1,2016,4,15,16,37,6.961
235,2,0,1,2016,4,15,16,37,11.041
236,2,0,1,2016,4,15,16,37,13.252
237,2,0,1,2016,4,15,16,44,22.98
238,2,0,1,2016,4,15,16,50,2.145
239,2,0,1,2016,4,15,16,50,4.562
240,2,0,1,2016,4,15,16,50,8.351
241,2,0,1,2016,4,15,16,50,9.564
242,2,0,1,2016,4,15,16,50,11.127
243,2,0,1,2016,4,15,16,50,11.372
244,2,0,1,2016,4,15,16,50,13.697
245,2,0,1,2016,4,15,16,50,15.148
246,2,0,1,2016,4,15,16,50,19.147
247,2,0,1,2016,4,15,16,50,21.034
248,2,0,1,2016,4,15,16,50,23.395
249,2,0,1,2016,4,15,16,51,28.476
250,1,0,1,2016,4,15,16,51,38.249
251,1,0,1,2016,4,15,16,51,39.766
252,1,0,1,2016,4,15,16,51,41.521
253,1,0,1,2016,4,15,16,51,43.066
254,1,0,1,2016,4,15,16,51,44.542
255,1,0,1,2016,4,15,16,51,45.944
256,1,0,1,2016,4,15,16,51,46.982
257,1,0,1,2016,4,15,16,51,49.591
258,1,0,1,2016,4,15,16,51,58.418
259,1,0,1,2016,4,15,16,51,59.827
260,1,0,1,2016,4,15,16,52,1.303
261,1,0,1,2016,4,15,16,52,2.113
262,1,0,1,2016,4,15,16,52,2.451
263,1,0,1,2016,4,15,16,52,4.03
264,1,0,1,2016,4,15,16,52,4.439
265,1,0,1,2016,4,15,16,52,4.617
266,1,0,1,2016,4,15,16,52,12.324
267,1,0,1,2016,4,15,16,52,13.474
268,1,0,1,2016,4,15,16,52,14.917
269,1,0,1,2016,4,15,16,52,17.576
270,1,0,1,2016,4,15,16,52,18.734
271,1,0,1,2016,4,15,16,52,19.325
272,1,0,1,2016,4,15,16,52,20.801
273,1,0,1,2016,4,15,16,52,21.777
274,1,0,1,2016,4,15,16,52,21.814
275,1,0,1,2016,4,15,16,53,24.543
276,1,0,1,2016,4,15,16,53,31.496
277,1,0,1,2016,4,15,16,53,33.034
278,1,0,1,2016,4,15,16,53,33.317
279,1,0,1,2016,4,15,17,9,22.734
280,1,0,1,2016,4,15,17,9,24.215
281,2,0,1,2016,4,15,17,27,24.779
282,2,0,1,2016,4,15,17,41,22.687
283,2,0,1,2016,4,15,17,41,23.331
284,2,0,1,2016,4,15,17,41,26.708
285,2,0,1,2016,4,15,17,41,27.923
286,2,0,1,2016,4,15,17,41,29.715
287,2,0,1,2016,4,15,17,41,31.737
288,2,0,1,2016,4,15,17,41,31.797
289,2,0,1,2016,4,15,17,50,31.707
290,2,0,1,2016,4,15,17,50,34.352
