Var1_ 1,Var1_ 2,Var1_ 3,Var1_ 4,Var1_ 5,Var1_ 6,Var1_ 7,Var1_ 8,Var1_ 9,Var1_10
0,0,0,0,2016,4,4,9,4,17.779
1,1,1,1,2016,4,4,9,9,53.336
2,1,1,1,2016,4,4,9,34,7.979
3,1,1,1,2016,4,4,9,36,51.067
4,1,2,1,2016,4,4,9,46,10.315
5,1,0,1,2016,4,4,9,46,11.173
6,2,2,1,2016,4,4,9,47,0.291
7,1,1,1,2016,4,4,9,47,21.835
8,1,0,1,2016,4,4,9,47,21.897
9,1,0,1,2016,4,4,9,47,22.066
10,1,0,1,2016,4,4,9,47,22.412
11,1,1,1,2016,4,4,9,47,40.263
12,2,2,1,2016,4,4,10,6,55.905
13,2,0,1,2016,4,4,10,6,58.425
14,1,1,1,2016,4,4,10,9,4.291
15,1,1,1,2016,4,4,10,19,56.471
16,1,1,1,2016,4,4,10,19,59.907
17,1,0,1,2016,4,4,10,20,0.082
18,1,2,1,2016,4,4,10,20,11.197
19,1,0,1,2016,4,4,10,20,12.138
20,1,0,1,2016,4,4,10,20,12.753
21,2,2,1,2016,4,4,10,20,47.97
22,2,0,1,2016,4,4,10,20,48.026
23,2,2,1,2016,4,4,10,20,51.769
24,2,0,1,2016,4,4,10,20,52.329
25,2,0,1,2016,4,4,10,20,52.466
26,2,0,1,2016,4,4,10,20,52.507
27,1,1,1,2016,4,4,10,21,3.615
28,1,0,1,2016,4,4,10,21,5.024
29,1,0,1,2016,4,4,10,21,5.691
30,1,1,1,2016,4,4,10,21,6.656
31,1,1,1,2016,4,4,10,24,14.534
32,1,0,1,2016,4,4,10,24,15.305
33,1,2,1,2016,4,4,10,24,21.396
34,1,0,1,2016,4,4,10,24,23.168
35,1,1,1,2016,4,4,10,24,24.646
36,1,0,1,2016,4,4,10,24,25.303
37,1,0,1,2016,4,4,10,24,26.233
38,1,0,1,2016,4,4,10,24,27.468
39,1,1,1,2016,4,4,10,24,28.723
40,1,0,1,2016,4,4,10,24,29.244
41,1,1,1,2016,4,4,10,24,41.383
42,1,0,1,2016,4,4,10,24,41.929
43,1,1,1,2016,4,4,10,29,38.266
44,1,1,1,2016,4,4,10,30,20.083
45,1,0,1,2016,4,4,10,30,20.737
46,1,1,1,2016,4,4,10,31,16.947
47,1,1,1,2016,4,4,10,32,5.751
48,1,0,1,2016,4,4,10,32,5.846
49,1,0,1,2016,4,4,10,32,6.548
50,2,2,1,2016,4,4,10,33,55.169
51,1,1,1,2016,4,4,10,36,21.188
52,1,0,1,2016,4,4,10,36,23.332
53,1,0,1,2016,4,4,10,36,23.565
54,1,0,1,2016,4,4,10,36,23.699
55,1,1,1,2016,4,4,10,36,54.54
56,2,2,1,2016,4,4,10,46,55.262
57,2,0,1,2016,4,4,10,46,56.117
58,1,1,1,2016,4,4,11,3,46.074
59,1,0,1,2016,4,4,11,3,47.103
60,1,1,1,2016,4,4,11,3,50.192
61,1,1,1,2016,4,4,11,13,51.287
62,1,2,1,2016,4,4,11,13,54.852
63,1,1,1,2016,4,4,11,14,55.16
64,1,0,1,2016,4,4,11,14,56.022
65,1,0,1,2016,4,4,11,14,56.876
66,1,0,1,2016,4,4,11,14,57.622
67,1,1,1,2016,4,4,11,16,1.87
68,1,1,1,2016,4,4,11,19,43.937
69,1,0,1,2016,4,4,11,19,45.138
70,1,0,1,2016,4,4,11,19,45.997
71,2,2,1,2016,4,4,11,20,25.253
72,2,2,1,2016,4,4,11,20,30.198
73,2,2,1,2016,4,4,11,20,34.307
74,2,2,1,2016,4,4,11,22,15.052
75,2,0,1,2016,4,4,11,22,17.672
76,2,0,1,2016,4,4,11,22,17.814
77,2,2,1,2016,4,4,11,22,18.008
78,1,1,1,2016,4,4,11,25,1.765
79,2,2,1,2016,4,4,11,34,17.147
80,2,2,1,2016,4,4,11,36,4.16
81,2,0,1,2016,4,4,11,36,4.982
82,1,1,1,2016,4,4,11,42,14.97
83,1,0,1,2016,4,4,11,42,15.666
84,1,0,1,2016,4,4,11,42,16.905
85,1,1,1,2016,4,4,11,42,19.805
86,1,0,1,2016,4,4,11,42,20.579
87,1,0,1,2016,4,4,11,42,21.463
88,1,0,1,2016,4,4,11,42,22.286
89,1,1,1,2016,4,4,11,42,23.235
90,1,2,1,2016,4,4,11,42,33.637
91,1,0,1,2016,4,4,11,42,34.779
92,1,0,1,2016,4,4,11,42,35.813
93,1,2,1,2016,4,4,11,42,36.721
94,1,0,1,2016,4,4,11,42,38.262
95,1,0,1,2016,4,4,11,42,39.045
96,1,2,1,2016,4,4,11,44,58.3
97,1,0,1,2016,4,4,11,44,59.362
98,1,0,1,2016,4,4,11,45,0.122
99,1,0,1,2016,4,4,11,45,0.82
100,2,2,1,2016,4,4,11,45,15.905
101,1,2,1,2016,4,4,11,45,22.116
102,1,2,1,2016,4,4,11,46,54.634
103,1,0,1,2016,4,4,11,46,55.569
104,1,0,1,2016,4,4,11,46,56.342
105,1,2,1,2016,4,4,11,47,5.902
106,1,0,1,2016,4,4,11,47,6.869
107,1,2,1,2016,4,4,11,47,10.24
108,1,0,1,2016,4,4,11,47,11.23
109,1,0,1,2016,4,4,11,47,11.885
110,2,2,1,2016,4,4,11,55,56.485
111,2,2,1,2016,4,4,12,1,23.316
112,1,2,1,2016,4,4,12,2,34.153
113,1,0,1,2016,4,4,12,2,34.921
114,2,2,1,2016,4,4,12,6,7.608
115,1,2,1,2016,4,4,12,23,18.024
116,1,0,1,2016,4,4,12,23,19.834
117,1,0,1,2016,4,4,12,23,22.065
118,1,0,1,2016,4,4,12,23,22.774
119,1,0,1,2016,4,4,12,23,23.816
120,1,0,1,2016,4,4,12,23,24.859
121,1,0,1,2016,4,4,12,23,29.009
122,1,0,1,2016,4,4,12,23,30.204
123,1,0,1,2016,4,4,12,23,31.043
124,1,0,1,2016,4,4,12,23,32.077
125,1,0,1,2016,4,4,12,23,32.993
126,1,0,1,2016,4,4,12,23,33.802
127,1,0,1,2016,4,4,12,23,38.374
128,1,0,1,2016,4,4,12,23,39.669
129,1,0,1,2016,4,4,12,23,40.329
130,1,0,1,2016,4,4,12,23,45.687
131,1,0,1,2016,4,4,12,23,46.84
132,1,0,1,2016,4,4,12,23,47.572
133,1,0,1,2016,4,4,12,23,48.599
134,1,0,1,2016,4,4,12,23,51.977
135,1,0,1,2016,4,4,12,23,53.162
136,1,0,1,2016,4,4,12,23,54.31
137,1,0,1,2016,4,4,12,23,55.363
138,1,0,1,2016,4,4,12,23,55.806
139,1,0,1,2016,4,4,12,23,59.548
140,1,0,1,2016,4,4,12,24,0.454
141,1,0,1,2016,4,4,12,24,1.557
142,1,0,1,2016,4,4,12,24,2.475
143,1,0,1,2016,4,4,12,24,3.33
144,1,0,1,2016,4,4,12,24,4.004
145,1,0,1,2016,4,4,12,24,4.963
146,1,0,1,2016,4,4,12,24,5.486
147,1,0,1,2016,4,4,12,24,5.58
148,1,0,1,2016,4,4,12,24,6.763
149,1,0,1,2016,4,4,12,24,14.414
150,1,0,1,2016,4,4,12,24,24.916
151,1,0,1,2016,4,4,12,24,26.232
152,1,0,1,2016,4,4,12,24,29.107
153,1,0,1,2016,4,4,12,24,29.764
154,1,0,1,2016,4,4,12,36,41.825
155,1,0,1,2016,4,4,12,36,42.333
156,1,0,1,2016,4,4,12,36,43.588
157,1,0,1,2016,4,4,12,36,44.27
158,1,0,1,2016,4,4,12,36,45.592
159,1,0,1,2016,4,4,12,36,46.353
160,1,0,1,2016,4,4,12,36,47.201
161,1,0,1,2016,4,4,12,36,47.875
162,1,0,1,2016,4,4,12,36,49.026
163,1,0,1,2016,4,4,12,36,49.778
164,1,0,1,2016,4,4,12,36,50.41
165,1,0,1,2016,4,4,12,48,11.826
166,1,0,1,2016,4,4,12,48,12.703
167,1,0,1,2016,4,4,12,48,13.793
168,1,0,1,2016,4,4,12,48,15.674
169,1,0,1,2016,4,4,12,48,16.449
170,1,0,1,2016,4,4,12,48,17.926
171,1,0,1,2016,4,4,12,48,20.225
172,1,0,1,2016,4,4,12,48,21.364
173,1,0,1,2016,4,4,12,48,22.658
174,1,0,1,2016,4,4,12,48,23.263
175,1,0,1,2016,4,4,12,48,24.404
176,1,0,1,2016,4,4,12,48,26.72
177,1,0,1,2016,4,4,12,48,29.05
178,1,0,1,2016,4,4,12,48,30.056
179,1,0,1,2016,4,4,12,48,30.788
180,1,0,1,2016,4,4,12,48,33.697
181,1,0,1,2016,4,4,12,48,34.514
182,1,0,1,2016,4,4,12,48,34.746
183,1,0,1,2016,4,4,12,48,38.53
184,1,0,1,2016,4,4,12,48,40.664
185,1,0,1,2016,4,4,12,49,12.092
186,1,0,1,2016,4,4,12,49,12.598
187,1,0,1,2016,4,4,12,49,13.37
188,1,0,1,2016,4,4,12,49,14.213
189,1,0,1,2016,4,4,12,49,14.738
190,1,0,1,2016,4,4,12,49,19.535
191,1,0,1,2016,4,4,12,49,22.458
192,1,0,1,2016,4,4,12,49,24.092
193,1,0,1,2016,4,4,12,49,24.81
194,1,0,1,2016,4,4,12,49,25.743
195,1,0,1,2016,4,4,12,49,28.209
196,1,0,1,2016,4,4,12,49,28.934
197,1,0,1,2016,4,4,12,49,30.423
198,1,0,1,2016,4,4,13,18,14.567
199,1,0,1,2016,4,4,13,18,15.554
200,1,0,1,2016,4,4,13,18,15.786
201,1,0,1,2016,4,4,13,18,16.849
202,1,0,1,2016,4,4,13,18,18.465
203,2,0,1,2016,4,4,13,21,48.935
204,2,0,1,2016,4,4,13,21,50.888
205,2,0,1,2016,4,4,13,22,43.027
206,2,0,1,2016,4,4,13,22,45.514
207,2,0,1,2016,4,4,13,22,46.772
208,1,0,1,2016,4,4,14,4,50.997
209,1,0,1,2016,4,4,14,4,52.595
210,1,0,1,2016,4,4,14,4,53.372
211,1,0,1,2016,4,4,14,4,54.167
212,2,0,1,2016,4,4,14,50,43.352
213,1,0,1,2016,4,4,16,4,33.966
214,1,0,1,2016,4,4,16,10,49.794
215,1,0,1,2016,4,4,16,25,56.413
216,1,0,1,2016,4,4,16,25,57.705
217,1,0,1,2016,4,4,16,25,58.502
218,1,0,1,2016,4,4,16,25,59.998
219,1,0,1,2016,4,4,16,26,1.171
220,1,0,1,2016,4,4,16,26,1.806
221,1,0,1,2016,4,4,16,26,20.199
222,1,0,1,2016,4,4,16,26,21.056
223,1,0,1,2016,4,4,16,26,21.935
224,1,0,1,2016,4,4,16,26,30.04
225,1,0,1,2016,4,4,16,26,31.206
226,1,0,1,2016,4,4,16,26,32.213
227,1,0,1,2016,4,4,16,26,32.98
228,1,0,1,2016,4,4,16,26,34.407
229,1,0,1,2016,4,4,16,26,35.289
230,1,0,1,2016,4,4,16,26,36.103
231,1,0,1,2016,4,4,16,26,40.662
232,1,0,1,2016,4,4,16,26,41.296
233,1,0,1,2016,4,4,16,26,42.129
234,1,0,1,2016,4,4,16,26,42.745
235,1,0,1,2016,4,4,17,13,9.416
236,1,0,1,2016,4,4,17,13,10.853
237,1,0,1,2016,4,4,17,13,12.691
238,1,0,1,2016,4,4,17,13,13.491
239,1,0,1,2016,4,4,17,13,14.534
240,1,0,1,2016,4,4,17,13,25.958
241,1,0,1,2016,4,4,17,13,26.788
242,1,0,1,2016,4,4,17,37,7.735
243,1,0,1,2016,4,4,17,37,15.751
244,2,0,1,2016,4,4,18,38,8.741
