Var1_ 1,Var1_ 2,Var1_ 3,Var1_ 4,Var1_ 5,Var1_ 6,Var1_ 7,Var1_ 8,Var1_ 9,Var1_10
0,0,0,0,2016,5,6,11,10,4.16
1,1,1,1,2016,5,6,11,20,26.157
2,2,2,1,2016,5,6,11,22,41.005
3,2,2,1,2016,5,6,11,24,6.416
4,2,2,1,2016,5,6,11,24,24.668
5,2,0,1,2016,5,6,11,24,24.787
6,2,0,1,2016,5,6,11,24,25
7,2,2,1,2016,5,6,11,24,33.606
8,2,1,1,2016,5,6,11,24,47.595
9,2,2,1,2016,5,6,11,24,55.605
10,2,2,1,2016,5,6,11,25,10.277
11,2,1,1,2016,5,6,11,25,19.317
12,2,0,1,2016,5,6,11,25,19.742
13,2,2,1,2016,5,6,11,25,25.702
14,2,2,1,2016,5,6,11,25,49.175
15,2,0,1,2016,5,6,11,25,49.467
16,2,2,1,2016,5,6,11,26,12.472
17,2,1,1,2016,5,6,11,27,4.77
18,2,2,1,2016,5,6,11,27,11.295
19,2,0,1,2016,5,6,11,27,11.469
20,2,1,1,2016,5,6,11,28,2.761
21,2,0,1,2016,5,6,11,28,2.876
22,2,0,1,2016,5,6,11,28,3.304
23,2,0,1,2016,5,6,11,28,3.912
24,2,2,1,2016,5,6,11,28,10.25
25,2,0,1,2016,5,6,11,28,10.371
26,2,1,1,2016,5,6,11,28,24.823
27,2,0,1,2016,5,6,11,28,25.72
28,2,0,1,2016,5,6,11,28,27.517
29,2,2,1,2016,5,6,11,28,28.446
30,2,0,1,2016,5,6,11,28,28.738
31,2,2,1,2016,5,6,11,28,46.49
32,2,2,1,2016,5,6,11,29,21.068
33,2,0,1,2016,5,6,11,29,21.163
34,1,1,1,2016,5,6,11,34,34.459
35,1,1,1,2016,5,6,11,35,7.758
36,1,0,1,2016,5,6,11,35,7.864
37,1,0,1,2016,5,6,11,35,8.009
38,1,1,1,2016,5,6,11,35,17.298
39,1,0,1,2016,5,6,11,35,18.15
40,1,1,1,2016,5,6,11,35,32.112
41,1,1,1,2016,5,6,11,36,24.947
42,1,1,1,2016,5,6,11,36,31.181
43,1,1,1,2016,5,6,11,36,43.803
44,1,0,1,2016,5,6,11,36,43.981
45,1,1,1,2016,5,6,11,36,49.775
46,1,1,1,2016,5,6,11,37,0.576
47,1,1,1,2016,5,6,11,37,14.796
48,1,1,1,2016,5,6,11,38,51.715
49,1,1,1,2016,5,6,11,39,39.164
50,1,0,1,2016,5,6,11,39,39.273
51,1,2,1,2016,5,6,11,39,44.84
52,2,2,1,2016,5,6,11,40,46.086
53,2,2,1,2016,5,6,11,40,59.854
54,2,0,1,2016,5,6,11,40,59.975
55,2,2,1,2016,5,6,11,41,45.072
56,2,1,1,2016,5,6,11,41,54.35
57,2,0,1,2016,5,6,11,41,55.513
58,2,0,1,2016,5,6,11,41,55.61
59,2,2,1,2016,5,6,11,41,57.562
60,2,0,1,2016,5,6,11,41,57.71
61,2,2,1,2016,5,6,11,42,23.288
62,2,1,1,2016,5,6,11,42,35.931
63,2,0,1,2016,5,6,11,42,36.828
64,2,0,1,2016,5,6,11,42,36.958
65,2,0,1,2016,5,6,11,42,37.154
66,2,0,1,2016,5,6,11,42,37.779
67,2,0,1,2016,5,6,11,42,37.911
68,2,2,1,2016,5,6,11,42,40.199
69,2,0,1,2016,5,6,11,42,40.788
70,2,0,1,2016,5,6,11,42,41.002
71,2,1,1,2016,5,6,11,42,48.873
72,2,0,1,2016,5,6,11,42,49.833
73,2,0,1,2016,5,6,11,42,49.92
74,2,0,1,2016,5,6,11,42,50.694
75,2,0,1,2016,5,6,11,42,50.821
76,2,2,1,2016,5,6,11,42,52.166
77,2,0,1,2016,5,6,11,42,52.733
78,2,2,1,2016,5,6,11,43,46.972
79,2,0,1,2016,5,6,11,43,47.472
80,2,2,1,2016,5,6,11,43,57.418
81,2,1,1,2016,5,6,11,44,10.752
82,2,0,1,2016,5,6,11,44,11.298
83,2,0,1,2016,5,6,11,44,11.45
84,2,0,1,2016,5,6,11,44,12.453
85,2,0,1,2016,5,6,11,44,12.88
86,2,0,1,2016,5,6,11,44,13.051
87,2,0,1,2016,5,6,11,44,13.244
88,2,2,1,2016,5,6,11,44,14.199
89,2,0,1,2016,5,6,11,44,14.367
90,2,1,1,2016,5,6,11,44,27.471
91,2,0,1,2016,5,6,11,44,28.548
92,2,0,1,2016,5,6,11,44,28.683
93,2,0,1,2016,5,6,11,44,29.369
94,2,0,1,2016,5,6,11,44,29.617
95,2,1,1,2016,5,6,11,44,32.409
96,2,0,1,2016,5,6,11,44,33.9
97,2,2,1,2016,5,6,11,44,35.425
98,2,0,1,2016,5,6,11,44,35.659
99,2,0,1,2016,5,6,11,44,35.702
100,2,2,1,2016,5,6,11,44,50.569
101,2,1,1,2016,5,6,11,45,4.951
102,2,0,1,2016,5,6,11,45,5.982
103,2,0,1,2016,5,6,11,45,6.118
104,2,0,1,2016,5,6,11,45,6.259
105,2,0,1,2016,5,6,11,45,7.524
106,2,0,1,2016,5,6,11,45,7.659
107,2,2,1,2016,5,6,11,45,8.294
108,2,0,1,2016,5,6,11,45,8.508
109,1,1,1,2016,5,6,11,47,12.696
110,1,1,1,2016,5,6,11,47,27.594
111,1,1,1,2016,5,6,11,47,31.927
112,1,0,1,2016,5,6,11,47,32.336
113,1,2,1,2016,5,6,11,47,34.835
114,2,2,1,2016,5,6,11,48,30.832
115,2,1,1,2016,5,6,11,49,11.253
116,2,0,1,2016,5,6,11,49,13.06
117,2,0,1,2016,5,6,11,49,13.153
118,2,0,1,2016,5,6,11,49,14.005
119,2,1,1,2016,5,6,11,49,14.157
120,2,0,1,2016,5,6,11,49,14.968
121,2,0,1,2016,5,6,11,49,15.8
122,2,0,1,2016,5,6,11,49,19.371
123,2,0,1,2016,5,6,11,49,19.466
124,2,0,1,2016,5,6,11,49,19.597
125,2,0,1,2016,5,6,11,49,20.931
126,2,0,1,2016,5,6,11,49,21.032
127,2,0,1,2016,5,6,11,49,21.165
128,2,0,1,2016,5,6,11,49,23.842
129,2,0,1,2016,5,6,11,49,24.024
130,2,0,1,2016,5,6,11,49,26.781
131,2,0,1,2016,5,6,11,49,27.72
132,2,0,1,2016,5,6,11,49,27.832
133,2,0,1,2016,5,6,11,49,28.046
134,2,0,1,2016,5,6,11,49,28.701
135,2,0,1,2016,5,6,11,49,32.909
136,2,0,1,2016,5,6,11,49,33.852
137,2,0,1,2016,5,6,11,49,34.708
138,2,0,1,2016,5,6,11,49,34.804
139,2,0,1,2016,5,6,11,49,35.367
140,2,0,1,2016,5,6,11,49,35.525
141,2,0,1,2016,5,6,11,49,35.774
142,2,0,1,2016,5,6,11,49,37.335
143,2,0,1,2016,5,6,11,49,37.853
144,2,0,1,2016,5,6,11,49,38.523
145,2,0,1,2016,5,6,11,49,39.511
146,2,0,1,2016,5,6,11,49,39.68
147,2,0,1,2016,5,6,11,49,41.683
148,2,0,1,2016,5,6,11,49,43.828
149,2,0,1,2016,5,6,11,49,43.984
150,2,0,1,2016,5,6,11,49,44.512
151,2,0,1,2016,5,6,11,49,47.178
152,2,0,1,2016,5,6,11,49,49.662
153,2,0,1,2016,5,6,11,49,49.822
154,2,0,1,2016,5,6,11,49,54.278
155,2,0,1,2016,5,6,11,49,54.765
156,2,0,1,2016,5,6,11,49,58.04
157,2,0,1,2016,5,6,11,49,59.069
158,2,0,1,2016,5,6,11,49,59.244
159,1,0,1,2016,5,6,11,51,43.756
160,1,0,1,2016,5,6,11,51,50.129
161,1,0,1,2016,5,6,11,51,50.652
162,1,0,1,2016,5,6,11,51,50.694
163,1,0,1,2016,5,6,11,51,51.873
164,1,0,1,2016,5,6,11,51,56.749
165,1,0,1,2016,5,6,11,51,57.402
166,1,0,1,2016,5,6,11,51,58.221
167,1,0,1,2016,5,6,11,51,59.128
168,1,0,1,2016,5,6,11,52,0.733
169,1,0,1,2016,5,6,11,52,1.761
170,1,0,1,2016,5,6,11,52,2.478
171,1,0,1,2016,5,6,11,52,4.169
172,1,0,1,2016,5,6,11,52,9.295
173,1,0,1,2016,5,6,11,52,9.872
174,1,0,1,2016,5,6,11,52,11.209
175,1,0,1,2016,5,6,11,52,13.634
176,1,0,1,2016,5,6,11,52,14.815
177,1,0,1,2016,5,6,11,52,15.63
178,1,0,1,2016,5,6,11,52,16.775
179,1,0,1,2016,5,6,11,52,27.369
180,1,0,1,2016,5,6,11,52,28.039
181,1,0,1,2016,5,6,11,52,28.727
182,1,0,1,2016,5,6,11,52,31.557
183,1,0,1,2016,5,6,11,52,32.344
184,1,0,1,2016,5,6,11,52,33.466
185,1,0,1,2016,5,6,11,52,34.628
186,1,0,1,2016,5,6,11,53,22.395
187,1,0,1,2016,5,6,11,53,23.476
188,1,0,1,2016,5,6,11,53,24.216
189,1,0,1,2016,5,6,11,53,26.73
190,1,0,1,2016,5,6,11,53,27.221
191,1,0,1,2016,5,6,11,53,28.028
192,1,0,1,2016,5,6,11,53,28.784
193,1,0,1,2016,5,6,11,53,29.945
194,1,0,1,2016,5,6,11,53,34.473
195,1,0,1,2016,5,6,11,53,35.104
196,1,0,1,2016,5,6,11,53,36.379
197,1,0,1,2016,5,6,11,53,37.409
198,1,0,1,2016,5,6,11,53,41.983
199,1,0,1,2016,5,6,11,53,42.527
200,1,0,1,2016,5,6,11,53,43.212
201,1,0,1,2016,5,6,11,53,44.702
202,1,0,1,2016,5,6,11,53,45.607
203,1,0,1,2016,5,6,11,53,52.841
204,1,0,1,2016,5,6,11,53,53.368
205,1,0,1,2016,5,6,11,53,54.049
206,1,0,1,2016,5,6,11,53,54.749
207,1,0,1,2016,5,6,11,53,57.62
208,1,0,1,2016,5,6,11,53,58.228
209,1,0,1,2016,5,6,11,54,3.586
210,1,0,1,2016,5,6,11,54,4.612
211,1,0,1,2016,5,6,11,54,5.58
212,1,0,1,2016,5,6,11,54,6.207
213,1,0,1,2016,5,6,11,54,7.078
214,2,0,1,2016,5,6,11,55,8.012
215,2,0,1,2016,5,6,11,55,8.9
216,2,0,1,2016,5,6,11,55,9.746
217,2,0,1,2016,5,6,11,55,10.662
218,2,0,1,2016,5,6,11,55,12.227
219,2,0,1,2016,5,6,11,55,13.254
220,2,0,1,2016,5,6,11,55,14.243
221,2,0,1,2016,5,6,11,55,14.653
222,2,0,1,2016,5,6,11,55,15.924
223,2,0,1,2016,5,6,11,55,17.479
224,2,0,1,2016,5,6,11,55,19.256
225,2,0,1,2016,5,6,11,55,19.996
226,2,0,1,2016,5,6,11,55,20.584
227,2,0,1,2016,5,6,11,55,21.629
228,2,0,1,2016,5,6,11,55,22.46
229,2,0,1,2016,5,6,11,55,24.829
230,2,0,1,2016,5,6,11,55,26.308
231,1,0,1,2016,5,6,11,58,29.563
232,1,0,1,2016,5,6,11,58,32.619
233,1,0,1,2016,5,6,11,59,44.41
234,1,0,1,2016,5,6,11,59,44.978
235,1,0,1,2016,5,6,12,3,21.171
236,1,0,1,2016,5,6,12,3,21.742
237,1,0,1,2016,5,6,12,3,22.558
238,1,0,1,2016,5,6,12,3,24.898
239,1,0,1,2016,5,6,12,5,4.088
240,1,0,1,2016,5,6,12,5,4.149
241,1,0,1,2016,5,6,12,6,15.465
242,1,0,1,2016,5,6,12,6,15.967
243,1,0,1,2016,5,6,12,6,16.547
244,1,0,1,2016,5,6,12,6,17.664
245,1,0,1,2016,5,6,12,7,46.892
246,1,0,1,2016,5,6,12,7,46.952
247,1,0,1,2016,5,6,12,7,47.381
248,1,0,1,2016,5,6,12,7,48.194
249,1,0,1,2016,5,6,12,7,50.155
250,1,0,1,2016,5,6,12,7,51.172
251,1,0,1,2016,5,6,12,7,52.078
252,1,0,1,2016,5,6,12,7,53.168
253,1,0,1,2016,5,6,12,7,53.745
254,1,0,1,2016,5,6,12,7,54.563
255,1,0,1,2016,5,6,12,7,55.123
256,1,0,1,2016,5,6,12,7,56.447
257,1,0,1,2016,5,6,12,8,0.052
258,1,0,1,2016,5,6,12,8,2.189
259,1,0,1,2016,5,6,12,8,3.153
260,1,0,1,2016,5,6,12,8,6.374
261,1,0,1,2016,5,6,12,8,7.05
262,1,0,1,2016,5,6,12,8,7.513
263,1,0,1,2016,5,6,12,8,14.219
264,1,0,1,2016,5,6,12,8,14.826
265,1,0,1,2016,5,6,12,8,15.346
266,1,0,1,2016,5,6,12,8,16.049
267,1,0,1,2016,5,6,12,8,17.22
268,1,0,1,2016,5,6,12,8,17.572
269,1,0,1,2016,5,6,12,8,18.383
270,1,0,1,2016,5,6,12,8,20.843
271,1,0,1,2016,5,6,12,8,21.715
272,1,0,1,2016,5,6,12,10,16.116
273,1,0,1,2016,5,6,12,11,47.129
274,1,0,1,2016,5,6,12,11,48.426
275,1,0,1,2016,5,6,12,11,48.872
276,1,0,1,2016,5,6,12,11,50.494
277,1,0,1,2016,5,6,12,15,45.005
278,1,0,1,2016,5,6,12,15,45.995
279,1,0,1,2016,5,6,12,15,47.024
280,1,0,1,2016,5,6,12,16,39.124
281,1,0,1,2016,5,6,12,16,41.09
282,1,0,1,2016,5,6,12,16,41.477
283,1,0,1,2016,5,6,12,16,47.884
284,1,0,1,2016,5,6,12,16,49.689
285,1,0,1,2016,5,6,12,20,57.637
286,1,0,1,2016,5,6,12,21,3.016
287,1,0,1,2016,5,6,12,21,4.585
288,1,0,1,2016,5,6,12,21,9.756
289,1,0,1,2016,5,6,12,25,28.06
290,1,0,1,2016,5,6,12,25,28.159
291,1,0,1,2016,5,6,12,26,16.819
292,1,0,1,2016,5,6,12,26,17.554
293,1,0,1,2016,5,6,12,26,18.31
294,1,0,1,2016,5,6,12,26,18.97
295,1,0,1,2016,5,6,12,26,19.958
296,1,0,1,2016,5,6,12,26,37.525
297,1,0,1,2016,5,6,12,26,38.735
298,1,0,1,2016,5,6,12,26,39.253
299,1,0,1,2016,5,6,12,30,2.394
300,1,0,1,2016,5,6,12,30,3.158
301,1,0,1,2016,5,6,12,30,4.147
302,1,0,1,2016,5,6,12,30,4.994
303,1,0,1,2016,5,6,12,30,5.872
304,1,0,1,2016,5,6,12,30,15.249
305,1,0,1,2016,5,6,12,30,15.846
306,1,0,1,2016,5,6,12,30,21.97
307,1,0,1,2016,5,6,12,30,22.899
308,1,0,1,2016,5,6,12,35,10.795
309,1,0,1,2016,5,6,12,35,11.497
310,1,0,1,2016,5,6,12,35,12.342
311,1,0,1,2016,5,6,12,35,13.276
312,1,0,1,2016,5,6,12,35,21.975
313,1,0,1,2016,5,6,12,35,22.856
314,1,0,1,2016,5,6,12,35,24.572
315,1,0,1,2016,5,6,12,35,25.278
316,1,0,1,2016,5,6,12,35,32.564
317,1,0,1,2016,5,6,12,35,33.295
318,1,0,1,2016,5,6,12,37,17.618
319,1,0,1,2016,5,6,12,40,44.797
320,1,0,1,2016,5,6,12,40,45.339
321,1,0,1,2016,5,6,12,40,45.861
322,1,0,1,2016,5,6,12,40,46.27
323,1,0,1,2016,5,6,12,42,44.059
324,1,0,1,2016,5,6,12,42,52.195
325,1,0,1,2016,5,6,12,42,52.87
326,1,0,1,2016,5,6,12,42,59.034
327,1,0,1,2016,5,6,12,43,35.464
328,1,0,1,2016,5,6,12,43,35.504
329,1,0,1,2016,5,6,12,57,0.326
330,1,0,1,2016,5,6,12,57,4.995
331,1,0,1,2016,5,6,12,57,5.967
332,2,0,1,2016,5,6,12,57,23.67
333,2,0,1,2016,5,6,12,57,24.941
334,2,0,1,2016,5,6,12,57,25.061
335,2,0,1,2016,5,6,12,57,26.474
336,2,0,1,2016,5,6,12,57,26.626
337,2,0,1,2016,5,6,12,57,27.285
338,2,0,1,2016,5,6,12,57,27.463
339,2,0,1,2016,5,6,12,57,27.729
340,2,0,1,2016,5,6,12,57,29.072
341,2,0,1,2016,5,6,12,57,29.254
342,2,0,1,2016,5,6,12,57,30.842
343,2,0,1,2016,5,6,12,57,31.973
344,2,0,1,2016,5,6,12,57,32.213
345,2,0,1,2016,5,6,12,57,32.943
346,2,0,1,2016,5,6,12,57,33.214
347,2,0,1,2016,5,6,12,57,33.803
348,2,0,1,2016,5,6,12,57,34.713
349,2,0,1,2016,5,6,12,57,34.927
350,1,0,1,2016,5,6,13,1,22.899
351,1,0,1,2016,5,6,13,1,23.466
352,1,0,1,2016,5,6,13,1,24.871
353,1,0,1,2016,5,6,13,1,25.397
354,1,0,1,2016,5,6,13,9,36.638
355,1,0,1,2016,5,6,13,9,37.207
356,1,0,1,2016,5,6,13,9,38.096
357,2,0,1,2016,5,6,13,11,3.607
358,2,0,1,2016,5,6,13,11,3.746
359,2,0,1,2016,5,6,13,11,4.114
360,2,0,1,2016,5,6,13,11,4.294
361,2,0,1,2016,5,6,13,11,4.44
362,2,0,1,2016,5,6,13,11,4.498
363,2,0,1,2016,5,6,13,11,4.542
364,2,0,1,2016,5,6,13,11,4.675
365,2,0,1,2016,5,6,13,11,6.543
366,2,0,1,2016,5,6,13,11,6.715
367,2,0,1,2016,5,6,13,11,8.809
368,2,0,1,2016,5,6,13,11,9.928
369,2,0,1,2016,5,6,13,11,11.071
370,2,0,1,2016,5,6,13,11,11.128
371,2,0,1,2016,5,6,13,11,11.346
372,2,0,1,2016,5,6,13,11,12.137
373,2,0,1,2016,5,6,13,11,12.262
374,2,0,1,2016,5,6,13,11,14.276
375,2,0,1,2016,5,6,13,11,14.451
376,1,0,1,2016,5,6,13,13,35.455
377,1,0,1,2016,5,6,13,13,35.748
378,1,0,1,2016,5,6,13,13,37.085
379,1,0,1,2016,5,6,13,13,37.928
380,1,0,1,2016,5,6,13,13,38.747
381,1,0,1,2016,5,6,13,13,40.938
382,1,0,1,2016,5,6,13,13,40.994
383,2,0,1,2016,5,6,13,18,19.639
384,2,0,1,2016,5,6,13,18,19.692
385,2,0,1,2016,5,6,13,18,21.57
386,2,0,1,2016,5,6,13,18,22.969
387,2,0,1,2016,5,6,13,18,24.073
388,2,0,1,2016,5,6,13,18,24.229
389,2,0,1,2016,5,6,13,18,24.85
390,1,0,1,2016,5,6,13,21,49.703
391,1,0,1,2016,5,6,13,21,50.896
392,1,0,1,2016,5,6,13,21,59.614
393,1,0,1,2016,5,6,13,22,4.301
394,1,0,1,2016,5,6,13,22,4.836
395,1,0,1,2016,5,6,13,22,5.598
396,2,0,1,2016,5,6,13,22,9.665
397,2,0,1,2016,5,6,13,22,9.836
398,2,0,1,2016,5,6,13,22,10.882
399,2,0,1,2016,5,6,13,22,10.997
400,2,0,1,2016,5,6,13,22,12.229
401,2,0,1,2016,5,6,13,22,15.438
402,2,0,1,2016,5,6,13,22,15.59
403,2,0,1,2016,5,6,13,22,17.261
404,2,0,1,2016,5,6,13,22,17.38
405,2,0,1,2016,5,6,13,22,17.595
406,2,0,1,2016,5,6,13,22,19.998
407,2,0,1,2016,5,6,13,22,20.077
408,2,0,1,2016,5,6,13,22,21.507
409,2,0,1,2016,5,6,13,22,24.224
410,2,0,1,2016,5,6,13,22,24.414
411,2,0,1,2016,5,6,13,22,24.535
412,2,0,1,2016,5,6,13,22,26.215
413,2,0,1,2016,5,6,13,22,26.863
414,2,0,1,2016,5,6,13,22,28.269
415,1,0,1,2016,5,6,13,23,1.693
416,1,0,1,2016,5,6,13,23,3.297
417,1,0,1,2016,5,6,13,23,8.661
418,1,0,1,2016,5,6,13,23,9.319
419,1,0,1,2016,5,6,13,23,10.209
420,1,0,1,2016,5,6,13,23,10.909
421,1,0,1,2016,5,6,13,23,11.113
422,1,0,1,2016,5,6,13,23,11.973
423,1,0,1,2016,5,6,13,23,12.495
424,1,0,1,2016,5,6,13,25,23.816
425,1,0,1,2016,5,6,13,25,23.965
426,1,0,1,2016,5,6,13,25,24.318
427,1,0,1,2016,5,6,13,25,26.24
428,1,0,1,2016,5,6,13,25,28.334
429,1,0,1,2016,5,6,13,25,50.264
430,1,0,1,2016,5,6,13,25,52.128
431,1,0,1,2016,5,6,13,26,11.503
432,1,0,1,2016,5,6,13,26,15.553
433,1,0,1,2016,5,6,13,26,16.83
434,1,0,1,2016,5,6,13,27,13.442
435,1,0,1,2016,5,6,13,27,14.992
436,1,0,1,2016,5,6,13,27,15.54
437,1,0,1,2016,5,6,13,27,15.613
438,2,0,1,2016,5,6,13,28,29.095
439,2,0,1,2016,5,6,13,28,31.449
440,2,0,1,2016,5,6,13,28,31.563
441,2,0,1,2016,5,6,13,28,31.789
442,2,0,1,2016,5,6,13,28,34.253
443,2,0,1,2016,5,6,13,28,34.367
444,2,0,1,2016,5,6,13,28,36.212
445,2,0,1,2016,5,6,13,28,37.51
446,2,0,1,2016,5,6,13,28,38.518
447,2,0,1,2016,5,6,13,28,39.142
448,2,0,1,2016,5,6,13,28,40.132
449,2,0,1,2016,5,6,13,28,41.143
450,2,0,1,2016,5,6,13,28,42.226
451,2,0,1,2016,5,6,13,28,42.399
452,1,0,1,2016,5,6,13,28,51.251
453,1,0,1,2016,5,6,13,28,51.69
454,1,0,1,2016,5,6,13,28,51.934
455,1,0,1,2016,5,6,13,28,52.117
456,2,0,1,2016,5,6,13,30,6.267
457,2,0,1,2016,5,6,13,30,6.867
458,2,0,1,2016,5,6,13,30,7.828
459,2,0,1,2016,5,6,13,30,7.912
460,2,0,1,2016,5,6,13,30,8.123
461,2,0,1,2016,5,6,13,30,9.773
462,2,0,1,2016,5,6,13,30,9.894
463,2,0,1,2016,5,6,13,30,10.7
464,2,0,1,2016,5,6,13,30,11.171
465,2,0,1,2016,5,6,13,30,12.779
466,2,0,1,2016,5,6,13,30,12.928
467,1,0,1,2016,5,6,13,30,39.685
468,1,0,1,2016,5,6,13,30,39.799
469,1,0,1,2016,5,6,13,30,40.422
470,1,0,1,2016,5,6,13,30,41.346
471,1,0,1,2016,5,6,13,30,46.154
472,1,0,1,2016,5,6,13,30,47.822
473,1,0,1,2016,5,6,13,30,48.352
474,1,0,1,2016,5,6,13,30,49.288
475,1,0,1,2016,5,6,13,30,50.193
476,1,0,1,2016,5,6,13,30,54.527
477,1,0,1,2016,5,6,13,30,55.298
478,1,0,1,2016,5,6,13,30,58.146
479,1,0,1,2016,5,6,13,33,21.402
480,1,0,1,2016,5,6,13,33,23.288
481,1,0,1,2016,5,6,13,33,23.445
482,1,0,1,2016,5,6,13,33,23.932
483,1,0,1,2016,5,6,13,33,24.492
484,1,0,1,2016,5,6,13,33,25.067
485,1,0,1,2016,5,6,13,33,25.73
486,1,0,1,2016,5,6,13,33,26.39
487,1,0,1,2016,5,6,13,33,33.135
488,1,0,1,2016,5,6,13,33,34.124
489,1,0,1,2016,5,6,13,33,34.882
490,1,0,1,2016,5,6,13,33,44.407
491,1,0,1,2016,5,6,13,33,45.208
492,1,0,1,2016,5,6,13,33,46.265
493,1,0,1,2016,5,6,13,33,46.872
494,1,0,1,2016,5,6,13,33,48.031
495,1,0,1,2016,5,6,13,33,49.255
496,1,0,1,2016,5,6,13,33,54.041
497,1,0,1,2016,5,6,13,33,54.774
498,1,0,1,2016,5,6,13,33,55.942
499,1,0,1,2016,5,6,13,33,56.755
500,1,0,1,2016,5,6,13,33,58.942
501,1,0,1,2016,5,6,13,33,59.913
502,1,0,1,2016,5,6,13,35,23.278
503,1,0,1,2016,5,6,13,35,23.61
504,1,0,1,2016,5,6,13,35,24.238
505,1,0,1,2016,5,6,13,35,25.419
506,1,0,1,2016,5,6,13,35,26.135
507,1,0,1,2016,5,6,13,35,27.624
508,1,0,1,2016,5,6,13,35,36.918
509,1,0,1,2016,5,6,13,35,37.345
510,1,0,1,2016,5,6,13,35,37.404
511,1,0,1,2016,5,6,13,35,53.112
512,1,0,1,2016,5,6,13,35,53.176
513,1,0,1,2016,5,6,13,35,54.385
514,2,0,1,2016,5,6,13,36,24.958
515,2,0,1,2016,5,6,13,36,25.999
516,2,0,1,2016,5,6,13,36,26.114
517,2,0,1,2016,5,6,13,36,26.178
518,2,0,1,2016,5,6,13,36,26.286
519,2,0,1,2016,5,6,13,36,27.136
520,2,0,1,2016,5,6,13,36,27.319
521,2,0,1,2016,5,6,13,36,29.429
522,2,0,1,2016,5,6,13,36,29.582
523,2,0,1,2016,5,6,13,36,31.555
524,2,0,1,2016,5,6,13,36,31.673
525,2,0,1,2016,5,6,13,36,32.378
526,2,0,1,2016,5,6,13,36,32.624
527,2,0,1,2016,5,6,13,36,32.683
528,2,0,1,2016,5,6,13,36,34.727
529,2,0,1,2016,5,6,13,36,35.581
530,2,0,1,2016,5,6,13,36,37.535
531,2,0,1,2016,5,6,13,36,37.727
532,2,0,1,2016,5,6,13,36,39.857
533,2,0,1,2016,5,6,13,36,41.356
534,2,0,1,2016,5,6,13,36,41.528
535,1,0,1,2016,5,6,13,39,40.209
536,1,0,1,2016,5,6,13,39,40.811
537,1,0,1,2016,5,6,13,39,41.312
538,1,0,1,2016,5,6,13,39,41.83
539,1,0,1,2016,5,6,13,39,42.8
540,1,0,1,2016,5,6,13,39,48.599
541,1,0,1,2016,5,6,13,39,49.105
542,1,0,1,2016,5,6,13,39,49.566
543,1,0,1,2016,5,6,13,39,50.133
544,1,0,1,2016,5,6,13,43,36.397
545,1,0,1,2016,5,6,13,43,36.46
546,1,0,1,2016,5,6,13,43,37.262
547,1,0,1,2016,5,6,13,43,39.859
548,1,0,1,2016,5,6,13,43,41.163
549,2,0,1,2016,5,6,13,43,50.322
550,2,0,1,2016,5,6,13,43,50.442
551,2,0,1,2016,5,6,13,43,52.291
552,2,0,1,2016,5,6,13,43,52.408
553,2,0,1,2016,5,6,13,43,53.046
554,2,0,1,2016,5,6,13,43,53.458
555,2,0,1,2016,5,6,13,43,55.795
556,2,0,1,2016,5,6,13,43,56.278
557,2,0,1,2016,5,6,13,43,56.458
558,2,0,1,2016,5,6,14,0,40.013
559,2,0,1,2016,5,6,14,0,41.385
560,2,0,1,2016,5,6,14,0,42.111
561,2,0,1,2016,5,6,14,0,42.596
562,2,0,1,2016,5,6,14,0,42.713
563,2,0,1,2016,5,6,14,0,42.922
564,2,0,1,2016,5,6,14,0,44.604
565,2,0,1,2016,5,6,14,0,46.693
566,2,0,1,2016,5,6,14,0,46.849
567,1,0,1,2016,5,6,14,4,18.415
568,1,0,1,2016,5,6,14,12,10.267
569,1,0,1,2016,5,6,14,12,13.585
570,1,0,1,2016,5,6,14,12,14.484
571,1,0,1,2016,5,6,14,12,15.885
572,1,0,1,2016,5,6,14,12,17.448
573,1,0,1,2016,5,6,14,12,18.357
574,1,0,1,2016,5,6,14,12,18.863
575,1,0,1,2016,5,6,14,12,19.513
576,1,0,1,2016,5,6,14,12,20.364
577,1,0,1,2016,5,6,14,12,30.039
578,1,0,1,2016,5,6,14,12,30.984
579,1,0,1,2016,5,6,14,12,32.818
580,1,0,1,2016,5,6,14,12,33.545
581,1,0,1,2016,5,6,14,12,34.189
582,1,0,1,2016,5,6,14,12,34.926
583,1,0,1,2016,5,6,14,12,36.943
584,1,0,1,2016,5,6,14,12,37.83
585,1,0,1,2016,5,6,14,12,41.961
586,1,0,1,2016,5,6,14,12,42.964
587,1,0,1,2016,5,6,14,12,43.82
588,1,0,1,2016,5,6,14,19,3.793
589,1,0,1,2016,5,6,14,19,5.5
590,1,0,1,2016,5,6,14,22,23.769
591,1,0,1,2016,5,6,14,22,25.414
592,1,0,1,2016,5,6,14,22,26.48
593,1,0,1,2016,5,6,14,22,26.563
594,1,0,1,2016,5,6,14,22,27.101
595,1,0,1,2016,5,6,14,39,24.464
596,1,0,1,2016,5,6,14,39,25.502
597,1,0,1,2016,5,6,14,39,25.574
598,1,0,1,2016,5,6,14,39,26.721
599,1,0,1,2016,5,6,14,39,34.391
600,2,0,1,2016,5,6,14,41,54.979
601,1,0,1,2016,5,6,14,42,24.53
602,1,0,1,2016,5,6,14,42,25.513
603,1,0,1,2016,5,6,14,42,26.505
604,1,0,1,2016,5,6,14,42,27.436
605,1,0,1,2016,5,6,14,42,28.382
606,1,0,1,2016,5,6,15,13,3.141
607,1,0,1,2016,5,6,15,13,3.835
608,1,0,1,2016,5,6,15,13,6.416
609,2,0,1,2016,5,6,15,17,50.963
610,2,0,1,2016,5,6,15,17,51.118
611,2,0,1,2016,5,6,15,17,51.918
612,2,0,1,2016,5,6,15,17,56.491
613,2,0,1,2016,5,6,15,17,57.789
614,2,0,1,2016,5,6,15,17,58.189
615,2,0,1,2016,5,6,15,17,58.484
616,2,0,1,2016,5,6,15,18,0.251
617,2,0,1,2016,5,6,15,18,0.5
618,2,0,1,2016,5,6,15,18,1.449
619,2,0,1,2016,5,6,15,18,2.621
620,2,0,1,2016,5,6,15,18,2.809
621,2,0,1,2016,5,6,15,18,5.43
622,2,0,1,2016,5,6,15,18,5.542
623,1,0,1,2016,5,6,15,20,34.593
624,1,0,1,2016,5,6,15,20,35.406
625,1,0,1,2016,5,6,15,20,36.648
626,1,0,1,2016,5,6,15,22,13.021
627,1,0,1,2016,5,6,15,22,13.86
628,1,0,1,2016,5,6,15,22,15.021
629,2,0,1,2016,5,6,15,30,3.255
630,2,0,1,2016,5,6,15,30,6.226
631,2,0,1,2016,5,6,15,30,8.84
632,2,0,1,2016,5,6,15,30,9.288
633,2,0,1,2016,5,6,15,30,25.152
634,2,0,1,2016,5,6,15,30,25.276
635,2,0,1,2016,5,6,15,30,25.337
636,2,0,1,2016,5,6,15,30,26.5
637,2,0,1,2016,5,6,15,30,26.846
638,2,0,1,2016,5,6,15,30,26.958
639,2,0,1,2016,5,6,15,30,28.285
640,2,0,1,2016,5,6,15,30,28.905
641,2,0,1,2016,5,6,15,30,31.359
642,2,0,1,2016,5,6,15,30,31.494
643,2,0,1,2016,5,6,15,30,33.809
644,2,0,1,2016,5,6,15,30,33.929
645,2,0,1,2016,5,6,15,30,35.842
646,2,0,1,2016,5,6,15,30,35.958
647,2,0,1,2016,5,6,15,30,36.111
648,2,0,1,2016,5,6,15,31,13.326
649,2,0,1,2016,5,6,15,31,14.568
650,2,0,1,2016,5,6,15,31,15.801
651,2,0,1,2016,5,6,15,31,19.47
652,2,0,1,2016,5,6,15,31,19.707
653,2,0,1,2016,5,6,15,31,20.907
654,2,0,1,2016,5,6,15,31,22.411
655,2,0,1,2016,5,6,15,31,22.549
656,2,0,1,2016,5,6,15,31,24.039
657,2,0,1,2016,5,6,15,31,24.183
658,2,0,1,2016,5,6,15,31,25.983
659,2,0,1,2016,5,6,15,31,26.334
660,2,0,1,2016,5,6,15,31,28.154
661,2,0,1,2016,5,6,15,31,29.215
662,2,0,1,2016,5,6,15,31,29.314
663,2,0,1,2016,5,6,15,31,31.521
664,2,0,1,2016,5,6,15,31,31.674
665,1,0,1,2016,5,6,15,40,39.1
666,1,0,1,2016,5,6,15,40,40.553
667,1,0,1,2016,5,6,15,42,20.794
668,1,0,1,2016,5,6,15,42,22.396
669,1,0,1,2016,5,6,15,42,24.605
670,1,0,1,2016,5,6,15,43,43.015
671,1,0,1,2016,5,6,15,43,43.543
672,1,0,1,2016,5,6,15,43,44.12
673,1,0,1,2016,5,6,15,43,44.19
674,1,0,1,2016,5,6,15,43,45.186
675,1,0,1,2016,5,6,15,43,45.249
676,2,0,1,2016,5,6,15,45,21.228
677,2,0,1,2016,5,6,15,45,21.645
678,2,0,1,2016,5,6,15,45,22.428
679,2,0,1,2016,5,6,15,45,23.659
680,2,0,1,2016,5,6,15,45,23.799
681,2,0,1,2016,5,6,15,46,43.901
682,2,0,1,2016,5,6,15,46,44.463
683,2,0,1,2016,5,6,15,47,5.211
684,2,0,1,2016,5,6,15,47,6.069
685,2,0,1,2016,5,6,15,47,7.272
686,2,0,1,2016,5,6,15,47,7.4
687,2,0,1,2016,5,6,15,47,35.564
688,2,0,1,2016,5,6,15,47,36.605
689,2,0,1,2016,5,6,15,47,36.701
690,2,0,1,2016,5,6,15,47,39.23
691,2,0,1,2016,5,6,15,47,39.367
692,2,0,1,2016,5,6,15,47,40.312
693,2,0,1,2016,5,6,15,47,47.196
694,2,0,1,2016,5,6,15,47,47.508
695,2,0,1,2016,5,6,15,47,47.836
696,1,0,1,2016,5,6,15,49,54.83
697,1,0,1,2016,5,6,15,49,56.093
698,1,0,1,2016,5,6,15,55,24.327
699,1,0,1,2016,5,6,15,55,25.444
700,1,0,1,2016,5,6,15,55,25.599
701,1,0,1,2016,5,6,15,55,28.707
702,1,0,1,2016,5,6,15,57,22.449
703,1,0,1,2016,5,6,15,57,23.118
704,1,0,1,2016,5,6,15,57,23.981
705,1,0,1,2016,5,6,15,57,27.279
706,1,0,1,2016,5,6,15,57,28.051
707,1,0,1,2016,5,6,15,57,29.113
708,1,0,1,2016,5,6,15,57,33.394
709,1,0,1,2016,5,6,15,57,38.284
710,1,0,1,2016,5,6,15,57,38.983
711,1,0,1,2016,5,6,15,57,40.112
712,1,0,1,2016,5,6,15,57,42.128
713,1,0,1,2016,5,6,15,57,42.594
714,1,0,1,2016,5,6,15,57,43.363
715,1,0,1,2016,5,6,16,1,6.955
716,1,0,1,2016,5,6,16,1,7.041
717,1,0,1,2016,5,6,16,18,8.253
718,1,0,1,2016,5,6,16,21,6.34
719,2,0,1,2016,5,6,16,21,19.682
720,2,0,1,2016,5,6,16,21,21.003
721,2,0,1,2016,5,6,16,21,21.099
722,2,0,1,2016,5,6,16,21,21.737
723,2,0,1,2016,5,6,16,21,22.011
724,2,0,1,2016,5,6,16,21,24.018
725,2,0,1,2016,5,6,16,21,24.252
726,2,0,1,2016,5,6,16,21,25.306
727,2,0,1,2016,5,6,16,21,26.525
728,2,0,1,2016,5,6,16,21,26.676
729,2,0,1,2016,5,6,16,21,27.782
730,2,0,1,2016,5,6,16,21,28.344
731,2,0,1,2016,5,6,16,21,28.539
732,2,0,1,2016,5,6,16,21,30.598
733,2,0,1,2016,5,6,16,21,30.902
734,2,0,1,2016,5,6,16,21,31.778
735,2,0,1,2016,5,6,16,21,32.582
736,2,0,1,2016,5,6,16,21,33.891
737,2,0,1,2016,5,6,16,21,36.402
738,2,0,1,2016,5,6,16,21,38.921
739,2,0,1,2016,5,6,16,21,39.413
740,1,0,1,2016,5,6,16,26,35.069
741,1,0,1,2016,5,6,16,26,38.093
742,1,0,1,2016,5,6,16,26,40.779
743,1,0,1,2016,5,6,16,26,41.415
744,1,0,1,2016,5,6,16,26,42.333
745,1,0,1,2016,5,6,16,26,52.031
746,1,0,1,2016,5,6,16,26,52.724
747,1,0,1,2016,5,6,16,26,53.621
748,1,0,1,2016,5,6,16,26,56.165
749,1,0,1,2016,5,6,16,27,5.791
750,1,0,1,2016,5,6,16,27,6.66
751,1,0,1,2016,5,6,16,27,8.194
752,1,0,1,2016,5,6,16,27,9.453
753,1,0,1,2016,5,6,16,27,10.328
754,1,0,1,2016,5,6,16,27,14.188
755,1,0,1,2016,5,6,16,27,15.558
756,1,0,1,2016,5,6,16,27,17.063
757,1,0,1,2016,5,6,16,27,25.916
758,1,0,1,2016,5,6,16,27,26.741
759,1,0,1,2016,5,6,16,27,27.73
760,1,0,1,2016,5,6,16,27,29.454
761,1,0,1,2016,5,6,16,27,31.315
762,1,0,1,2016,5,6,16,27,32.755
763,1,0,1,2016,5,6,16,27,34.792
764,1,0,1,2016,5,6,16,27,35.823
765,1,0,1,2016,5,6,16,27,36.652
766,1,0,1,2016,5,6,16,27,37.546
767,2,0,1,2016,5,6,16,27,52.518
768,2,0,1,2016,5,6,16,27,53.316
769,2,0,1,2016,5,6,16,27,54.068
770,2,0,1,2016,5,6,16,27,55.315
771,2,0,1,2016,5,6,16,27,56.404
772,2,0,1,2016,5,6,16,27,57.317
773,2,0,1,2016,5,6,16,27,58.089
774,2,0,1,2016,5,6,16,27,58.689
775,2,0,1,2016,5,6,16,27,59.696
776,2,0,1,2016,5,6,16,28,0.997
777,2,0,1,2016,5,6,16,28,2.332
778,2,0,1,2016,5,6,16,28,3.34
779,2,0,1,2016,5,6,16,28,4.483
780,2,0,1,2016,5,6,16,28,5.42
781,2,0,1,2016,5,6,16,28,6.33
782,2,0,1,2016,5,6,16,28,7.961
783,2,0,1,2016,5,6,16,28,8.731
784,2,0,1,2016,5,6,16,28,9.509
785,2,0,1,2016,5,6,16,28,10.319
786,2,0,1,2016,5,6,16,28,12.34
787,1,0,1,2016,5,6,16,29,12.399
788,1,0,1,2016,5,6,16,29,12.976
789,1,0,1,2016,5,6,16,29,13.575
790,1,0,1,2016,5,6,16,29,15.435
791,1,0,1,2016,5,6,16,29,16.004
792,1,0,1,2016,5,6,16,29,16.734
793,1,0,1,2016,5,6,16,29,17.511
794,1,0,1,2016,5,6,16,29,18.326
795,1,0,1,2016,5,6,16,29,29.361
796,1,0,1,2016,5,6,16,29,30.02
797,1,0,1,2016,5,6,16,29,33.053
798,1,0,1,2016,5,6,16,29,33.668
799,1,0,1,2016,5,6,16,29,34.698
800,1,0,1,2016,5,6,16,29,35.333
801,1,0,1,2016,5,6,16,29,41.607
802,1,0,1,2016,5,6,16,29,44.606
803,1,0,1,2016,5,6,16,29,45.553
804,1,0,1,2016,5,6,16,29,46.463
805,1,0,1,2016,5,6,16,29,46.969
806,1,0,1,2016,5,6,16,29,50.426
807,1,0,1,2016,5,6,16,29,51.708
808,1,0,1,2016,5,6,16,29,52.383
809,1,0,1,2016,5,6,16,29,56.396
810,1,0,1,2016,5,6,16,29,57.213
811,2,0,1,2016,5,6,16,31,17.89
812,2,0,1,2016,5,6,16,31,18.897
813,2,0,1,2016,5,6,16,31,19.534
814,2,0,1,2016,5,6,16,31,20.143
815,2,0,1,2016,5,6,16,31,20.877
816,2,0,1,2016,5,6,16,31,22.548
817,2,0,1,2016,5,6,16,31,22.873
818,2,0,1,2016,5,6,16,31,23.664
819,2,0,1,2016,5,6,16,31,24.275
820,1,0,1,2016,5,6,16,38,57.465
821,1,0,1,2016,5,6,16,38,58.687
822,1,0,1,2016,5,6,16,39,0.079
823,1,0,1,2016,5,6,16,39,0.683
824,2,0,1,2016,5,6,16,41,32.845
825,2,0,1,2016,5,6,16,41,34.342
826,2,0,1,2016,5,6,16,41,35.135
827,2,0,1,2016,5,6,16,41,36.197
828,2,0,1,2016,5,6,16,41,37.174
829,2,0,1,2016,5,6,16,41,42.112
830,2,0,1,2016,5,6,16,41,43.974
831,2,0,1,2016,5,6,16,41,45.602
832,1,0,1,2016,5,6,16,43,32.473
833,1,0,1,2016,5,6,16,43,33.067
834,1,0,1,2016,5,6,16,43,35.039
835,1,0,1,2016,5,6,16,43,35.942
836,1,0,1,2016,5,6,16,43,36.697
837,2,0,1,2016,5,6,16,44,16.542
838,2,0,1,2016,5,6,16,44,17.151
839,2,0,1,2016,5,6,16,44,17.943
840,2,0,1,2016,5,6,16,44,18.6
841,2,0,1,2016,5,6,16,44,19.535
842,2,0,1,2016,5,6,16,44,20.187
843,2,0,1,2016,5,6,16,44,20.866
844,1,0,1,2016,5,6,16,45,46.565
845,1,0,1,2016,5,6,16,45,47.404
846,1,0,1,2016,5,6,16,45,47.867
847,1,0,1,2016,5,6,16,46,4.259
848,1,0,1,2016,5,6,16,46,35.488
849,1,0,1,2016,5,6,16,46,36.283
850,1,0,1,2016,5,6,16,46,37.298
851,1,0,1,2016,5,6,16,46,38.106
852,1,0,1,2016,5,6,16,46,42.684
853,1,0,1,2016,5,6,16,46,43.416
854,1,0,1,2016,5,6,16,46,44.422
855,1,0,1,2016,5,6,16,47,20.1
856,1,0,1,2016,5,6,16,47,20.622
857,1,0,1,2016,5,6,16,47,21.673
858,1,0,1,2016,5,6,16,47,22.525
859,1,0,1,2016,5,6,16,48,54.491
860,1,0,1,2016,5,6,16,48,56.201
861,1,0,1,2016,5,6,16,48,58.205
862,1,0,1,2016,5,6,16,48,58.335
863,2,0,1,2016,5,6,16,49,9.532
864,2,0,1,2016,5,6,16,49,11.717
865,2,0,1,2016,5,6,16,49,11.899
866,2,0,1,2016,5,6,16,49,13.254
867,2,0,1,2016,5,6,16,49,14.412
868,2,0,1,2016,5,6,16,49,39.555
869,2,0,1,2016,5,6,16,49,40.737
870,2,0,1,2016,5,6,16,49,43.418
871,2,0,1,2016,5,6,16,49,46.331
872,2,0,1,2016,5,6,16,49,47.413
873,2,0,1,2016,5,6,16,49,47.56
874,2,0,1,2016,5,6,16,49,49.525
875,2,0,1,2016,5,6,16,49,49.972
876,2,0,1,2016,5,6,16,50,44.497
877,1,0,1,2016,5,6,16,52,11.94
878,1,0,1,2016,5,6,16,52,12.502
879,1,0,1,2016,5,6,16,52,13.13
880,1,0,1,2016,5,6,16,52,14.094
881,1,0,1,2016,5,6,16,52,14.543
882,1,0,1,2016,5,6,16,52,14.754
883,1,0,1,2016,5,6,16,54,48.482
884,1,0,1,2016,5,6,16,56,10.031
885,1,0,1,2016,5,6,16,56,11.179
886,1,0,1,2016,5,6,16,56,58.98
887,1,0,1,2016,5,6,16,57,0.18
888,1,0,1,2016,5,6,16,57,26.34
889,1,0,1,2016,5,6,16,57,27.461
890,1,0,1,2016,5,6,16,57,28.066
891,1,0,1,2016,5,6,16,59,55.007
892,1,0,1,2016,5,6,16,59,55.994
893,1,0,1,2016,5,6,16,59,57.755
894,1,0,1,2016,5,6,16,59,57.843
895,1,0,1,2016,5,6,16,59,58.489
896,1,0,1,2016,5,6,17,0,45.392
897,1,0,1,2016,5,6,17,0,46.924
898,1,0,1,2016,5,6,17,0,47.401
899,1,0,1,2016,5,6,17,0,47.505
900,1,0,1,2016,5,6,17,4,38.139
901,1,0,1,2016,5,6,17,4,38.799
902,1,0,1,2016,5,6,17,4,41.551
903,1,0,1,2016,5,6,17,4,42.12
904,1,0,1,2016,5,6,17,4,49.534
905,1,0,1,2016,5,6,17,4,50.117
906,1,0,1,2016,5,6,17,4,50.812
907,1,0,1,2016,5,6,17,4,51.79
908,1,0,1,2016,5,6,17,4,52.529
909,1,0,1,2016,5,6,17,4,53.957
910,1,0,1,2016,5,6,17,4,56.076
911,1,0,1,2016,5,6,17,5,23.191
912,1,0,1,2016,5,6,17,5,23.721
913,1,0,1,2016,5,6,17,5,24.28
914,1,0,1,2016,5,6,17,5,24.995
915,1,0,1,2016,5,6,17,5,29.681
916,1,0,1,2016,5,6,17,5,30.351
917,1,0,1,2016,5,6,17,5,31.227
918,1,0,1,2016,5,6,17,5,31.787
919,1,0,1,2016,5,6,17,6,9.806
920,1,0,1,2016,5,6,17,6,10.239
921,1,0,1,2016,5,6,17,6,10.775
922,1,0,1,2016,5,6,17,6,11.322
923,1,0,1,2016,5,6,17,6,16.055
924,1,0,1,2016,5,6,17,6,17.506
925,1,0,1,2016,5,6,17,6,18.187
926,1,0,1,2016,5,6,17,6,20.727
927,1,0,1,2016,5,6,17,6,21.457
928,1,0,1,2016,5,6,17,6,22.413
929,1,0,1,2016,5,6,17,6,23.286
930,1,0,1,2016,5,6,17,6,24.601
931,1,0,1,2016,5,6,17,6,27.508
932,1,0,1,2016,5,6,17,6,28.675
933,1,0,1,2016,5,6,17,6,30.396
934,1,0,1,2016,5,6,17,6,31.082
935,1,0,1,2016,5,6,17,6,31.929
936,1,0,1,2016,5,6,17,6,39.669
937,1,0,1,2016,5,6,17,6,40.702
938,1,0,1,2016,5,6,17,6,41.393
939,1,0,1,2016,5,6,17,6,42.575
940,1,0,1,2016,5,6,17,6,43.783
941,1,0,1,2016,5,6,17,6,47.533
942,1,0,1,2016,5,6,17,6,48.112
943,1,0,1,2016,5,6,17,6,49.144
944,1,0,1,2016,5,6,17,6,49.934
945,1,0,1,2016,5,6,17,6,55.518
946,1,0,1,2016,5,6,17,6,56.141
947,1,0,1,2016,5,6,17,6,56.722
948,1,0,1,2016,5,6,17,6,57.381
949,1,0,1,2016,5,6,17,7,16.55
950,1,0,1,2016,5,6,17,7,16.704
951,1,0,1,2016,5,6,17,7,17.292
952,1,0,1,2016,5,6,17,7,18.068
953,1,0,1,2016,5,6,17,7,18.744
954,1,0,1,2016,5,6,17,7,22.143
955,1,0,1,2016,5,6,17,7,22.78
956,1,0,1,2016,5,6,17,7,23.399
957,1,0,1,2016,5,6,17,7,30.109
958,1,0,1,2016,5,6,17,7,30.619
959,1,0,1,2016,5,6,17,7,31.551
960,1,0,1,2016,5,6,17,7,32.28
961,1,0,1,2016,5,6,17,7,51.63
962,1,0,1,2016,5,6,17,7,52.077
963,1,0,1,2016,5,6,17,8,21.224
964,1,0,1,2016,5,6,17,8,21.849
965,1,0,1,2016,5,6,17,8,31.299
966,1,0,1,2016,5,6,17,8,31.928
967,1,0,1,2016,5,6,17,8,35.928
968,1,0,1,2016,5,6,17,8,36.893
969,1,0,1,2016,5,6,17,8,50.906
970,1,0,1,2016,5,6,17,8,51.432
971,1,0,1,2016,5,6,17,8,52.409
972,1,0,1,2016,5,6,17,8,53.801
973,1,0,1,2016,5,6,17,9,26.393
974,1,0,1,2016,5,6,17,9,26.901
975,1,0,1,2016,5,6,17,9,27.506
976,1,0,1,2016,5,6,17,9,28.045
977,1,0,1,2016,5,6,17,9,32.166
978,1,0,1,2016,5,6,17,9,32.785
979,1,0,1,2016,5,6,17,9,41.471
980,1,0,1,2016,5,6,17,9,42.168
981,1,0,1,2016,5,6,17,9,48.978
982,1,0,1,2016,5,6,17,9,49.665
983,1,0,1,2016,5,6,17,9,53.415
984,1,0,1,2016,5,6,17,9,54.208
985,1,0,1,2016,5,6,17,9,55.066
986,1,0,1,2016,5,6,17,9,55.68
987,1,0,1,2016,5,6,17,9,56.71
988,1,0,1,2016,5,6,17,9,57.8
989,1,0,1,2016,5,6,17,9,59.267
990,1,0,1,2016,5,6,17,10,3.149
991,1,0,1,2016,5,6,17,10,4.588
992,1,0,1,2016,5,6,17,10,5.377
993,1,0,1,2016,5,6,17,10,6.539
994,1,0,1,2016,5,6,17,10,7.61
995,1,0,1,2016,5,6,17,10,8.212
996,1,0,1,2016,5,6,17,10,19.022
997,1,0,1,2016,5,6,17,10,19.702
998,1,0,1,2016,5,6,17,10,20.384
999,1,0,1,2016,5,6,17,10,21.098
1000,1,0,1,2016,5,6,17,10,25.761
1001,1,0,1,2016,5,6,17,10,26.726
1002,1,0,1,2016,5,6,17,10,28.064
1003,1,0,1,2016,5,6,17,10,28.768
1004,2,0,1,2016,5,6,17,11,13.147
1005,2,0,1,2016,5,6,17,11,15.567
1006,2,0,1,2016,5,6,17,11,16.762
1007,2,0,1,2016,5,6,17,11,16.864
1008,2,0,1,2016,5,6,17,11,17.709
1009,1,0,1,2016,5,6,17,15,22.181
1010,1,0,1,2016,5,6,17,15,22.65
1011,1,0,1,2016,5,6,17,15,23.231
1012,1,0,1,2016,5,6,17,15,24.106
1013,1,0,1,2016,5,6,17,15,24.899
1014,1,0,1,2016,5,6,17,16,56.54
1015,1,0,1,2016,5,6,17,16,57.036
1016,1,0,1,2016,5,6,17,16,57.468
1017,1,0,1,2016,5,6,17,16,57.927
1018,1,0,1,2016,5,6,17,16,58.496
1019,1,0,1,2016,5,6,17,16,59.016
1020,1,0,1,2016,5,6,17,16,59.711
1021,1,0,1,2016,5,6,17,17,9.901
1022,1,0,1,2016,5,6,17,17,10.57
1023,1,0,1,2016,5,6,17,17,28.347
1024,1,0,1,2016,5,6,17,17,29.212
1025,1,0,1,2016,5,6,17,17,29.682
1026,1,0,1,2016,5,6,17,17,32.768
1027,1,0,1,2016,5,6,17,17,33.507
1028,1,0,1,2016,5,6,17,17,34.419
1029,1,0,1,2016,5,6,17,17,35.441
1030,1,0,1,2016,5,6,17,17,36.449
1031,1,0,1,2016,5,6,17,17,40.406
1032,1,0,1,2016,5,6,17,17,41.276
1033,1,0,1,2016,5,6,17,17,45.711
1034,1,0,1,2016,5,6,17,17,46.649
1035,1,0,1,2016,5,6,17,17,47.309
1036,1,0,1,2016,5,6,17,17,48.499
1037,2,0,1,2016,5,6,17,17,53.677
1038,2,0,1,2016,5,6,17,17,54.918
1039,2,0,1,2016,5,6,17,17,55.96
1040,2,0,1,2016,5,6,17,17,57.447
1041,2,0,1,2016,5,6,17,17,57.599
1042,2,0,1,2016,5,6,17,17,58.084
1043,2,0,1,2016,5,6,17,17,59.574
1044,2,0,1,2016,5,6,17,18,0.916
1045,2,0,1,2016,5,6,17,18,1.029
1046,2,0,1,2016,5,6,17,18,1.425
1047,2,0,1,2016,5,6,17,18,2.485
1048,1,0,1,2016,5,6,17,18,9.904
1049,1,0,1,2016,5,6,17,18,10.429
1050,1,0,1,2016,5,6,17,18,11.416
1051,2,0,1,2016,5,6,17,18,51.64
1052,2,0,1,2016,5,6,17,18,51.742
1053,2,0,1,2016,5,6,17,18,52.569
1054,2,0,1,2016,5,6,17,18,53.506
1055,2,0,1,2016,5,6,17,18,54.527
1056,2,0,1,2016,5,6,17,18,55.342
1057,2,0,1,2016,5,6,17,18,55.466
1058,2,0,1,2016,5,6,17,18,55.887
1059,2,0,1,2016,5,6,17,18,56.403
1060,2,0,1,2016,5,6,17,18,57.004
1061,2,0,1,2016,5,6,17,18,57.973
1062,2,0,1,2016,5,6,17,18,58.098
1063,2,0,1,2016,5,6,17,18,59.337
1064,2,0,1,2016,5,6,17,18,59.51
1065,2,0,1,2016,5,6,17,19,1.445
1066,2,0,1,2016,5,6,17,19,2.282
1067,2,0,1,2016,5,6,17,19,2.401
1068,2,0,1,2016,5,6,17,19,3.411
1069,2,0,1,2016,5,6,17,19,3.533
1070,2,0,1,2016,5,6,17,19,5.414
1071,2,0,1,2016,5,6,17,19,6.571
1072,2,0,1,2016,5,6,17,19,6.688
1073,2,0,1,2016,5,6,17,19,8.032
1074,2,0,1,2016,5,6,17,19,8.141
1075,2,0,1,2016,5,6,17,19,8.567
1076,2,0,1,2016,5,6,17,19,9.36
1077,2,0,1,2016,5,6,17,19,9.466
1078,2,0,1,2016,5,6,17,19,10.294
1079,2,0,1,2016,5,6,17,19,10.414
1080,2,0,1,2016,5,6,17,19,11.457
1081,2,0,1,2016,5,6,17,19,13.509
1082,2,0,1,2016,5,6,17,19,13.688
1083,2,0,1,2016,5,6,17,19,15.753
1084,2,0,1,2016,5,6,17,19,16.764
1085,2,0,1,2016,5,6,17,19,19.952
1086,2,0,1,2016,5,6,17,21,4.163
1087,2,0,1,2016,5,6,17,21,4.276
1088,2,0,1,2016,5,6,17,21,4.782
1089,2,0,1,2016,5,6,17,21,4.949
1090,2,0,1,2016,5,6,17,21,5.787
1091,2,0,1,2016,5,6,17,21,5.937
1092,2,0,1,2016,5,6,17,21,7.757
1093,2,0,1,2016,5,6,17,21,9.139
1094,2,0,1,2016,5,6,17,21,9.259
1095,2,0,1,2016,5,6,17,21,10.302
1096,2,0,1,2016,5,6,17,21,10.42
1097,2,0,1,2016,5,6,17,21,12.698
1098,2,0,1,2016,5,6,17,21,12.818
1099,2,0,1,2016,5,6,17,21,13.963
1100,2,0,1,2016,5,6,17,21,14.096
1101,2,0,1,2016,5,6,17,21,15.376
1102,2,0,1,2016,5,6,17,21,49.895
1103,2,0,1,2016,5,6,17,21,50.886
1104,2,0,1,2016,5,6,17,21,51.518
1105,2,0,1,2016,5,6,17,21,51.716
1106,2,0,1,2016,5,6,17,21,52.701
1107,2,0,1,2016,5,6,17,21,53.687
1108,2,0,1,2016,5,6,17,21,54.737
1109,2,0,1,2016,5,6,17,21,54.841
1110,2,0,1,2016,5,6,17,21,55.516
1111,2,0,1,2016,5,6,17,21,59.132
1112,2,0,1,2016,5,6,17,22,0.767
1113,2,0,1,2016,5,6,17,22,1.617
1114,2,0,1,2016,5,6,17,22,1.73
1115,2,0,1,2016,5,6,17,22,1.818
1116,2,0,1,2016,5,6,17,22,4.391
1117,2,0,1,2016,5,6,17,22,4.596
1118,2,0,1,2016,5,6,17,22,5.921
1119,2,0,1,2016,5,6,17,22,17.832
1120,2,0,1,2016,5,6,17,22,18.82
1121,2,0,1,2016,5,6,17,22,20.801
1122,2,0,1,2016,5,6,17,22,20.957
1123,2,0,1,2016,5,6,17,22,21.495
1124,2,0,1,2016,5,6,17,22,22.561
1125,2,0,1,2016,5,6,17,22,37.053
1126,2,0,1,2016,5,6,17,22,38.93
1127,2,0,1,2016,5,6,17,22,39.257
1128,2,0,1,2016,5,6,17,22,41.745
1129,2,0,1,2016,5,6,17,22,42.036
1130,2,0,1,2016,5,6,17,22,42.211
1131,2,0,1,2016,5,6,17,22,42.978
1132,2,0,1,2016,5,6,17,22,46.032
1133,2,0,1,2016,5,6,17,22,46.198
1134,2,0,1,2016,5,6,17,22,46.358
1135,2,0,1,2016,5,6,17,22,46.9
1136,2,0,1,2016,5,6,17,22,47.363
1137,2,0,1,2016,5,6,17,22,48.998
1138,2,0,1,2016,5,6,17,22,56.054
1139,2,0,1,2016,5,6,17,22,56.54
1140,2,0,1,2016,5,6,17,22,57.937
1141,2,0,1,2016,5,6,17,22,58.554
1142,2,0,1,2016,5,6,17,22,58.713
1143,2,0,1,2016,5,6,17,23,2.891
1144,2,0,1,2016,5,6,17,23,3.587
1145,2,0,1,2016,5,6,17,23,4.492
1146,2,0,1,2016,5,6,17,23,4.726
1147,2,0,1,2016,5,6,17,23,6.012
1148,2,0,1,2016,5,6,17,23,6.591
1149,2,0,1,2016,5,6,17,23,7.814
1150,2,0,1,2016,5,6,17,23,7.999
1151,2,0,1,2016,5,6,17,23,8.466
1152,2,0,1,2016,5,6,17,23,9.798
1153,2,0,1,2016,5,6,17,23,24.21
1154,2,0,1,2016,5,6,17,23,24.917
1155,2,0,1,2016,5,6,17,23,26.464
1156,2,0,1,2016,5,6,17,23,27.517
1157,2,0,1,2016,5,6,17,23,30.584
1158,2,0,1,2016,5,6,17,23,36.171
1159,2,0,1,2016,5,6,17,23,39.159
1160,2,0,1,2016,5,6,17,23,39.33
1161,2,0,1,2016,5,6,17,23,39.701
1162,2,0,1,2016,5,6,17,23,43.747
1163,2,0,1,2016,5,6,17,23,45.77
1164,2,0,1,2016,5,6,17,23,45.937
1165,2,0,1,2016,5,6,17,23,46.021
1166,2,0,1,2016,5,6,17,23,49.38
1167,2,0,1,2016,5,6,17,23,50.303
1168,2,0,1,2016,5,6,17,23,50.573
1169,2,0,1,2016,5,6,17,23,50.826
1170,2,0,1,2016,5,6,17,23,52.921
1171,2,0,1,2016,5,6,17,23,53.947
1172,2,0,1,2016,5,6,17,23,57.683
1173,2,0,1,2016,5,6,17,24,1.171
1174,2,0,1,2016,5,6,17,24,1.812
1175,2,0,1,2016,5,6,17,24,2.027
1176,2,0,1,2016,5,6,17,24,2.126
1177,2,0,1,2016,5,6,17,24,2.215
1178,2,0,1,2016,5,6,17,24,3.637
1179,1,0,1,2016,5,6,17,29,7.109
1180,1,0,1,2016,5,6,17,29,8.255
1181,1,0,1,2016,5,6,17,30,42.369
1182,1,0,1,2016,5,6,17,30,46.456
1183,1,0,1,2016,5,6,17,31,11.516
1184,1,0,1,2016,5,6,17,31,11.619
1185,1,0,1,2016,5,6,17,31,12.261
1186,1,0,1,2016,5,6,17,31,17.462
1187,1,0,1,2016,5,6,17,32,4.705
1188,1,0,1,2016,5,6,17,32,12.074
1189,1,0,1,2016,5,6,17,32,45.05
1190,1,0,1,2016,5,6,17,32,50.811
1191,1,0,1,2016,5,6,17,32,51.451
1192,1,0,1,2016,5,6,17,33,2.55
1193,1,0,1,2016,5,6,17,33,3.199
1194,1,0,1,2016,5,6,17,33,3.312
1195,1,0,1,2016,5,6,17,33,3.836
1196,1,0,1,2016,5,6,17,33,4.286
1197,1,0,1,2016,5,6,17,34,19.634
1198,1,0,1,2016,5,6,17,34,21.433
1199,1,0,1,2016,5,6,17,34,22.23
1200,1,0,1,2016,5,6,17,39,35.961
1201,1,0,1,2016,5,6,17,39,36.692
1202,1,0,1,2016,5,6,17,39,37.378
1203,1,0,1,2016,5,6,17,39,41.468
1204,1,0,1,2016,5,6,17,39,42.26
1205,1,0,1,2016,5,6,17,39,42.847
1206,1,0,1,2016,5,6,17,39,43.633
1207,1,0,1,2016,5,6,17,39,46.863
1208,1,0,1,2016,5,6,17,39,47.443
1209,1,0,1,2016,5,6,17,39,47.86
1210,1,0,1,2016,5,6,17,39,49.133
1211,1,0,1,2016,5,6,17,39,49.943
1212,1,0,1,2016,5,6,17,39,51.187
1213,1,0,1,2016,5,6,17,41,49.829
1214,1,0,1,2016,5,6,17,41,50.406
1215,1,0,1,2016,5,6,17,41,51.112
1216,1,0,1,2016,5,6,17,41,52.133
1217,1,0,1,2016,5,6,17,41,52.721
1218,1,0,1,2016,5,6,17,41,53.362
1219,2,0,1,2016,5,6,17,43,20.613
1220,2,0,1,2016,5,6,17,43,22.658
1221,2,0,1,2016,5,6,17,43,23.625
1222,2,0,1,2016,5,6,17,43,24.442
1223,2,0,1,2016,5,6,17,43,24.555
1224,2,0,1,2016,5,6,17,43,25.587
1225,2,0,1,2016,5,6,17,43,27.928
1226,2,0,1,2016,5,6,17,43,28.805
1227,2,0,1,2016,5,6,17,43,28.952
1228,2,0,1,2016,5,6,17,43,30.566
1229,2,0,1,2016,5,6,17,43,31.413
1230,2,0,1,2016,5,6,17,43,32.816
1231,2,0,1,2016,5,6,17,43,33.977
1232,2,0,1,2016,5,6,17,43,34.734
1233,2,0,1,2016,5,6,17,43,36.225
1234,2,0,1,2016,5,6,17,43,37.101
1235,2,0,1,2016,5,6,17,43,37.796
1236,2,0,1,2016,5,6,17,43,41.784
1237,2,0,1,2016,5,6,17,43,57.948
1238,2,0,1,2016,5,6,17,43,58.902
1239,2,0,1,2016,5,6,17,44,2.009
1240,2,0,1,2016,5,6,17,44,4.166
1241,2,0,1,2016,5,6,17,44,4.863
1242,2,0,1,2016,5,6,17,44,6.182
1243,2,0,1,2016,5,6,17,44,7.689
1244,2,0,1,2016,5,6,17,44,8.429
1245,2,0,1,2016,5,6,17,44,8.694
1246,2,0,1,2016,5,6,17,44,9.903
1247,2,0,1,2016,5,6,17,44,10.942
1248,2,0,1,2016,5,6,17,44,13.485
1249,2,0,1,2016,5,6,17,44,14.57
1250,2,0,1,2016,5,6,17,44,15.787
1251,2,0,1,2016,5,6,17,44,16.604
1252,2,0,1,2016,5,6,17,44,17.222
1253,2,0,1,2016,5,6,17,44,18.003
1254,2,0,1,2016,5,6,17,44,20.733
1255,2,0,1,2016,5,6,17,44,20.856
1256,2,0,1,2016,5,6,17,44,21.664
1257,2,0,1,2016,5,6,17,44,22.705
1258,2,0,1,2016,5,6,17,44,24.176
1259,2,0,1,2016,5,6,17,44,24.36
1260,2,0,1,2016,5,6,17,44,26.601
1261,2,0,1,2016,5,6,17,44,27.973
1262,2,0,1,2016,5,6,17,44,28.154
1263,2,0,1,2016,5,6,17,44,29.511
1264,2,0,1,2016,5,6,17,44,30.734
1265,2,0,1,2016,5,6,17,44,35.466
1266,2,0,1,2016,5,6,17,44,35.758
1267,2,0,1,2016,5,6,17,44,36.456
1268,2,0,1,2016,5,6,17,44,36.682
1269,2,0,1,2016,5,6,17,44,39.547
1270,2,0,1,2016,5,6,17,44,40.01
1271,2,0,1,2016,5,6,17,44,41.063
1272,2,0,1,2016,5,6,17,44,43.46
1273,2,0,1,2016,5,6,17,44,44.623
1274,2,0,1,2016,5,6,17,44,44.796
1275,2,0,1,2016,5,6,17,44,46.635
1276,2,0,1,2016,5,6,17,45,6.484
1277,2,0,1,2016,5,6,17,45,6.594
1278,2,0,1,2016,5,6,17,45,7.626
1279,2,0,1,2016,5,6,17,45,8.63
1280,2,0,1,2016,5,6,17,45,11.463
1281,2,0,1,2016,5,6,17,45,11.931
1282,2,0,1,2016,5,6,17,45,13.659
1283,2,0,1,2016,5,6,17,45,13.833
1284,2,0,1,2016,5,6,17,45,15.327
1285,2,0,1,2016,5,6,17,45,16.197
1286,2,0,1,2016,5,6,17,45,16.55
1287,2,0,1,2016,5,6,17,45,16.917
1288,2,0,1,2016,5,6,17,45,18.406
1289,2,0,1,2016,5,6,17,45,18.536
1290,2,0,1,2016,5,6,17,45,19.266
1291,2,0,1,2016,5,6,17,45,21.065
1292,2,0,1,2016,5,6,17,45,23.049
1293,2,0,1,2016,5,6,17,45,23.159
1294,2,0,1,2016,5,6,17,45,24.013
1295,2,0,1,2016,5,6,17,45,27.428
1296,2,0,1,2016,5,6,17,45,27.948
1297,2,0,1,2016,5,6,17,45,28.163
1298,2,0,1,2016,5,6,17,45,30.41
1299,2,0,1,2016,5,6,17,45,39.506
1300,2,0,1,2016,5,6,17,46,31.439
1301,2,0,1,2016,5,6,17,46,50.06
1302,2,0,1,2016,5,6,17,46,51.965
1303,2,0,1,2016,5,6,17,46,53.239
1304,2,0,1,2016,5,6,17,46,53.971
1305,2,0,1,2016,5,6,17,46,55.06
1306,2,0,1,2016,5,6,17,46,57.266
1307,2,0,1,2016,5,6,17,47,1.359
1308,2,0,1,2016,5,6,17,47,2.147
1309,2,0,1,2016,5,6,17,47,7.1
1310,2,0,1,2016,5,6,17,47,10.211
1311,2,0,1,2016,5,6,17,47,11.438
1312,2,0,1,2016,5,6,17,47,11.888
1313,2,0,1,2016,5,6,17,47,12.915
1314,2,0,1,2016,5,6,17,47,14.979
1315,2,0,1,2016,5,6,17,47,15.092
1316,2,0,1,2016,5,6,17,47,17.533
1317,2,0,1,2016,5,6,17,47,20.27
1318,2,0,1,2016,5,6,17,47,21.623
1319,2,0,1,2016,5,6,17,47,23.156
1320,2,0,1,2016,5,6,17,47,24.191
1321,2,0,1,2016,5,6,17,47,29.289
1322,2,0,1,2016,5,6,17,47,30.978
1323,2,0,1,2016,5,6,17,47,31.106
1324,2,0,1,2016,5,6,17,47,36.823
1325,2,0,1,2016,5,6,17,47,37.853
1326,2,0,1,2016,5,6,17,47,38.784
1327,2,0,1,2016,5,6,17,47,44.099
1328,2,0,1,2016,5,6,17,48,5.906
1329,2,0,1,2016,5,6,17,48,7.743
1330,2,0,1,2016,5,6,17,48,8.437
1331,2,0,1,2016,5,6,17,48,8.962
1332,2,0,1,2016,5,6,17,48,9.74
1333,2,0,1,2016,5,6,17,48,33.638
1334,2,0,1,2016,5,6,17,48,34.423
1335,2,0,1,2016,5,6,17,48,34.526
1336,2,0,1,2016,5,6,17,48,57.539
1337,2,0,1,2016,5,6,17,48,59.057
1338,2,0,1,2016,5,6,17,48,59.457
1339,2,0,1,2016,5,6,17,49,2.678
1340,2,0,1,2016,5,6,17,49,3.66
1341,2,0,1,2016,5,6,17,49,4.382
1342,2,0,1,2016,5,6,17,49,5.408
1343,2,0,1,2016,5,6,17,49,5.876
1344,2,0,1,2016,5,6,17,49,21.749
1345,2,0,1,2016,5,6,17,49,22.101
1346,2,0,1,2016,5,6,17,49,27.097
1347,2,0,1,2016,5,6,17,49,29.94
1348,2,0,1,2016,5,6,17,49,31.119
1349,2,0,1,2016,5,6,17,49,34.556
1350,1,0,1,2016,5,6,17,49,55.875
1351,1,0,1,2016,5,6,17,49,56.002
1352,1,0,1,2016,5,6,17,49,57.345
1353,2,0,1,2016,5,6,17,50,3.183
1354,2,0,1,2016,5,6,17,50,4.873
1355,2,0,1,2016,5,6,17,50,5.844
1356,2,0,1,2016,5,6,17,50,7.293
1357,2,0,1,2016,5,6,17,50,7.487
1358,2,0,1,2016,5,6,17,50,8.822
1359,2,0,1,2016,5,6,17,50,15.281
1360,2,0,1,2016,5,6,17,50,17.737
1361,2,0,1,2016,5,6,17,50,20.44
1362,2,0,1,2016,5,6,17,50,20.71
1363,2,0,1,2016,5,6,17,50,21.78
1364,2,0,1,2016,5,6,17,50,23.798
1365,2,0,1,2016,5,6,17,50,24.569
1366,2,0,1,2016,5,6,17,50,25.417
1367,2,0,1,2016,5,6,17,50,28.659
1368,2,0,1,2016,5,6,17,50,29.528
1369,2,0,1,2016,5,6,17,50,29.78
1370,2,0,1,2016,5,6,17,50,30.211
1371,2,0,1,2016,5,6,17,50,33.256
1372,2,0,1,2016,5,6,17,50,40.015
1373,2,0,1,2016,5,6,17,50,46.913
1374,2,0,1,2016,5,6,17,50,48.778
1375,2,0,1,2016,5,6,17,50,54.119
1376,2,0,1,2016,5,6,17,50,57
1377,2,0,1,2016,5,6,17,51,0.221
1378,2,0,1,2016,5,6,17,51,9.004
1379,2,0,1,2016,5,6,17,51,9.83
1380,2,0,1,2016,5,6,17,51,12.292
1381,2,0,1,2016,5,6,17,51,12.527
1382,2,0,1,2016,5,6,17,51,12.76
1383,2,0,1,2016,5,6,17,51,13.919
1384,2,0,1,2016,5,6,17,51,17.179
1385,2,0,1,2016,5,6,17,51,17.651
1386,2,0,1,2016,5,6,17,51,18.542
1387,2,0,1,2016,5,6,17,51,19.646
1388,1,0,1,2016,5,6,17,51,37.738
1389,2,0,1,2016,5,6,17,51,47.102
1390,2,0,1,2016,5,6,17,51,47.251
1391,2,0,1,2016,5,6,17,51,49.495
1392,2,0,1,2016,5,6,17,51,51.821
1393,2,0,1,2016,5,6,17,51,53.234
1394,2,0,1,2016,5,6,17,51,57.888
1395,2,0,1,2016,5,6,17,52,1.852
1396,2,0,1,2016,5,6,17,52,1.993
1397,2,0,1,2016,5,6,17,52,2.59
1398,2,0,1,2016,5,6,17,52,4.685
1399,2,0,1,2016,5,6,17,52,4.982
1400,2,0,1,2016,5,6,17,52,6.631
1401,2,0,1,2016,5,6,17,52,7.4
1402,2,0,1,2016,5,6,17,52,25.142
1403,2,0,1,2016,5,6,17,52,26.341
1404,2,0,1,2016,5,6,17,52,33.574
1405,2,0,1,2016,5,6,17,52,35.181
1406,2,0,1,2016,5,6,17,52,44.217
1407,2,0,1,2016,5,6,17,52,45.609
1408,2,0,1,2016,5,6,17,52,51.109
1409,2,0,1,2016,5,6,17,52,57.163
1410,2,0,1,2016,5,6,17,52,58.538
1411,2,0,1,2016,5,6,17,53,2.056
1412,2,0,1,2016,5,6,17,53,5.079
1413,2,0,1,2016,5,6,17,53,7.95
1414,2,0,1,2016,5,6,17,53,10.059
1415,2,0,1,2016,5,6,17,53,10.723
1416,2,0,1,2016,5,6,17,53,16.75
1417,2,0,1,2016,5,6,17,53,26.369
1418,2,0,1,2016,5,6,17,53,39.288
1419,2,0,1,2016,5,6,17,53,40.434
1420,2,0,1,2016,5,6,17,53,41.724
1421,2,0,1,2016,5,6,17,53,45.524
1422,2,0,1,2016,5,6,17,53,56.186
1423,2,0,1,2016,5,6,17,53,56.73
1424,2,0,1,2016,5,6,17,53,57.699
1425,2,0,1,2016,5,6,17,53,59.737
1426,2,0,1,2016,5,6,17,53,59.862
1427,2,0,1,2016,5,6,17,54,2.411
1428,2,0,1,2016,5,6,17,54,2.933
1429,2,0,1,2016,5,6,17,54,3.073
1430,2,0,1,2016,5,6,17,54,6.581
1431,2,0,1,2016,5,6,17,54,7.107
1432,2,0,1,2016,5,6,17,54,7.598
1433,2,0,1,2016,5,6,17,54,13.38
1434,2,0,1,2016,5,6,17,54,16.011
1435,2,0,1,2016,5,6,17,54,17.622
1436,2,0,1,2016,5,6,17,54,18.003
1437,2,0,1,2016,5,6,17,54,39.306
1438,2,0,1,2016,5,6,17,57,27.128
1439,2,0,1,2016,5,6,17,57,28.618
1440,2,0,1,2016,5,6,17,57,30.528
1441,2,0,1,2016,5,6,17,57,31.225
1442,2,0,1,2016,5,6,17,57,34.979
1443,2,0,1,2016,5,6,17,57,35.106
1444,2,0,1,2016,5,6,17,57,51.4
1445,2,0,1,2016,5,6,17,57,51.523
1446,1,0,1,2016,5,6,18,3,45.836
1447,1,0,1,2016,5,6,18,3,46.663
1448,1,0,1,2016,5,6,18,3,51.207
1449,1,0,1,2016,5,6,18,3,52.316
1450,1,0,1,2016,5,6,18,4,0.258
1451,1,0,1,2016,5,6,18,4,0.835
1452,1,0,1,2016,5,6,18,4,4.942
1453,1,0,1,2016,5,6,18,4,5.564
1454,1,0,1,2016,5,6,18,4,6.637
1455,1,0,1,2016,5,6,18,4,7.57
1456,1,0,1,2016,5,6,18,4,8.494
1457,1,0,1,2016,5,6,18,4,10.512
1458,1,0,1,2016,5,6,18,4,11.539
1459,1,0,1,2016,5,6,18,4,12.416
1460,1,0,1,2016,5,6,18,4,43.689
1461,1,0,1,2016,5,6,18,4,47.663
1462,1,0,1,2016,5,6,18,4,48.333
1463,1,0,1,2016,5,6,18,4,49.017
1464,1,0,1,2016,5,6,18,4,49.557
1465,1,0,1,2016,5,6,18,4,50.417
1466,1,0,1,2016,5,6,18,4,54.976
1467,1,0,1,2016,5,6,18,4,55.717
1468,1,0,1,2016,5,6,18,4,56.391
1469,1,0,1,2016,5,6,18,5,2.806
1470,1,0,1,2016,5,6,18,5,3.459
1471,1,0,1,2016,5,6,18,5,4.804
1472,1,0,1,2016,5,6,18,5,6.729
1473,1,0,1,2016,5,6,18,5,10.638
1474,1,0,1,2016,5,6,18,5,11.415
1475,1,0,1,2016,5,6,18,5,20.744
1476,1,0,1,2016,5,6,18,5,21.556
1477,1,0,1,2016,5,6,18,5,22.313
1478,1,0,1,2016,5,6,18,5,23.006
1479,1,0,1,2016,5,6,18,5,23.938
1480,1,0,1,2016,5,6,18,5,24.738
1481,1,0,1,2016,5,6,18,5,45.751
1482,1,0,1,2016,5,6,18,5,46.208
1483,1,0,1,2016,5,6,18,5,47.078
1484,1,0,1,2016,5,6,18,5,47.836
1485,1,0,1,2016,5,6,18,6,6.205
1486,1,0,1,2016,5,6,18,6,6.965
1487,1,0,1,2016,5,6,18,6,7.621
1488,1,0,1,2016,5,6,18,6,15.027
1489,1,0,1,2016,5,6,18,6,15.728
1490,1,0,1,2016,5,6,18,6,16.415
1491,1,0,1,2016,5,6,18,6,17.633
1492,1,0,1,2016,5,6,18,6,20.607
1493,1,0,1,2016,5,6,18,6,21.517
1494,1,0,1,2016,5,6,18,6,22.232
1495,1,0,1,2016,5,6,18,6,27.5
1496,1,0,1,2016,5,6,18,6,27.919
1497,1,0,1,2016,5,6,18,6,28.897
1498,1,0,1,2016,5,6,18,7,22.751
1499,1,0,1,2016,5,6,18,7,23.287
1500,1,0,1,2016,5,6,18,8,12.382
1501,1,0,1,2016,5,6,18,8,13.5
1502,1,0,1,2016,5,6,18,8,14.549
1503,1,0,1,2016,5,6,18,8,17.948
1504,1,0,1,2016,5,6,18,8,18.671
1505,1,0,1,2016,5,6,18,8,19.28
1506,1,0,1,2016,5,6,18,8,20.228
1507,1,0,1,2016,5,6,18,8,25.215
1508,1,0,1,2016,5,6,18,8,25.739
1509,1,0,1,2016,5,6,18,8,26.626
1510,1,0,1,2016,5,6,18,8,27.616
1511,1,0,1,2016,5,6,18,8,32.789
1512,1,0,1,2016,5,6,18,8,33.483
1513,1,0,1,2016,5,6,18,8,34.949
1514,1,0,1,2016,5,6,18,8,35.723
1515,1,0,1,2016,5,6,18,8,36.75
1516,1,0,1,2016,5,6,18,8,37.355
1517,1,0,1,2016,5,6,18,8,38.284
1518,1,0,1,2016,5,6,18,8,39.236
1519,1,0,1,2016,5,6,18,8,44.027
1520,1,0,1,2016,5,6,18,8,44.669
1521,1,0,1,2016,5,6,18,8,45.538
1522,1,0,1,2016,5,6,18,11,19.75
1523,1,0,1,2016,5,6,18,11,20.176
1524,1,0,1,2016,5,6,18,11,21.069
1525,1,0,1,2016,5,6,18,11,21.501
1526,1,0,1,2016,5,6,18,11,29.698
1527,1,0,1,2016,5,6,18,11,30.163
1528,1,0,1,2016,5,6,18,11,31.004
1529,2,0,1,2016,5,6,18,16,13.53
1530,2,0,1,2016,5,6,18,16,16.964
1531,2,0,1,2016,5,6,18,16,17.487
1532,2,0,1,2016,5,6,18,16,18.954
1533,2,0,1,2016,5,6,18,16,19.267
1534,2,0,1,2016,5,6,18,16,19.79
1535,2,0,1,2016,5,6,18,16,20.717
1536,2,0,1,2016,5,6,18,16,22.423
1537,2,0,1,2016,5,6,18,16,24.462
1538,2,0,1,2016,5,6,18,16,25.177
1539,2,0,1,2016,5,6,18,16,26.181
1540,2,0,1,2016,5,6,18,16,29.523
1541,2,0,1,2016,5,6,18,16,32.057
1542,2,0,1,2016,5,6,18,16,32.777
1543,2,0,1,2016,5,6,18,16,33.957
1544,2,0,1,2016,5,6,18,16,34.657
1545,2,0,1,2016,5,6,18,16,35.757
1546,2,0,1,2016,5,6,18,16,36.571
1547,2,0,1,2016,5,6,18,16,37.057
1548,2,0,1,2016,5,6,18,16,50.236
1549,2,0,1,2016,5,6,18,16,52.312
1550,2,0,1,2016,5,6,18,17,13.708
1551,2,0,1,2016,5,6,18,17,14.451
1552,2,0,1,2016,5,6,18,17,17.224
1553,2,0,1,2016,5,6,18,17,19.83
1554,2,0,1,2016,5,6,18,17,21.608
1555,2,0,1,2016,5,6,18,17,23.534
1556,2,0,1,2016,5,6,18,17,24.599
1557,2,0,1,2016,5,6,18,17,27.641
1558,2,0,1,2016,5,6,18,17,28.608
1559,2,0,1,2016,5,6,18,17,29.235
1560,2,0,1,2016,5,6,18,17,29.973
1561,2,0,1,2016,5,6,18,17,30.886
1562,2,0,1,2016,5,6,18,17,37.344
1563,2,0,1,2016,5,6,18,20,17.91
1564,2,0,1,2016,5,6,18,20,18.117
1565,2,0,1,2016,5,6,18,20,18.311
1566,2,0,1,2016,5,6,18,21,32.354
1567,2,0,1,2016,5,6,18,21,34.269
1568,2,0,1,2016,5,6,18,21,34.937
1569,2,0,1,2016,5,6,18,21,35.48
1570,2,0,1,2016,5,6,18,27,47.381
1571,1,0,1,2016,5,6,18,28,7.098
1572,1,0,1,2016,5,6,18,28,7.74
1573,1,0,1,2016,5,6,18,28,8.629
1574,1,0,1,2016,5,6,18,28,8.756
1575,1,0,1,2016,5,6,18,28,9.442
1576,2,0,1,2016,5,6,18,32,49.398
1577,2,0,1,2016,5,6,18,32,52.093
1578,2,0,1,2016,5,6,18,32,52.826
1579,2,0,1,2016,5,6,18,32,54.325
1580,2,0,1,2016,5,6,18,32,57.252
1581,2,0,1,2016,5,6,18,32,59.051
1582,2,0,1,2016,5,6,18,33,10.603
1583,2,0,1,2016,5,6,18,33,12.286
1584,2,0,1,2016,5,6,18,33,12.946
1585,2,0,1,2016,5,6,18,33,13.892
1586,2,0,1,2016,5,6,18,33,14.219
1587,2,0,1,2016,5,6,18,33,14.5
1588,2,0,1,2016,5,6,18,36,21.548
1589,2,0,1,2016,5,6,18,36,21.687
1590,2,0,1,2016,5,6,18,36,21.922
1591,2,0,1,2016,5,6,18,36,24.02
1592,2,0,1,2016,5,6,18,36,33.981
1593,2,0,1,2016,5,6,18,36,49.528
1594,2,0,1,2016,5,6,18,36,50.056
1595,2,0,1,2016,5,6,18,36,50.192
1596,2,0,1,2016,5,6,18,36,50.306
1597,2,0,1,2016,5,6,18,36,52.79
1598,2,0,1,2016,5,6,18,36,52.929
1599,2,0,1,2016,5,6,18,36,53.137
1600,2,0,1,2016,5,6,18,36,53.637
1601,2,0,1,2016,5,6,18,37,1.228
1602,2,0,1,2016,5,6,18,37,6
1603,2,0,1,2016,5,6,18,37,9.124
1604,2,0,1,2016,5,6,18,37,9.666
1605,2,0,1,2016,5,6,18,37,12.311
1606,2,0,1,2016,5,6,18,37,22.4
1607,2,0,1,2016,5,6,18,37,22.656
1608,1,0,1,2016,5,6,18,39,21.757
1609,1,0,1,2016,5,6,18,39,22.315
1610,1,0,1,2016,5,6,18,39,22.446
1611,1,0,1,2016,5,6,18,39,22.979
1612,1,0,1,2016,5,6,18,39,24.88
1613,2,0,1,2016,5,6,18,40,14.594
1614,2,0,1,2016,5,6,18,40,15.036
1615,2,0,1,2016,5,6,18,40,19.081
1616,2,0,1,2016,5,6,18,40,20.781
1617,2,0,1,2016,5,6,18,40,51.053
1618,2,0,1,2016,5,6,18,40,53.203
1619,2,0,1,2016,5,6,18,41,5.754
1620,2,0,1,2016,5,6,18,41,7.163
1621,2,0,1,2016,5,6,18,41,13.573
1622,2,0,1,2016,5,6,18,41,20.378
1623,2,0,1,2016,5,6,18,41,21.519
1624,2,0,1,2016,5,6,18,41,22.587
1625,2,0,1,2016,5,6,18,41,23.893
1626,2,0,1,2016,5,6,18,41,24.029
1627,2,0,1,2016,5,6,18,41,24.487
1628,2,0,1,2016,5,6,18,41,28.164
1629,2,0,1,2016,5,6,18,41,28.49
1630,2,0,1,2016,5,6,18,41,32.115
1631,2,0,1,2016,5,6,18,41,38.056
1632,2,0,1,2016,5,6,18,48,1.794
1633,2,0,1,2016,5,6,18,48,4.28
1634,2,0,1,2016,5,6,18,48,4.825
1635,2,0,1,2016,5,6,18,48,8.219
1636,2,0,1,2016,5,6,18,48,10.041
1637,2,0,1,2016,5,6,18,48,10.607
1638,2,0,1,2016,5,6,18,48,12.332
1639,2,0,1,2016,5,6,18,48,17.761
1640,2,0,1,2016,5,6,18,48,24.44
1641,2,0,1,2016,5,6,18,48,25.233
1642,2,0,1,2016,5,6,18,48,28.862
1643,2,0,1,2016,5,6,18,48,29.491
1644,2,0,1,2016,5,6,18,48,38.523
1645,2,0,1,2016,5,6,18,48,39.917
1646,2,0,1,2016,5,6,18,48,41.842
1647,2,0,1,2016,5,6,18,48,45.098
1648,2,0,1,2016,5,6,18,48,52.622
1649,2,0,1,2016,5,6,18,48,54.069
1650,2,0,1,2016,5,6,18,48,54.218
1651,2,0,1,2016,5,6,18,48,59.29
1652,2,0,1,2016,5,6,18,49,2.443
1653,2,0,1,2016,5,6,18,49,6.2
1654,2,0,1,2016,5,6,18,49,6.917
1655,2,0,1,2016,5,6,18,49,7.708
1656,2,0,1,2016,5,6,18,49,8.082
1657,2,0,1,2016,5,6,18,49,8.406
1658,2,0,1,2016,5,6,18,49,16.593
1659,2,0,1,2016,5,6,18,49,22.701
1660,2,0,1,2016,5,6,18,49,29.666
1661,2,0,1,2016,5,6,18,49,30.501
1662,2,0,1,2016,5,6,18,49,32.223
1663,2,0,1,2016,5,6,18,49,34.397
1664,2,0,1,2016,5,6,18,49,57.931
1665,2,0,1,2016,5,6,18,50,5.523
1666,2,0,1,2016,5,6,18,52,0.761
1667,2,0,1,2016,5,6,18,52,1.314
1668,2,0,1,2016,5,6,18,52,33.453
1669,2,0,1,2016,5,6,18,52,34.165
1670,2,0,1,2016,5,6,18,52,34.574
1671,2,0,1,2016,5,6,18,52,49.887
1672,2,0,1,2016,5,6,18,58,26.376
1673,2,0,1,2016,5,6,18,58,26.57
