Var1_ 1,Var1_ 2,Var1_ 3,Var1_ 4,Var1_ 5,Var1_ 6,Var1_ 7,Var1_ 8,Var1_ 9,Var1_10
0,0,0,0,2016,4,10,9,12,33.324
1,1,1,1,2016,4,10,9,19,34.197
2,1,0,1,2016,4,10,9,19,34.971
3,1,1,1,2016,4,10,9,19,39.934
4,1,0,1,2016,4,10,9,19,41.655
5,2,2,1,2016,4,10,9,22,2.881
6,1,1,1,2016,4,10,9,25,29.43
7,1,0,1,2016,4,10,9,25,30.208
8,1,1,1,2016,4,10,9,25,38.11
9,1,0,1,2016,4,10,9,25,38.861
10,1,0,1,2016,4,10,9,25,39.581
11,1,0,1,2016,4,10,9,25,40.512
12,1,1,1,2016,4,10,9,25,42.061
13,1,0,1,2016,4,10,9,25,42.76
14,1,0,1,2016,4,10,9,25,43.653
15,1,2,1,2016,4,10,9,25,45.378
16,1,0,1,2016,4,10,9,25,46.272
17,1,0,1,2016,4,10,9,25,48.104
18,1,1,1,2016,4,10,9,25,48.801
19,1,1,1,2016,4,10,9,26,15.115
20,1,1,1,2016,4,10,9,27,53.328
21,1,0,1,2016,4,10,9,27,53.891
22,1,0,1,2016,4,10,9,27,55.069
23,1,1,1,2016,4,10,9,28,5.795
24,1,0,1,2016,4,10,9,28,6.525
25,1,1,1,2016,4,10,9,28,10.553
26,1,0,1,2016,4,10,9,28,11.26
27,1,0,1,2016,4,10,9,28,12.28
28,1,1,1,2016,4,10,9,28,13.695
29,1,1,1,2016,4,10,9,29,34.368
30,1,2,1,2016,4,10,9,37,27.363
31,1,0,1,2016,4,10,9,37,28.12
32,1,0,1,2016,4,10,9,37,28.974
33,1,2,1,2016,4,10,9,37,30.688
34,1,0,1,2016,4,10,9,37,31.432
35,1,0,1,2016,4,10,9,37,32.277
36,1,0,1,2016,4,10,9,37,33.427
37,1,1,1,2016,4,10,9,37,36.798
38,1,2,1,2016,4,10,9,38,42.634
39,1,0,1,2016,4,10,9,38,43.454
40,1,0,1,2016,4,10,9,38,44.133
41,1,0,1,2016,4,10,9,38,44.767
42,1,2,1,2016,4,10,9,38,46.708
43,1,0,1,2016,4,10,9,38,47.808
44,1,0,1,2016,4,10,9,38,48.971
45,1,1,1,2016,4,10,9,38,49.725
46,1,2,1,2016,4,10,9,38,55.482
47,1,0,1,2016,4,10,9,38,56.359
48,1,0,1,2016,4,10,9,38,57.015
49,1,1,1,2016,4,10,9,38,58.601
50,1,0,1,2016,4,10,9,38,58.834
51,1,0,1,2016,4,10,9,38,59.401
52,1,0,1,2016,4,10,9,39,0.198
53,1,1,1,2016,4,10,9,39,10.085
54,1,0,1,2016,4,10,9,39,10.612
55,1,0,1,2016,4,10,9,39,11.091
56,1,0,1,2016,4,10,9,39,11.865
57,1,0,1,2016,4,10,9,39,12.677
58,1,1,1,2016,4,10,9,39,23.422
59,1,0,1,2016,4,10,9,39,26.061
60,1,1,1,2016,4,10,9,39,26.913
61,1,0,1,2016,4,10,9,39,27.702
62,1,0,1,2016,4,10,9,39,28.673
63,1,1,1,2016,4,10,9,41,8.103
64,2,2,1,2016,4,10,9,49,16.56
65,1,1,1,2016,4,10,9,53,26.191
66,1,0,1,2016,4,10,9,53,27.501
67,1,1,1,2016,4,10,9,59,41.491
68,1,2,1,2016,4,10,9,59,44.647
69,1,0,1,2016,4,10,9,59,45.328
70,1,0,1,2016,4,10,9,59,45.813
71,1,0,1,2016,4,10,9,59,47.225
72,1,2,1,2016,4,10,9,59,47.946
73,1,0,1,2016,4,10,9,59,48.934
74,1,0,1,2016,4,10,9,59,50.689
75,1,1,1,2016,4,10,9,59,51.723
76,1,2,1,2016,4,10,10,0,5.22
77,1,0,1,2016,4,10,10,0,5.936
78,1,0,1,2016,4,10,10,0,6.812
79,1,0,1,2016,4,10,10,0,7.866
80,1,1,1,2016,4,10,10,0,8.834
81,1,0,1,2016,4,10,10,0,9.714
82,1,1,1,2016,4,10,10,0,14.895
83,1,0,1,2016,4,10,10,0,15.843
84,1,0,1,2016,4,10,10,0,16.495
85,1,1,1,2016,4,10,10,0,17.867
86,2,2,1,2016,4,10,10,1,13.77
87,2,0,1,2016,4,10,10,1,16.04
88,1,1,1,2016,4,10,10,3,57.384
89,1,1,1,2016,4,10,10,5,12.157
90,1,2,1,2016,4,10,10,9,42.093
91,1,0,1,2016,4,10,10,9,43.271
92,1,0,1,2016,4,10,10,9,44.049
93,1,2,1,2016,4,10,10,9,45.093
94,1,0,1,2016,4,10,10,9,47.654
95,1,1,1,2016,4,10,10,9,48.99
96,1,0,1,2016,4,10,10,9,49.8
97,1,2,1,2016,4,10,10,9,56.679
98,1,0,1,2016,4,10,10,9,58.059
99,1,0,1,2016,4,10,10,9,58.756
100,1,1,1,2016,4,10,10,10,0.259
101,1,0,1,2016,4,10,10,10,1.48
102,1,1,1,2016,4,10,10,10,9.832
103,1,0,1,2016,4,10,10,10,11.516
104,1,0,1,2016,4,10,10,10,12.678
105,1,2,1,2016,4,10,10,10,14.733
106,1,0,1,2016,4,10,10,10,15.415
107,1,2,1,2016,4,10,10,10,26.018
108,1,0,1,2016,4,10,10,10,26.578
109,1,2,1,2016,4,10,10,10,39.29
110,1,2,1,2016,4,10,10,23,36.021
111,1,0,1,2016,4,10,10,23,36.857
112,1,0,1,2016,4,10,10,23,37.589
113,1,2,1,2016,4,10,10,27,51.955
114,2,2,1,2016,4,10,10,30,58.423
115,2,0,1,2016,4,10,10,30,59.196
116,1,2,1,2016,4,10,10,31,36.3
117,1,0,1,2016,4,10,10,31,38.732
118,1,2,1,2016,4,10,10,41,44.748
119,1,0,1,2016,4,10,10,41,46.312
120,1,2,1,2016,4,10,10,44,6.581
121,1,0,1,2016,4,10,10,44,7.59
122,1,0,1,2016,4,10,10,44,8.319
123,1,0,1,2016,4,10,10,44,9.369
124,1,2,1,2016,4,10,10,44,10.285
125,1,0,1,2016,4,10,10,44,11.273
126,1,0,1,2016,4,10,10,44,12.006
127,1,0,1,2016,4,10,10,44,12.294
128,1,0,1,2016,4,10,10,44,12.724
129,1,2,1,2016,4,10,10,44,13.592
130,1,0,1,2016,4,10,10,44,14.763
131,1,0,1,2016,4,10,10,44,15.477
132,1,2,1,2016,4,10,10,44,16.972
133,1,2,1,2016,4,10,10,44,22.24
134,1,2,1,2016,4,10,10,48,36.842
135,1,0,1,2016,4,10,10,48,38.132
136,1,0,1,2016,4,10,10,48,38.751
137,1,2,1,2016,4,10,10,49,23.59
138,1,0,1,2016,4,10,10,49,24.366
139,1,0,1,2016,4,10,10,49,27.53
140,1,0,1,2016,4,10,10,49,28.114
141,1,0,1,2016,4,10,10,49,29.24
142,1,0,1,2016,4,10,10,50,22.891
143,1,0,1,2016,4,10,10,50,23.649
144,1,0,1,2016,4,10,10,50,24.33
145,1,0,1,2016,4,10,10,50,25.299
146,1,0,1,2016,4,10,10,50,26.088
147,1,0,1,2016,4,10,10,50,29.194
148,1,0,1,2016,4,10,10,50,29.629
149,1,0,1,2016,4,10,10,50,30.212
150,1,0,1,2016,4,10,10,50,31.058
151,1,0,1,2016,4,10,10,50,32.556
152,1,0,1,2016,4,10,10,50,33.445
153,1,0,1,2016,4,10,10,50,34.205
154,1,0,1,2016,4,10,10,50,36.848
155,2,0,1,2016,4,10,10,50,50.861
156,2,0,1,2016,4,10,10,50,53.163
157,2,0,1,2016,4,10,10,50,53.236
158,2,0,1,2016,4,10,10,50,54.89
159,2,0,1,2016,4,10,10,50,55.976
160,2,0,1,2016,4,10,10,50,57.018
161,1,0,1,2016,4,10,10,58,36.601
162,1,0,1,2016,4,10,10,58,37.356
163,1,0,1,2016,4,10,10,58,38.057
164,1,0,1,2016,4,10,10,58,39.191
165,1,0,1,2016,4,10,10,58,40.236
166,1,0,1,2016,4,10,10,58,40.946
167,1,0,1,2016,4,10,10,58,42.233
168,1,0,1,2016,4,10,10,58,46.154
169,1,0,1,2016,4,10,10,58,47.265
170,1,0,1,2016,4,10,10,58,48.113
171,1,0,1,2016,4,10,10,58,48.908
172,1,0,1,2016,4,10,10,58,49.702
173,1,0,1,2016,4,10,10,58,51.356
174,1,0,1,2016,4,10,10,58,52.333
175,1,0,1,2016,4,10,10,58,53.123
176,1,0,1,2016,4,10,10,58,54.515
177,1,0,1,2016,4,10,10,58,55.517
178,1,0,1,2016,4,10,10,59,28.925
179,1,0,1,2016,4,10,10,59,29.689
180,1,0,1,2016,4,10,10,59,30.486
181,1,0,1,2016,4,10,10,59,31.2
182,1,0,1,2016,4,10,10,59,32.001
183,1,0,1,2016,4,10,10,59,33.202
184,1,0,1,2016,4,10,10,59,34.025
185,1,0,1,2016,4,10,10,59,39.454
186,1,0,1,2016,4,10,10,59,40.137
187,1,0,1,2016,4,10,11,2,8.108
188,1,0,1,2016,4,10,11,7,53.533
189,1,0,1,2016,4,10,11,7,54.228
190,1,0,1,2016,4,10,11,7,55.024
191,1,0,1,2016,4,10,11,7,55.636
192,1,0,1,2016,4,10,11,7,56.405
193,1,0,1,2016,4,10,11,7,57.572
194,1,0,1,2016,4,10,11,7,58.194
195,1,0,1,2016,4,10,11,7,58.953
196,1,0,1,2016,4,10,11,7,59.683
197,1,0,1,2016,4,10,11,8,0.445
198,1,0,1,2016,4,10,11,8,1.257
199,1,0,1,2016,4,10,11,8,4.075
200,1,0,1,2016,4,10,11,8,5.084
201,1,0,1,2016,4,10,11,8,5.823
202,1,0,1,2016,4,10,11,8,6.503
203,1,0,1,2016,4,10,11,8,7.256
204,1,0,1,2016,4,10,11,8,8.154
205,1,0,1,2016,4,10,11,8,9.661
206,1,0,1,2016,4,10,11,8,10.477
207,1,0,1,2016,4,10,11,8,11.466
208,1,0,1,2016,4,10,11,10,17.148
209,1,0,1,2016,4,10,11,15,11.118
210,1,0,1,2016,4,10,11,15,11.703
211,1,0,1,2016,4,10,11,15,12.601
212,1,0,1,2016,4,10,11,18,32.907
213,1,0,1,2016,4,10,11,18,33.491
214,1,0,1,2016,4,10,11,18,34.225
215,1,0,1,2016,4,10,11,18,49.628
216,1,0,1,2016,4,10,11,18,50.51
217,1,0,1,2016,4,10,11,18,51.978
218,1,0,1,2016,4,10,11,18,52.71
219,1,0,1,2016,4,10,11,18,53.238
220,1,0,1,2016,4,10,11,18,54.267
221,1,0,1,2016,4,10,11,18,54.999
222,1,0,1,2016,4,10,11,18,56.081
223,1,0,1,2016,4,10,11,18,56.67
224,1,0,1,2016,4,10,11,18,58.167
225,1,0,1,2016,4,10,11,18,59.037
226,1,0,1,2016,4,10,11,18,59.54
227,1,0,1,2016,4,10,11,19,0.921
228,1,0,1,2016,4,10,11,19,2.33
229,1,0,1,2016,4,10,11,20,38.678
230,1,0,1,2016,4,10,11,21,13.231
231,1,0,1,2016,4,10,11,21,14.023
232,1,0,1,2016,4,10,11,31,14.364
233,1,0,1,2016,4,10,11,31,15.188
234,1,0,1,2016,4,10,11,31,16.114
235,1,0,1,2016,4,10,11,31,17.048
236,1,0,1,2016,4,10,11,31,18.986
237,1,0,1,2016,4,10,11,31,19.881
238,1,0,1,2016,4,10,11,31,20.523
239,1,0,1,2016,4,10,11,31,21.358
240,1,0,1,2016,4,10,11,31,22.06
241,1,0,1,2016,4,10,11,31,25.315
242,1,0,1,2016,4,10,11,31,26.298
243,1,0,1,2016,4,10,11,31,28.025
244,1,0,1,2016,4,10,11,31,29.929
245,1,0,1,2016,4,10,11,46,58.219
246,1,0,1,2016,4,10,11,46,58.728
247,1,0,1,2016,4,10,11,46,59.879
248,1,0,1,2016,4,10,11,47,0.4
249,1,0,1,2016,4,10,11,57,59.196
250,1,0,1,2016,4,10,11,58,27.456
251,1,0,1,2016,4,10,12,1,2.728
252,1,0,1,2016,4,10,12,1,3.368
253,1,0,1,2016,4,10,12,1,4.393
254,1,0,1,2016,4,10,12,1,4.94
255,1,0,1,2016,4,10,12,1,5.514
256,1,0,1,2016,4,10,12,1,6.584
257,1,0,1,2016,4,10,12,5,42.127
258,1,0,1,2016,4,10,12,5,43.115
259,1,0,1,2016,4,10,12,5,44.061
260,1,0,1,2016,4,10,12,5,44.762
261,1,0,1,2016,4,10,12,5,45.599
262,1,0,1,2016,4,10,12,5,46.358
263,1,0,1,2016,4,10,12,6,57.421
264,1,0,1,2016,4,10,12,6,59.153
265,1,0,1,2016,4,10,12,7,0.085
266,1,0,1,2016,4,10,12,7,1.457
267,1,0,1,2016,4,10,12,7,2.024
268,1,0,1,2016,4,10,12,7,18.538
269,2,0,1,2016,4,10,12,22,8.635
270,2,0,1,2016,4,10,12,22,10.131
271,2,0,1,2016,4,10,12,27,21.105
272,2,0,1,2016,4,10,12,27,22.764
273,2,0,1,2016,4,10,12,27,23.935
274,2,0,1,2016,4,10,12,27,25.78
275,2,0,1,2016,4,10,12,27,27.345
276,2,0,1,2016,4,10,12,27,30.587
277,2,0,1,2016,4,10,12,27,31.787
278,2,0,1,2016,4,10,12,27,32.649
279,2,0,1,2016,4,10,12,27,33.58
280,2,0,1,2016,4,10,12,27,34.604
281,2,0,1,2016,4,10,12,27,34.766
282,2,0,1,2016,4,10,12,27,36.101
283,2,0,1,2016,4,10,12,27,37.193
284,2,0,1,2016,4,10,12,27,37.711
285,1,0,1,2016,4,10,12,28,43.111
286,1,0,1,2016,4,10,12,28,44.06
287,1,0,1,2016,4,10,12,28,45.514
288,1,0,1,2016,4,10,12,28,46.037
289,1,0,1,2016,4,10,12,28,46.894
290,1,0,1,2016,4,10,12,28,51.706
291,1,0,1,2016,4,10,12,28,52.655
292,1,0,1,2016,4,10,12,28,57.127
293,1,0,1,2016,4,10,12,28,59.07
294,1,0,1,2016,4,10,12,29,0.336
295,1,0,1,2016,4,10,12,29,5.028
296,1,0,1,2016,4,10,12,29,11.161
297,1,0,1,2016,4,10,12,29,11.897
298,1,0,1,2016,4,10,12,29,12.759
299,1,0,1,2016,4,10,12,29,13.805
300,1,0,1,2016,4,10,12,29,24.437
301,1,0,1,2016,4,10,12,29,25.034
302,1,0,1,2016,4,10,12,29,25.79
303,1,0,1,2016,4,10,12,29,26.828
304,1,0,1,2016,4,10,12,29,27.73
305,1,0,1,2016,4,10,12,29,28.712
306,1,0,1,2016,4,10,12,34,57.412
307,1,0,1,2016,4,10,12,34,58.167
308,1,0,1,2016,4,10,12,34,58.992
309,1,0,1,2016,4,10,12,34,59.769
310,1,0,1,2016,4,10,12,35,0.527
311,1,0,1,2016,4,10,12,35,2.487
312,1,0,1,2016,4,10,12,35,3.806
313,1,0,1,2016,4,10,12,35,4.541
314,1,0,1,2016,4,10,12,35,5.528
315,1,0,1,2016,4,10,12,35,6.342
316,1,0,1,2016,4,10,12,35,7.874
317,1,0,1,2016,4,10,12,35,8.607
318,1,0,1,2016,4,10,12,35,14.435
319,1,0,1,2016,4,10,12,35,15.172
320,1,0,1,2016,4,10,12,45,9.589
321,1,0,1,2016,4,10,12,45,11.25
322,2,0,1,2016,4,10,12,55,17.137
323,2,0,1,2016,4,10,12,55,19.213
324,1,0,1,2016,4,10,12,55,59.726
325,1,0,1,2016,4,10,12,56,0.407
326,1,0,1,2016,4,10,12,56,1.382
327,1,0,1,2016,4,10,12,56,2.023
328,1,0,1,2016,4,10,12,56,2.768
329,1,0,1,2016,4,10,12,56,5.59
330,1,0,1,2016,4,10,12,56,6.926
331,1,0,1,2016,4,10,12,59,30.084
332,1,0,1,2016,4,10,12,59,30.783
333,1,0,1,2016,4,10,12,59,31.408
334,1,0,1,2016,4,10,12,59,32.838
335,1,0,1,2016,4,10,12,59,33.766
336,1,0,1,2016,4,10,12,59,38.355
337,1,0,1,2016,4,10,13,0,0.31
338,1,0,1,2016,4,10,13,0,1.106
339,1,0,1,2016,4,10,13,0,1.574
340,1,0,1,2016,4,10,13,0,3.187
341,1,0,1,2016,4,10,13,0,3.762
342,1,0,1,2016,4,10,13,0,7.316
343,1,0,1,2016,4,10,13,0,8.022
344,1,0,1,2016,4,10,13,4,40.262
345,1,0,1,2016,4,10,13,4,40.596
346,1,0,1,2016,4,10,13,4,42.947
347,1,0,1,2016,4,10,13,24,57.097
348,1,0,1,2016,4,10,13,24,57.834
349,1,0,1,2016,4,10,13,24,58.806
350,1,0,1,2016,4,10,13,25,0.207
351,1,0,1,2016,4,10,13,25,1.268
352,1,0,1,2016,4,10,13,25,1.97
353,1,0,1,2016,4,10,13,25,2.942
354,1,0,1,2016,4,10,13,25,4.265
355,1,0,1,2016,4,10,13,25,5.277
356,1,0,1,2016,4,10,13,25,11.829
357,1,0,1,2016,4,10,13,25,12.922
358,1,0,1,2016,4,10,13,25,13.682
359,1,0,1,2016,4,10,13,25,14.356
360,1,0,1,2016,4,10,13,25,15.267
361,1,0,1,2016,4,10,13,25,16.552
362,1,0,1,2016,4,10,13,25,22.019
363,1,0,1,2016,4,10,13,25,23.129
364,1,0,1,2016,4,10,13,25,24.157
365,1,0,1,2016,4,10,13,25,43.946
366,1,0,1,2016,4,10,13,25,44.591
367,1,0,1,2016,4,10,13,25,45.285
368,1,0,1,2016,4,10,13,25,45.98
369,1,0,1,2016,4,10,13,25,49.418
370,1,0,1,2016,4,10,13,25,50.427
371,2,0,1,2016,4,10,13,27,5.275
372,2,0,1,2016,4,10,13,27,6.125
373,1,0,1,2016,4,10,13,27,51.916
374,1,0,1,2016,4,10,13,27,53.506
375,1,0,1,2016,4,10,13,27,54.449
376,1,0,1,2016,4,10,13,28,53.786
377,1,0,1,2016,4,10,13,28,54.444
378,2,0,1,2016,4,10,13,29,35.615
379,2,0,1,2016,4,10,13,29,36.427
380,2,0,1,2016,4,10,13,32,40.922
381,2,0,1,2016,4,10,13,32,46.548
382,2,0,1,2016,4,10,13,32,46.836
383,1,0,1,2016,4,10,13,46,40.884
384,1,0,1,2016,4,10,13,46,41.332
385,1,0,1,2016,4,10,13,46,42.476
386,1,0,1,2016,4,10,13,46,43.931
387,1,0,1,2016,4,10,13,46,44.824
388,1,0,1,2016,4,10,13,46,47.869
389,1,0,1,2016,4,10,13,46,48.723
390,1,0,1,2016,4,10,13,46,49.696
391,1,0,1,2016,4,10,13,46,50.745
392,1,0,1,2016,4,10,13,46,52.106
393,1,0,1,2016,4,10,13,46,54.41
394,1,0,1,2016,4,10,13,46,57.77
395,1,0,1,2016,4,10,13,46,58.867
396,1,0,1,2016,4,10,13,46,59.397
397,1,0,1,2016,4,10,13,47,0.3
398,1,0,1,2016,4,10,13,47,11.609
399,1,0,1,2016,4,10,13,47,12.179
400,1,0,1,2016,4,10,13,47,13.162
401,1,0,1,2016,4,10,13,47,13.865
402,1,0,1,2016,4,10,13,47,14.988
403,1,0,1,2016,4,10,13,47,17.934
404,1,0,1,2016,4,10,13,47,18.7
405,1,0,1,2016,4,10,13,47,25.187
406,1,0,1,2016,4,10,13,47,25.83
407,1,0,1,2016,4,10,13,47,26.503
408,1,0,1,2016,4,10,13,59,0.313
409,1,0,1,2016,4,10,13,59,0.986
410,1,0,1,2016,4,10,13,59,1.609
411,1,0,1,2016,4,10,13,59,4.344
412,1,0,1,2016,4,10,13,59,5.106
413,1,0,1,2016,4,10,13,59,7.204
414,1,0,1,2016,4,10,13,59,7.884
415,1,0,1,2016,4,10,13,59,8.808
416,1,0,1,2016,4,10,13,59,9.743
417,1,0,1,2016,4,10,13,59,10.764
418,1,0,1,2016,4,10,14,3,39.722
419,1,0,1,2016,4,10,14,3,40.309
420,2,0,1,2016,4,10,14,3,53.47
421,2,0,1,2016,4,10,14,3,53.531
422,2,0,1,2016,4,10,14,3,53.923
423,2,0,1,2016,4,10,14,6,12.687
424,2,0,1,2016,4,10,14,12,8.984
425,2,0,1,2016,4,10,14,16,40.462
426,1,0,1,2016,4,10,14,17,56.826
427,1,0,1,2016,4,10,14,17,57.542
428,1,0,1,2016,4,10,14,17,58.568
429,1,0,1,2016,4,10,14,18,0.061
430,1,0,1,2016,4,10,14,21,25.686
431,1,0,1,2016,4,10,14,21,27.312
432,1,0,1,2016,4,10,14,21,28.068
433,1,0,1,2016,4,10,14,21,29.333
434,1,0,1,2016,4,10,14,21,30.181
435,1,0,1,2016,4,10,14,21,31.252
436,1,0,1,2016,4,10,14,21,31.967
437,1,0,1,2016,4,10,14,21,34.767
438,1,0,1,2016,4,10,14,21,35.499
439,1,0,1,2016,4,10,14,21,36.374
440,1,0,1,2016,4,10,14,21,39.284
441,1,0,1,2016,4,10,14,21,40.649
442,1,0,1,2016,4,10,14,21,41.581
443,2,0,1,2016,4,10,14,29,22.413
444,2,0,1,2016,4,10,14,29,24.685
445,2,0,1,2016,4,10,14,29,24.798
446,2,0,1,2016,4,10,14,29,24.85
447,2,0,1,2016,4,10,14,29,24.967
448,2,0,1,2016,4,10,14,29,25.025
449,2,0,1,2016,4,10,14,29,25.159
450,1,0,1,2016,4,10,14,33,8.719
451,1,0,1,2016,4,10,14,33,9.435
452,1,0,1,2016,4,10,14,33,10.332
453,1,0,1,2016,4,10,14,33,11.383
454,1,0,1,2016,4,10,14,33,11.887
455,1,0,1,2016,4,10,14,33,12.72
456,1,0,1,2016,4,10,14,33,13.482
457,1,0,1,2016,4,10,14,33,14.737
458,1,0,1,2016,4,10,14,35,2.706
459,1,0,1,2016,4,10,14,39,26.043
460,1,0,1,2016,4,10,14,39,26.16
461,1,0,1,2016,4,10,14,54,39.336
462,1,0,1,2016,4,10,14,54,39.879
463,1,0,1,2016,4,10,14,57,51.566
464,1,0,1,2016,4,10,14,57,52.096
465,1,0,1,2016,4,10,14,57,53.198
466,1,0,1,2016,4,10,14,57,54.769
467,1,0,1,2016,4,10,14,57,55.468
468,2,0,1,2016,4,10,15,1,28.521
469,1,0,1,2016,4,10,15,1,59.2
470,1,0,1,2016,4,10,15,1,59.742
471,1,0,1,2016,4,10,15,12,30.951
472,1,0,1,2016,4,10,15,12,32.582
473,1,0,1,2016,4,10,15,12,36.987
474,1,0,1,2016,4,10,15,12,37.591
475,1,0,1,2016,4,10,15,14,4.291
476,1,0,1,2016,4,10,15,14,4.917
477,1,0,1,2016,4,10,15,14,5.671
478,1,0,1,2016,4,10,15,14,6.415
479,1,0,1,2016,4,10,15,14,7.911
480,1,0,1,2016,4,10,15,14,8.917
481,1,0,1,2016,4,10,15,14,11.033
482,1,0,1,2016,4,10,15,14,12.488
483,1,0,1,2016,4,10,15,14,13.401
484,1,0,1,2016,4,10,15,14,14.079
485,1,0,1,2016,4,10,15,14,17.433
486,1,0,1,2016,4,10,15,14,20.991
487,1,0,1,2016,4,10,15,14,21.739
488,1,0,1,2016,4,10,15,14,51.016
489,1,0,1,2016,4,10,15,14,52.01
490,1,0,1,2016,4,10,15,14,52.883
491,1,0,1,2016,4,10,15,14,53.583
492,1,0,1,2016,4,10,15,15,2.418
493,1,0,1,2016,4,10,15,15,3.404
494,1,0,1,2016,4,10,15,15,4.037
495,1,0,1,2016,4,10,15,15,5.904
496,1,0,1,2016,4,10,15,15,6.797
497,1,0,1,2016,4,10,15,15,7.27
498,1,0,1,2016,4,10,15,15,10.011
499,1,0,1,2016,4,10,15,15,11.467
500,1,0,1,2016,4,10,15,15,27.716
501,1,0,1,2016,4,10,15,15,28.976
502,1,0,1,2016,4,10,15,15,30.345
503,1,0,1,2016,4,10,15,15,35.274
504,1,0,1,2016,4,10,15,15,36.094
505,1,0,1,2016,4,10,15,15,37.056
506,1,0,1,2016,4,10,15,15,39.663
507,1,0,1,2016,4,10,15,15,48.431
508,1,0,1,2016,4,10,15,15,49.998
509,1,0,1,2016,4,10,15,15,51.995
510,1,0,1,2016,4,10,15,15,54.812
511,2,0,1,2016,4,10,15,16,30.07
512,2,0,1,2016,4,10,15,16,32.339
513,2,0,1,2016,4,10,15,16,32.653
514,2,0,1,2016,4,10,15,16,32.764
515,1,0,1,2016,4,10,15,17,2.962
516,1,0,1,2016,4,10,15,17,4.03
517,2,0,1,2016,4,10,15,23,38.493
518,2,0,1,2016,4,10,15,23,44.438
519,2,0,1,2016,4,10,15,23,44.961
520,2,0,1,2016,4,10,15,23,45.139
521,1,0,1,2016,4,10,15,23,56.494
522,1,0,1,2016,4,10,15,23,57.197
523,2,0,1,2016,4,10,15,24,46.135
524,2,0,1,2016,4,10,15,24,46.404
525,2,0,1,2016,4,10,15,24,46.714
526,2,0,1,2016,4,10,15,25,2.754
527,1,0,1,2016,4,10,15,25,33.266
528,1,0,1,2016,4,10,15,25,33.915
529,1,0,1,2016,4,10,15,25,34.815
530,2,0,1,2016,4,10,15,25,52.396
531,2,0,1,2016,4,10,15,25,55.015
532,2,0,1,2016,4,10,15,25,55.083
533,2,0,1,2016,4,10,15,33,22.239
534,2,0,1,2016,4,10,15,33,22.297
535,2,0,1,2016,4,10,15,33,42.521
536,1,0,1,2016,4,10,15,34,3.293
537,1,0,1,2016,4,10,15,39,14.182
538,1,0,1,2016,4,10,15,39,15.018
539,1,0,1,2016,4,10,15,39,15.76
540,1,0,1,2016,4,10,15,39,17.191
541,1,0,1,2016,4,10,15,39,18.102
542,1,0,1,2016,4,10,15,39,18.803
543,1,0,1,2016,4,10,15,39,19.824
544,1,0,1,2016,4,10,15,39,21.771
545,1,0,1,2016,4,10,15,39,22.685
546,1,0,1,2016,4,10,15,39,26.003
547,1,0,1,2016,4,10,15,39,27.938
548,2,0,1,2016,4,10,15,39,32.401
549,2,0,1,2016,4,10,15,39,32.927
550,1,0,1,2016,4,10,15,39,55.266
551,1,0,1,2016,4,10,15,39,56.002
552,1,0,1,2016,4,10,15,39,56.837
553,1,0,1,2016,4,10,15,39,57.482
554,2,0,1,2016,4,10,15,48,15.633
555,2,0,1,2016,4,10,15,48,53.954
556,1,0,1,2016,4,10,16,5,39.887
557,2,0,1,2016,4,10,16,6,39.684
558,2,0,1,2016,4,10,16,6,45.453
559,2,0,1,2016,4,10,16,6,50.476
560,2,0,1,2016,4,10,16,6,56.641
561,2,0,1,2016,4,10,16,6,58.392
562,2,0,1,2016,4,10,16,7,9.146
563,2,0,1,2016,4,10,16,7,9.227
564,2,0,1,2016,4,10,16,7,15.942
565,2,0,1,2016,4,10,16,7,16.523
566,2,0,1,2016,4,10,16,7,16.638
567,2,0,1,2016,4,10,16,7,23.571
568,2,0,1,2016,4,10,16,7,31.573
569,2,0,1,2016,4,10,16,7,33.393
570,2,0,1,2016,4,10,16,7,34.008
571,2,0,1,2016,4,10,16,7,34.765
572,1,0,1,2016,4,10,16,11,22.89
573,1,0,1,2016,4,10,16,11,23.646
574,1,0,1,2016,4,10,16,11,24.346
575,1,0,1,2016,4,10,16,11,25.858
576,1,0,1,2016,4,10,16,11,26.928
577,1,0,1,2016,4,10,16,11,27.61
578,1,0,1,2016,4,10,16,12,50.529
579,1,0,1,2016,4,10,16,12,51.132
580,1,0,1,2016,4,10,16,12,51.75
581,1,0,1,2016,4,10,16,12,57.961
582,1,0,1,2016,4,10,16,12,58.717
583,1,0,1,2016,4,10,16,12,59.358
584,1,0,1,2016,4,10,16,12,59.999
585,1,0,1,2016,4,10,16,13,0.626
586,1,0,1,2016,4,10,16,14,10.583
587,1,0,1,2016,4,10,16,14,11.16
588,1,0,1,2016,4,10,16,14,11.977
589,1,0,1,2016,4,10,16,15,9.596
590,1,0,1,2016,4,10,16,15,10.384
591,1,0,1,2016,4,10,16,19,33.451
592,1,0,1,2016,4,10,16,19,34.3
593,1,0,1,2016,4,10,16,19,35.552
594,1,0,1,2016,4,10,16,19,36.468
595,1,0,1,2016,4,10,16,19,37.845
596,1,0,1,2016,4,10,16,19,38.703
597,1,0,1,2016,4,10,16,19,40.78
598,1,0,1,2016,4,10,16,19,41.614
599,1,0,1,2016,4,10,16,19,45.17
600,1,0,1,2016,4,10,16,19,46.256
601,1,0,1,2016,4,10,16,19,47.226
602,1,0,1,2016,4,10,16,19,48.019
603,1,0,1,2016,4,10,16,19,48.52
604,1,0,1,2016,4,10,16,19,49.241
605,1,0,1,2016,4,10,16,19,49.858
606,1,0,1,2016,4,10,16,25,26.989
607,1,0,1,2016,4,10,16,25,27.109
608,1,0,1,2016,4,10,16,30,42.792
609,1,0,1,2016,4,10,16,30,55.879
610,1,0,1,2016,4,10,16,30,55.955
611,1,0,1,2016,4,10,16,34,19.561
612,1,0,1,2016,4,10,16,34,20.397
613,1,0,1,2016,4,10,16,34,21.113
614,1,0,1,2016,4,10,16,34,22.471
615,1,0,1,2016,4,10,16,34,24.018
616,1,0,1,2016,4,10,16,34,25.186
617,1,0,1,2016,4,10,16,34,26.097
618,1,0,1,2016,4,10,16,34,26.761
619,1,0,1,2016,4,10,16,34,29.677
620,1,0,1,2016,4,10,16,34,30.39
621,1,0,1,2016,4,10,16,34,31.095
622,1,0,1,2016,4,10,16,34,38.427
623,1,0,1,2016,4,10,16,34,39.107
624,1,0,1,2016,4,10,16,34,39.947
625,1,0,1,2016,4,10,16,34,40.949
626,1,0,1,2016,4,10,16,34,41.764
627,1,0,1,2016,4,10,16,34,43.052
628,1,0,1,2016,4,10,16,35,3.676
629,1,0,1,2016,4,10,16,35,4.414
630,1,0,1,2016,4,10,16,35,5.809
631,1,0,1,2016,4,10,16,35,6.445
632,1,0,1,2016,4,10,16,35,7.57
633,1,0,1,2016,4,10,16,39,23.927
634,1,0,1,2016,4,10,16,41,18.021
635,1,0,1,2016,4,10,16,41,18.797
636,1,0,1,2016,4,10,16,41,19.381
637,1,0,1,2016,4,10,16,44,47.493
638,1,0,1,2016,4,10,16,46,52.576
639,1,0,1,2016,4,10,16,46,54.531
640,1,0,1,2016,4,10,16,46,55.351
641,1,0,1,2016,4,10,16,46,58.312
642,1,0,1,2016,4,10,16,46,59.362
643,1,0,1,2016,4,10,16,47,0.082
644,1,0,1,2016,4,10,16,52,22.244
645,1,0,1,2016,4,10,16,52,22.862
646,1,0,1,2016,4,10,16,52,23.502
647,1,0,1,2016,4,10,16,52,24.123
648,1,0,1,2016,4,10,16,52,24.826
649,1,0,1,2016,4,10,16,52,25.618
650,1,0,1,2016,4,10,16,52,26.206
651,1,0,1,2016,4,10,16,52,28.878
652,1,0,1,2016,4,10,16,52,30.329
653,2,0,1,2016,4,10,16,52,57.91
654,2,0,1,2016,4,10,16,53,12.366
655,1,0,1,2016,4,10,16,59,11.47
656,1,0,1,2016,4,10,16,59,36.682
657,1,0,1,2016,4,10,16,59,37.859
658,1,0,1,2016,4,10,16,59,39.958
659,1,0,1,2016,4,10,16,59,40.152
660,1,0,1,2016,4,10,16,59,40.446
661,1,0,1,2016,4,10,16,59,59.59
662,1,0,1,2016,4,10,17,0,1.125
663,1,0,1,2016,4,10,17,0,1.276
664,1,0,1,2016,4,10,17,0,5.438
665,1,0,1,2016,4,10,17,0,12.064
666,1,0,1,2016,4,10,17,0,17.425
667,1,0,1,2016,4,10,17,0,40.24
668,1,0,1,2016,4,10,17,0,41.8
669,1,0,1,2016,4,10,17,0,49.233
670,2,0,1,2016,4,10,17,4,48.839
671,1,0,1,2016,4,10,17,6,14.148
672,1,0,1,2016,4,10,17,8,19.512
673,1,0,1,2016,4,10,17,8,20.234
674,1,0,1,2016,4,10,17,8,20.585
675,1,0,1,2016,4,10,17,8,49.601
676,1,0,1,2016,4,10,17,8,59.331
677,1,0,1,2016,4,10,17,12,35.185
678,1,0,1,2016,4,10,17,12,57.129
679,1,0,1,2016,4,10,17,12,59.284
680,1,0,1,2016,4,10,17,14,8.626
681,1,0,1,2016,4,10,17,14,46.392
682,2,0,1,2016,4,10,17,26,38.844
683,1,0,1,2016,4,10,17,31,49.561
684,1,0,1,2016,4,10,17,31,50.118
685,1,0,1,2016,4,10,17,31,57.225
686,1,0,1,2016,4,10,17,31,57.315
687,1,0,1,2016,4,10,17,32,55.212
688,1,0,1,2016,4,10,17,52,31.795
689,1,0,1,2016,4,10,17,52,33.156
690,1,0,1,2016,4,10,17,52,33.894
691,1,0,1,2016,4,10,17,52,35.704
692,1,0,1,2016,4,10,17,52,36.593
693,1,0,1,2016,4,10,17,52,37.377
694,1,0,1,2016,4,10,17,52,38.534
695,1,0,1,2016,4,10,17,52,44.708
696,1,0,1,2016,4,10,17,52,45.412
697,1,0,1,2016,4,10,17,52,46.628
698,1,0,1,2016,4,10,17,52,48.088
699,1,0,1,2016,4,10,17,52,50.997
700,1,0,1,2016,4,10,17,52,51.76
701,2,0,1,2016,4,10,17,53,7.253
702,2,0,1,2016,4,10,17,53,7.918
703,1,0,1,2016,4,10,18,5,19.974
704,1,0,1,2016,4,10,18,5,22.46
705,1,0,1,2016,4,10,18,5,23.529
706,1,0,1,2016,4,10,18,5,23.66
707,1,0,1,2016,4,10,18,5,26.169
