Var1_ 1,Var1_ 2,Var1_ 3,Var1_ 4,Var1_ 5,Var1_ 6,Var1_ 7,Var1_ 8,Var1_ 9,Var1_10
0,0,0,0,2016,5,8,10,52,45.263
1,1,1,1,2016,5,8,10,54,22.062
2,1,0,1,2016,5,8,10,54,22.548
3,1,1,1,2016,5,8,10,56,46.416
4,1,0,1,2016,5,8,10,56,46.806
5,1,1,1,2016,5,8,10,57,20.518
6,1,2,1,2016,5,8,10,58,2.547
7,1,1,1,2016,5,8,11,4,33.586
8,1,1,1,2016,5,8,11,6,17.595
9,1,1,1,2016,5,8,11,7,50.492
10,2,2,1,2016,5,8,11,8,37.572
11,2,2,1,2016,5,8,11,8,58.844
12,2,2,1,2016,5,8,11,9,23.629
13,2,2,1,2016,5,8,11,9,33.13
14,2,2,1,2016,5,8,11,9,56.841
15,2,2,1,2016,5,8,11,10,1.918
16,2,2,1,2016,5,8,11,10,17.377
17,2,0,1,2016,5,8,11,10,17.649
18,2,1,1,2016,5,8,11,10,25.416
19,2,0,1,2016,5,8,11,10,26.021
20,2,0,1,2016,5,8,11,10,26.108
21,2,0,1,2016,5,8,11,10,27.056
22,2,0,1,2016,5,8,11,10,27.121
23,2,0,1,2016,5,8,11,10,27.91
24,2,2,1,2016,5,8,11,10,28.962
25,2,0,1,2016,5,8,11,10,29.441
26,2,2,1,2016,5,8,11,10,38.469
27,2,0,1,2016,5,8,11,10,39.128
28,2,2,1,2016,5,8,11,10,52.912
29,2,1,1,2016,5,8,11,11,2.007
30,2,2,1,2016,5,8,11,11,5.547
31,2,1,1,2016,5,8,11,11,16.561
32,2,0,1,2016,5,8,11,11,16.905
33,2,2,1,2016,5,8,11,12,11.975
34,2,1,1,2016,5,8,11,12,32.164
35,2,0,1,2016,5,8,11,12,32.279
36,2,2,1,2016,5,8,11,12,41.113
37,2,2,1,2016,5,8,11,12,54.873
38,2,2,1,2016,5,8,11,13,5
39,1,1,1,2016,5,8,11,14,27.38
40,1,0,1,2016,5,8,11,14,27.559
41,1,1,1,2016,5,8,11,14,36.402
42,2,2,1,2016,5,8,11,14,49.316
43,2,0,1,2016,5,8,11,14,49.359
44,2,1,1,2016,5,8,11,14,59.866
45,2,0,1,2016,5,8,11,15,1.02
46,2,0,1,2016,5,8,11,15,2.22
47,2,2,1,2016,5,8,11,15,3.951
48,2,0,1,2016,5,8,11,15,4.358
49,2,1,1,2016,5,8,11,15,15.066
50,2,0,1,2016,5,8,11,15,15.131
51,2,0,1,2016,5,8,11,15,16.64
52,2,0,1,2016,5,8,11,15,16.833
53,2,0,1,2016,5,8,11,15,16.967
54,2,2,1,2016,5,8,11,15,18.42
55,2,2,1,2016,5,8,11,15,25.998
56,2,2,1,2016,5,8,11,16,7.783
57,2,0,1,2016,5,8,11,16,7.893
58,2,0,1,2016,5,8,11,16,8.109
59,2,2,1,2016,5,8,11,16,32.625
60,1,1,1,2016,5,8,11,21,32.792
61,1,0,1,2016,5,8,11,21,33.351
62,1,1,1,2016,5,8,11,21,37.343
63,1,0,1,2016,5,8,11,21,37.814
64,1,1,1,2016,5,8,11,22,24.238
65,1,0,1,2016,5,8,11,22,25.109
66,1,0,1,2016,5,8,11,22,26.557
67,1,1,1,2016,5,8,11,22,29.317
68,1,0,1,2016,5,8,11,22,30.25
69,1,0,1,2016,5,8,11,22,31.901
70,1,1,1,2016,5,8,11,23,5.003
71,1,1,1,2016,5,8,11,24,23.973
72,1,0,1,2016,5,8,11,24,24.473
73,1,1,1,2016,5,8,11,24,27.947
74,1,0,1,2016,5,8,11,24,28.758
75,1,1,1,2016,5,8,11,24,32.02
76,1,0,1,2016,5,8,11,24,32.68
77,1,0,1,2016,5,8,11,24,33.635
78,1,1,1,2016,5,8,11,25,26.311
79,1,0,1,2016,5,8,11,25,26.406
80,1,0,1,2016,5,8,11,25,27.102
81,1,1,1,2016,5,8,11,25,30.078
82,1,0,1,2016,5,8,11,25,30.52
83,1,0,1,2016,5,8,11,25,31.004
84,1,0,1,2016,5,8,11,25,31.959
85,1,0,1,2016,5,8,11,25,32.75
86,2,2,1,2016,5,8,11,25,42.122
87,2,2,1,2016,5,8,11,26,43.104
88,2,2,1,2016,5,8,11,26,58.54
89,2,1,1,2016,5,8,11,27,8.883
90,2,0,1,2016,5,8,11,27,9.289
91,2,0,1,2016,5,8,11,27,10.415
92,2,2,1,2016,5,8,11,27,11.774
93,2,2,1,2016,5,8,11,27,22.724
94,2,2,1,2016,5,8,11,27,51.883
95,2,0,1,2016,5,8,11,27,51.997
96,2,2,1,2016,5,8,11,30,2.472
97,2,2,1,2016,5,8,11,30,16.72
98,2,1,1,2016,5,8,11,30,30.174
99,2,0,1,2016,5,8,11,30,32.098
100,2,0,1,2016,5,8,11,30,33.03
101,2,1,1,2016,5,8,11,30,34.062
102,2,1,1,2016,5,8,11,30,46.138
103,2,0,1,2016,5,8,11,30,46.951
104,2,0,1,2016,5,8,11,30,47.219
105,2,0,1,2016,5,8,11,30,48.226
106,2,0,1,2016,5,8,11,30,48.378
107,2,1,1,2016,5,8,11,30,51.45
108,2,0,1,2016,5,8,11,30,51.602
109,2,1,1,2016,5,8,11,31,11.503
110,2,0,1,2016,5,8,11,31,14.36
111,2,0,1,2016,5,8,11,31,16.885
112,2,0,1,2016,5,8,11,31,16.948
113,2,0,1,2016,5,8,11,31,17.135
114,2,0,1,2016,5,8,11,31,17.565
115,2,0,1,2016,5,8,11,31,24.448
116,2,0,1,2016,5,8,11,31,24.488
117,2,0,1,2016,5,8,11,31,26.08
118,2,0,1,2016,5,8,11,31,27.262
119,2,0,1,2016,5,8,11,31,27.826
120,2,0,1,2016,5,8,11,31,27.95
121,2,0,1,2016,5,8,11,31,28.219
122,2,0,1,2016,5,8,11,31,29.591
123,2,0,1,2016,5,8,11,31,30.663
124,1,0,1,2016,5,8,11,32,51.954
125,1,0,1,2016,5,8,11,32,53.272
126,2,0,1,2016,5,8,11,36,16.302
127,2,0,1,2016,5,8,11,36,18.718
128,2,0,1,2016,5,8,11,36,19.025
129,2,0,1,2016,5,8,11,37,0.976
130,2,0,1,2016,5,8,11,37,1.035
131,2,0,1,2016,5,8,11,37,2.778
132,2,0,1,2016,5,8,11,39,51.59
133,2,0,1,2016,5,8,11,39,52.602
134,2,0,1,2016,5,8,11,39,53.277
135,2,0,1,2016,5,8,11,39,58.872
136,1,0,1,2016,5,8,11,40,7.091
137,1,0,1,2016,5,8,11,40,7.648
138,1,0,1,2016,5,8,11,40,8.901
139,1,0,1,2016,5,8,11,40,9.536
140,1,0,1,2016,5,8,11,40,10.839
141,1,0,1,2016,5,8,11,40,11.084
142,1,0,1,2016,5,8,11,40,11.611
143,2,0,1,2016,5,8,11,40,17.054
144,2,0,1,2016,5,8,11,40,17.227
145,2,0,1,2016,5,8,11,40,17.727
146,2,0,1,2016,5,8,11,40,18.239
147,2,0,1,2016,5,8,11,40,18.446
148,1,0,1,2016,5,8,11,40,23.821
149,1,0,1,2016,5,8,11,40,24.324
150,1,0,1,2016,5,8,11,40,24.403
151,1,0,1,2016,5,8,11,40,28.377
152,2,0,1,2016,5,8,11,40,36.325
153,2,0,1,2016,5,8,11,40,36.439
154,2,0,1,2016,5,8,11,40,37.741
155,2,0,1,2016,5,8,11,40,38.047
156,2,0,1,2016,5,8,11,40,52.835
157,1,0,1,2016,5,8,11,41,27.109
158,1,0,1,2016,5,8,11,41,28.728
159,1,0,1,2016,5,8,11,41,29.252
160,1,0,1,2016,5,8,11,41,30.015
161,1,0,1,2016,5,8,11,41,30.869
162,1,0,1,2016,5,8,11,41,31.295
163,1,0,1,2016,5,8,11,41,31.873
164,1,0,1,2016,5,8,11,41,34.591
165,1,0,1,2016,5,8,11,41,37.554
166,1,0,1,2016,5,8,11,41,38.217
167,1,0,1,2016,5,8,11,41,41.698
168,1,0,1,2016,5,8,11,41,42.33
169,1,0,1,2016,5,8,11,41,43.217
170,1,0,1,2016,5,8,11,41,47.339
171,1,0,1,2016,5,8,11,41,48.083
172,1,0,1,2016,5,8,11,41,48.99
173,1,0,1,2016,5,8,11,41,51.856
174,1,0,1,2016,5,8,11,41,52.39
175,1,0,1,2016,5,8,11,41,53.258
176,1,0,1,2016,5,8,11,41,54.556
177,2,0,1,2016,5,8,11,42,30.766
178,2,0,1,2016,5,8,11,42,31.858
179,1,0,1,2016,5,8,11,43,15.687
180,1,0,1,2016,5,8,11,43,16.642
181,1,0,1,2016,5,8,11,43,17.283
182,1,0,1,2016,5,8,11,43,18.037
183,1,0,1,2016,5,8,11,43,18.7
184,1,0,1,2016,5,8,11,46,15.603
185,1,0,1,2016,5,8,11,46,16.395
186,1,0,1,2016,5,8,11,46,16.551
187,1,0,1,2016,5,8,11,46,17.509
188,1,0,1,2016,5,8,11,47,11.074
189,1,0,1,2016,5,8,11,47,11.735
190,1,0,1,2016,5,8,11,47,12.334
191,1,0,1,2016,5,8,11,47,13.284
192,1,0,1,2016,5,8,11,47,13.994
193,1,0,1,2016,5,8,11,47,39.341
194,1,0,1,2016,5,8,11,47,40.286
195,1,0,1,2016,5,8,11,47,42.52
196,1,0,1,2016,5,8,11,47,42.631
197,1,0,1,2016,5,8,11,47,59.281
198,1,0,1,2016,5,8,11,47,59.448
199,1,0,1,2016,5,8,11,48,10.195
200,1,0,1,2016,5,8,11,48,10.748
201,1,0,1,2016,5,8,11,48,10.929
202,1,0,1,2016,5,8,11,48,14.846
203,1,0,1,2016,5,8,11,48,15.529
204,1,0,1,2016,5,8,11,48,16.204
205,1,0,1,2016,5,8,11,48,18.788
206,1,0,1,2016,5,8,11,48,19.082
207,1,0,1,2016,5,8,11,48,19.621
208,1,0,1,2016,5,8,11,48,20.394
209,1,0,1,2016,5,8,11,48,42.867
210,1,0,1,2016,5,8,11,48,43.896
211,1,0,1,2016,5,8,11,48,45.032
212,1,0,1,2016,5,8,11,50,0.845
213,1,0,1,2016,5,8,11,50,1.373
214,1,0,1,2016,5,8,11,50,1.929
215,2,0,1,2016,5,8,11,50,7.722
216,1,0,1,2016,5,8,11,50,53.818
217,1,0,1,2016,5,8,11,50,55.559
218,1,0,1,2016,5,8,11,50,58.428
219,1,0,1,2016,5,8,11,50,59.359
220,1,0,1,2016,5,8,11,50,59.652
221,1,0,1,2016,5,8,11,52,18.389
222,1,0,1,2016,5,8,11,52,18.597
223,1,0,1,2016,5,8,11,52,19.121
224,1,0,1,2016,5,8,11,52,19.65
225,1,0,1,2016,5,8,11,52,20.247
226,1,0,1,2016,5,8,11,52,22.754
227,1,0,1,2016,5,8,11,52,23.457
228,1,0,1,2016,5,8,11,52,25.712
229,1,0,1,2016,5,8,11,52,26.641
230,1,0,1,2016,5,8,11,52,29.335
231,1,0,1,2016,5,8,11,52,30.05
232,1,0,1,2016,5,8,11,52,52.032
233,1,0,1,2016,5,8,11,52,52.096
234,1,0,1,2016,5,8,11,52,52.592
235,1,0,1,2016,5,8,11,52,52.672
236,1,0,1,2016,5,8,11,52,53.644
237,1,0,1,2016,5,8,11,52,54.277
238,1,0,1,2016,5,8,11,53,7.052
239,1,0,1,2016,5,8,11,53,7.148
240,1,0,1,2016,5,8,11,53,8.715
241,1,0,1,2016,5,8,11,53,8.773
242,1,0,1,2016,5,8,11,53,9.92
243,1,0,1,2016,5,8,11,53,10.363
244,1,0,1,2016,5,8,11,53,40.456
245,1,0,1,2016,5,8,11,53,44.667
246,1,0,1,2016,5,8,11,55,27.918
247,1,0,1,2016,5,8,11,55,28.356
248,1,0,1,2016,5,8,11,55,28.803
249,1,0,1,2016,5,8,11,55,29.326
250,1,0,1,2016,5,8,11,55,58.125
251,2,0,1,2016,5,8,11,57,57.412
252,2,0,1,2016,5,8,11,57,59.233
253,2,0,1,2016,5,8,11,58,0.086
254,1,0,1,2016,5,8,11,58,30.745
255,1,0,1,2016,5,8,11,58,44.694
256,1,0,1,2016,5,8,11,58,45.411
257,1,0,1,2016,5,8,11,58,47.081
258,1,0,1,2016,5,8,11,59,44.755
259,1,0,1,2016,5,8,12,0,1.166
260,1,0,1,2016,5,8,12,0,20.053
261,1,0,1,2016,5,8,12,0,21.289
262,1,0,1,2016,5,8,12,0,23.014
263,1,0,1,2016,5,8,12,0,28.894
264,2,0,1,2016,5,8,12,2,5.159
265,2,0,1,2016,5,8,12,2,6.187
266,2,0,1,2016,5,8,12,2,6.339
267,2,0,1,2016,5,8,12,2,8.418
268,2,0,1,2016,5,8,12,2,8.745
269,2,0,1,2016,5,8,12,2,9.556
270,2,0,1,2016,5,8,12,2,9.71
271,2,0,1,2016,5,8,12,2,10.159
272,2,0,1,2016,5,8,12,2,11.32
273,2,0,1,2016,5,8,12,2,11.44
274,2,0,1,2016,5,8,12,2,12.371
275,2,0,1,2016,5,8,12,2,12.667
276,2,0,1,2016,5,8,12,2,13.103
277,2,0,1,2016,5,8,12,2,55.262
278,2,0,1,2016,5,8,12,2,57.083
279,2,0,1,2016,5,8,12,2,57.3
280,2,0,1,2016,5,8,12,2,58.152
281,2,0,1,2016,5,8,12,2,58.246
282,2,0,1,2016,5,8,12,2,59.767
283,2,0,1,2016,5,8,12,2,59.876
284,2,0,1,2016,5,8,12,3,0.926
285,2,0,1,2016,5,8,12,3,1.953
286,2,0,1,2016,5,8,12,3,2.985
287,2,0,1,2016,5,8,12,3,4.01
288,2,0,1,2016,5,8,12,3,4.124
289,2,0,1,2016,5,8,12,3,4.595
290,2,0,1,2016,5,8,12,3,5.118
291,2,0,1,2016,5,8,12,3,5.997
292,2,0,1,2016,5,8,12,3,7.163
293,2,0,1,2016,5,8,12,3,9.235
294,2,0,1,2016,5,8,12,3,9.473
295,2,0,1,2016,5,8,12,3,9.586
296,2,0,1,2016,5,8,12,3,28.516
297,2,0,1,2016,5,8,12,3,28.58
298,2,0,1,2016,5,8,12,3,29.523
299,2,0,1,2016,5,8,12,3,29.646
300,2,0,1,2016,5,8,12,3,30.518
301,2,0,1,2016,5,8,12,3,30.611
302,2,0,1,2016,5,8,12,3,31.33
303,2,0,1,2016,5,8,12,3,32.356
304,2,0,1,2016,5,8,12,3,32.478
305,2,0,1,2016,5,8,12,3,32.768
306,2,0,1,2016,5,8,12,3,33.871
307,2,0,1,2016,5,8,12,3,33.973
308,2,0,1,2016,5,8,12,3,34.667
309,2,0,1,2016,5,8,12,3,34.782
310,2,0,1,2016,5,8,12,3,35.238
311,2,0,1,2016,5,8,12,3,36.605
312,2,0,1,2016,5,8,12,3,36.723
313,2,0,1,2016,5,8,12,3,37.15
314,2,0,1,2016,5,8,12,3,37.756
315,2,0,1,2016,5,8,12,3,40.295
316,2,0,1,2016,5,8,12,3,40.468
317,2,0,1,2016,5,8,12,3,42.838
318,2,0,1,2016,5,8,12,3,45.934
319,2,0,1,2016,5,8,12,3,46.057
320,2,0,1,2016,5,8,12,3,46.83
321,2,0,1,2016,5,8,12,3,46.928
322,2,0,1,2016,5,8,12,3,48.542
323,2,0,1,2016,5,8,12,3,49.684
324,2,0,1,2016,5,8,12,3,51.567
325,2,0,1,2016,5,8,12,3,51.802
326,2,0,1,2016,5,8,12,3,52.652
327,2,0,1,2016,5,8,12,3,52.814
328,2,0,1,2016,5,8,12,4,49.315
329,2,0,1,2016,5,8,12,4,49.429
330,2,0,1,2016,5,8,12,4,53.177
331,2,0,1,2016,5,8,12,4,53.291
332,2,0,1,2016,5,8,12,4,53.467
333,2,0,1,2016,5,8,12,4,54.476
334,2,0,1,2016,5,8,12,4,55.89
335,2,0,1,2016,5,8,12,4,56.137
336,2,0,1,2016,5,8,12,5,11.509
337,2,0,1,2016,5,8,12,5,11.808
338,2,0,1,2016,5,8,12,5,12.964
339,2,0,1,2016,5,8,12,5,14.541
340,2,0,1,2016,5,8,12,5,14.921
341,2,0,1,2016,5,8,12,5,15.219
342,2,0,1,2016,5,8,12,5,24.778
343,2,0,1,2016,5,8,12,5,25.411
344,2,0,1,2016,5,8,12,5,26.853
345,2,0,1,2016,5,8,12,5,26.94
346,2,0,1,2016,5,8,12,5,28.25
347,2,0,1,2016,5,8,12,5,28.999
348,2,0,1,2016,5,8,12,5,29.878
349,1,0,1,2016,5,8,12,5,52.134
350,1,0,1,2016,5,8,12,5,55.534
351,1,0,1,2016,5,8,12,6,0.399
352,1,0,1,2016,5,8,12,6,12.322
353,1,0,1,2016,5,8,12,6,12.732
354,1,0,1,2016,5,8,12,6,13.3
355,1,0,1,2016,5,8,12,6,15.113
356,2,0,1,2016,5,8,12,8,40.465
357,2,0,1,2016,5,8,12,10,27.338
358,2,0,1,2016,5,8,12,10,29.003
359,2,0,1,2016,5,8,12,10,29.118
360,2,0,1,2016,5,8,12,10,29.394
361,2,0,1,2016,5,8,12,10,30.615
362,2,0,1,2016,5,8,12,10,31.311
363,2,0,1,2016,5,8,12,10,31.754
364,2,0,1,2016,5,8,12,10,33.344
365,2,0,1,2016,5,8,12,10,33.872
366,2,0,1,2016,5,8,12,10,35.58
367,2,0,1,2016,5,8,12,10,35.754
368,2,0,1,2016,5,8,12,10,37.154
369,2,0,1,2016,5,8,12,10,37.481
370,2,0,1,2016,5,8,12,10,40.393
371,2,0,1,2016,5,8,12,10,41.882
372,2,0,1,2016,5,8,12,10,42.971
373,2,0,1,2016,5,8,12,10,43.083
374,2,0,1,2016,5,8,12,10,45.12
375,2,0,1,2016,5,8,12,10,45.221
376,2,0,1,2016,5,8,12,10,45.312
377,2,0,1,2016,5,8,12,10,45.719
378,2,0,1,2016,5,8,12,10,46.863
379,2,0,1,2016,5,8,12,10,48.067
380,2,0,1,2016,5,8,12,10,57.377
381,2,0,1,2016,5,8,12,10,59.587
382,2,0,1,2016,5,8,12,11,2.095
383,2,0,1,2016,5,8,12,11,8.262
384,2,0,1,2016,5,8,12,11,9.553
385,2,0,1,2016,5,8,12,11,14.941
386,2,0,1,2016,5,8,12,11,15.847
387,2,0,1,2016,5,8,12,11,15.969
388,2,0,1,2016,5,8,12,11,17.365
389,2,0,1,2016,5,8,12,11,18.14
390,2,0,1,2016,5,8,12,11,18.599
391,1,0,1,2016,5,8,12,12,26.372
392,1,0,1,2016,5,8,12,15,3.572
393,1,0,1,2016,5,8,12,15,5.05
394,1,0,1,2016,5,8,12,15,6.528
395,1,0,1,2016,5,8,12,15,9.729
396,1,0,1,2016,5,8,12,15,10.47
397,2,0,1,2016,5,8,12,17,5.045
398,2,0,1,2016,5,8,12,17,6.177
399,2,0,1,2016,5,8,12,17,7.617
400,2,0,1,2016,5,8,12,17,7.75
401,2,0,1,2016,5,8,12,17,8.038
402,1,0,1,2016,5,8,12,17,20.98
403,1,0,1,2016,5,8,12,17,21.5
404,1,0,1,2016,5,8,12,17,22.206
405,1,0,1,2016,5,8,12,17,22.787
406,1,0,1,2016,5,8,12,17,23.376
407,1,0,1,2016,5,8,12,17,25.917
408,1,0,1,2016,5,8,12,17,26.617
409,1,0,1,2016,5,8,12,19,33.834
410,1,0,1,2016,5,8,12,19,35.622
411,1,0,1,2016,5,8,12,21,21.884
412,1,0,1,2016,5,8,12,21,22.526
413,1,0,1,2016,5,8,12,21,23.067
414,1,0,1,2016,5,8,12,21,23.687
415,1,0,1,2016,5,8,12,21,25.778
416,1,0,1,2016,5,8,12,21,28.601
417,1,0,1,2016,5,8,12,21,29.232
418,1,0,1,2016,5,8,12,21,31.466
419,1,0,1,2016,5,8,12,21,32.033
420,1,0,1,2016,5,8,12,21,32.751
421,1,0,1,2016,5,8,12,21,40.707
422,1,0,1,2016,5,8,12,21,41.542
423,1,0,1,2016,5,8,12,25,25.123
424,1,0,1,2016,5,8,12,25,25.591
425,1,0,1,2016,5,8,12,25,26.403
426,1,0,1,2016,5,8,12,25,26.932
427,1,0,1,2016,5,8,12,25,30.611
428,1,0,1,2016,5,8,12,25,31.138
429,1,0,1,2016,5,8,12,25,31.703
430,1,0,1,2016,5,8,12,25,39.86
431,1,0,1,2016,5,8,12,25,40.46
432,1,0,1,2016,5,8,12,25,40.981
433,1,0,1,2016,5,8,12,25,41.544
434,1,0,1,2016,5,8,12,27,12.509
435,1,0,1,2016,5,8,12,27,14.909
436,1,0,1,2016,5,8,12,27,15.312
437,1,0,1,2016,5,8,12,27,15.843
438,1,0,1,2016,5,8,12,27,19.627
439,1,0,1,2016,5,8,12,27,20.668
440,1,0,1,2016,5,8,12,27,21.13
441,1,0,1,2016,5,8,12,27,22.045
442,1,0,1,2016,5,8,12,27,23.058
443,1,0,1,2016,5,8,12,27,24.711
444,1,0,1,2016,5,8,12,27,25.68
445,1,0,1,2016,5,8,12,27,26.532
446,1,0,1,2016,5,8,12,27,38.4
447,1,0,1,2016,5,8,12,27,39.919
448,1,0,1,2016,5,8,12,27,40.502
449,1,0,1,2016,5,8,12,32,23.082
450,1,0,1,2016,5,8,12,32,23.61
451,1,0,1,2016,5,8,12,32,24.214
452,1,0,1,2016,5,8,12,32,24.794
453,1,0,1,2016,5,8,12,32,25.398
454,1,0,1,2016,5,8,12,32,26.424
455,2,0,1,2016,5,8,12,45,15.238
456,2,0,1,2016,5,8,12,45,18.327
457,2,0,1,2016,5,8,12,45,18.542
458,2,0,1,2016,5,8,12,45,19.843
459,1,0,1,2016,5,8,12,48,5.27
460,1,0,1,2016,5,8,12,48,5.39
461,1,0,1,2016,5,8,12,48,6.41
462,1,0,1,2016,5,8,12,48,6.467
463,1,0,1,2016,5,8,12,48,6.922
464,1,0,1,2016,5,8,12,48,15.129
465,1,0,1,2016,5,8,12,49,1.011
466,1,0,1,2016,5,8,12,49,1.078
467,1,0,1,2016,5,8,12,49,2.071
468,1,0,1,2016,5,8,12,50,51.329
469,1,0,1,2016,5,8,12,50,53.014
470,1,0,1,2016,5,8,12,51,15.953
471,1,0,1,2016,5,8,12,51,16.453
472,1,0,1,2016,5,8,12,51,17.365
473,1,0,1,2016,5,8,12,51,20.432
474,1,0,1,2016,5,8,12,51,21.022
475,1,0,1,2016,5,8,12,51,24.159
476,1,0,1,2016,5,8,12,51,24.823
477,1,0,1,2016,5,8,12,51,26.024
478,1,0,1,2016,5,8,12,51,26.313
479,1,0,1,2016,5,8,12,51,26.373
480,1,0,1,2016,5,8,12,51,30.6
481,1,0,1,2016,5,8,12,51,31.087
482,1,0,1,2016,5,8,12,51,31.28
483,1,0,1,2016,5,8,12,51,31.742
484,1,0,1,2016,5,8,12,51,32.219
485,1,0,1,2016,5,8,12,51,32.311
486,1,0,1,2016,5,8,12,51,32.485
487,1,0,1,2016,5,8,12,51,36.248
488,1,0,1,2016,5,8,12,51,37.042
489,1,0,1,2016,5,8,12,51,38.345
490,1,0,1,2016,5,8,12,51,40.935
491,1,0,1,2016,5,8,12,51,41.394
492,1,0,1,2016,5,8,12,51,41.667
493,1,0,1,2016,5,8,12,52,41.852
494,1,0,1,2016,5,8,12,52,42.666
495,1,0,1,2016,5,8,12,52,42.787
496,1,0,1,2016,5,8,12,52,43.691
497,1,0,1,2016,5,8,12,52,44.164
498,1,0,1,2016,5,8,12,52,44.818
499,1,0,1,2016,5,8,12,53,24.56
500,1,0,1,2016,5,8,12,53,26.035
501,1,0,1,2016,5,8,12,53,26.558
502,1,0,1,2016,5,8,12,53,27.551
503,1,0,1,2016,5,8,12,53,28.089
504,1,0,1,2016,5,8,12,53,28.786
505,2,0,1,2016,5,8,13,3,53.52
506,2,0,1,2016,5,8,13,3,56.383
507,2,0,1,2016,5,8,13,3,57.004
508,1,0,1,2016,5,8,13,8,17.895
509,2,0,1,2016,5,8,13,11,3.977
510,2,0,1,2016,5,8,13,11,4.152
511,2,0,1,2016,5,8,13,11,5.496
512,2,0,1,2016,5,8,13,11,5.996
513,2,0,1,2016,5,8,13,11,19.554
514,2,0,1,2016,5,8,13,11,20.724
515,2,0,1,2016,5,8,13,11,20.949
516,2,0,1,2016,5,8,13,11,22.622
517,2,0,1,2016,5,8,13,11,22.773
518,2,0,1,2016,5,8,13,11,22.975
519,2,0,1,2016,5,8,13,11,23.877
520,2,0,1,2016,5,8,13,11,23.999
521,2,0,1,2016,5,8,13,11,25.006
522,2,0,1,2016,5,8,13,11,25.121
523,2,0,1,2016,5,8,13,11,26.929
524,1,0,1,2016,5,8,13,20,19.477
525,1,0,1,2016,5,8,13,20,20.49
526,1,0,1,2016,5,8,13,23,34.243
527,1,0,1,2016,5,8,13,23,34.303
528,1,0,1,2016,5,8,13,23,35.315
529,1,0,1,2016,5,8,13,23,36.443
530,2,0,1,2016,5,8,13,23,52.092
531,2,0,1,2016,5,8,13,23,52.187
532,2,0,1,2016,5,8,13,23,54.785
533,2,0,1,2016,5,8,13,24,25.429
534,2,0,1,2016,5,8,13,24,25.752
535,2,0,1,2016,5,8,13,24,27.614
536,2,0,1,2016,5,8,13,24,27.999
537,2,0,1,2016,5,8,13,26,30.636
538,1,0,1,2016,5,8,13,29,43.605
539,1,0,1,2016,5,8,13,29,43.663
540,1,0,1,2016,5,8,13,30,0.615
541,1,0,1,2016,5,8,13,31,8.856
542,1,0,1,2016,5,8,13,31,9.829
543,1,0,1,2016,5,8,13,31,10.183
544,1,0,1,2016,5,8,13,31,12.372
545,1,0,1,2016,5,8,13,31,12.72
546,2,0,1,2016,5,8,13,34,2.624
547,2,0,1,2016,5,8,13,34,2.798
548,2,0,1,2016,5,8,13,34,3.283
549,2,0,1,2016,5,8,13,34,4.534
550,2,0,1,2016,5,8,13,34,4.794
551,2,0,1,2016,5,8,13,34,5.355
552,2,0,1,2016,5,8,13,34,5.476
553,2,0,1,2016,5,8,13,34,6.088
554,2,0,1,2016,5,8,13,34,7.081
555,2,0,1,2016,5,8,13,34,8.769
556,2,0,1,2016,5,8,13,34,9.703
557,2,0,1,2016,5,8,13,34,9.833
558,2,0,1,2016,5,8,13,34,10.071
559,2,0,1,2016,5,8,13,34,12.793
560,2,0,1,2016,5,8,13,34,14.555
561,2,0,1,2016,5,8,13,34,14.655
562,2,0,1,2016,5,8,13,34,14.886
563,1,0,1,2016,5,8,13,36,53.983
564,1,0,1,2016,5,8,13,38,36.38
565,1,0,1,2016,5,8,13,39,29.411
566,1,0,1,2016,5,8,13,39,29.784
567,1,0,1,2016,5,8,13,39,35.446
568,2,0,1,2016,5,8,13,40,4.639
569,2,0,1,2016,5,8,13,40,4.978
570,2,0,1,2016,5,8,13,40,5.221
571,2,0,1,2016,5,8,13,40,5.874
572,2,0,1,2016,5,8,13,40,6.11
573,1,0,1,2016,5,8,13,40,23.83
574,1,0,1,2016,5,8,13,40,23.907
575,1,0,1,2016,5,8,13,40,24.647
576,1,0,1,2016,5,8,13,40,25.183
577,1,0,1,2016,5,8,13,40,25.679
578,1,0,1,2016,5,8,13,40,29.365
579,1,0,1,2016,5,8,13,40,29.838
580,1,0,1,2016,5,8,13,40,32.749
581,1,0,1,2016,5,8,13,40,33.47
582,1,0,1,2016,5,8,13,40,34.009
583,1,0,1,2016,5,8,13,44,51.092
584,1,0,1,2016,5,8,13,44,51.238
585,1,0,1,2016,5,8,13,44,52.934
586,1,0,1,2016,5,8,13,44,53.375
587,1,0,1,2016,5,8,13,44,55.777
588,2,0,1,2016,5,8,13,46,7.019
589,2,0,1,2016,5,8,13,46,8.23
590,2,0,1,2016,5,8,13,46,9.555
591,2,0,1,2016,5,8,13,46,10.388
592,2,0,1,2016,5,8,13,46,10.526
593,2,0,1,2016,5,8,13,46,10.698
594,2,0,1,2016,5,8,13,46,11.91
595,2,0,1,2016,5,8,13,46,12.093
596,2,0,1,2016,5,8,13,46,13.248
597,2,0,1,2016,5,8,13,46,21.868
598,2,0,1,2016,5,8,13,46,23.157
599,2,0,1,2016,5,8,13,46,23.349
600,2,0,1,2016,5,8,13,46,23.886
601,2,0,1,2016,5,8,13,46,24.858
602,2,0,1,2016,5,8,13,46,25.504
603,2,0,1,2016,5,8,13,46,25.637
604,2,0,1,2016,5,8,13,46,25.881
605,2,0,1,2016,5,8,13,46,27.121
606,2,0,1,2016,5,8,13,46,27.292
607,2,0,1,2016,5,8,13,46,31.21
608,2,0,1,2016,5,8,13,46,31.337
609,2,0,1,2016,5,8,13,46,31.631
610,2,0,1,2016,5,8,13,46,33.222
611,2,0,1,2016,5,8,13,46,33.343
612,2,0,1,2016,5,8,13,46,34.187
613,2,0,1,2016,5,8,13,46,34.304
614,2,0,1,2016,5,8,13,46,35.314
615,2,0,1,2016,5,8,13,46,35.475
616,2,0,1,2016,5,8,13,46,36.709
617,2,0,1,2016,5,8,13,46,36.842
618,2,0,1,2016,5,8,13,46,39.062
619,2,0,1,2016,5,8,13,46,39.895
620,2,0,1,2016,5,8,13,46,41.234
621,2,0,1,2016,5,8,13,48,42.726
622,2,0,1,2016,5,8,13,48,43.966
623,2,0,1,2016,5,8,13,48,44.352
624,2,0,1,2016,5,8,13,48,44.493
625,2,0,1,2016,5,8,13,48,46.584
626,2,0,1,2016,5,8,13,48,48.392
627,2,0,1,2016,5,8,13,48,48.504
628,2,0,1,2016,5,8,13,48,48.954
629,2,0,1,2016,5,8,13,48,50.064
630,2,0,1,2016,5,8,13,48,50.191
631,2,0,1,2016,5,8,13,48,52.595
632,2,0,1,2016,5,8,13,49,40.619
633,2,0,1,2016,5,8,13,49,40.794
634,2,0,1,2016,5,8,13,49,42.147
635,2,0,1,2016,5,8,13,49,42.284
636,2,0,1,2016,5,8,13,49,43.022
637,2,0,1,2016,5,8,13,49,43.138
638,2,0,1,2016,5,8,13,49,43.467
639,2,0,1,2016,5,8,13,49,44.488
640,2,0,1,2016,5,8,13,49,45.549
641,2,0,1,2016,5,8,13,49,45.742
642,2,0,1,2016,5,8,13,49,47.359
643,2,0,1,2016,5,8,13,49,47.669
644,2,0,1,2016,5,8,13,49,47.788
645,2,0,1,2016,5,8,13,49,48.898
646,2,0,1,2016,5,8,13,49,49.012
647,2,0,1,2016,5,8,13,49,49.188
648,2,0,1,2016,5,8,13,50,6.928
649,2,0,1,2016,5,8,13,50,7.181
650,2,0,1,2016,5,8,13,50,8.391
651,2,0,1,2016,5,8,13,50,9.595
652,2,0,1,2016,5,8,13,50,10.009
653,2,0,1,2016,5,8,13,50,11.092
654,2,0,1,2016,5,8,13,50,12.238
655,2,0,1,2016,5,8,13,50,13.168
656,2,0,1,2016,5,8,13,50,13.246
657,2,0,1,2016,5,8,13,50,14.101
658,2,0,1,2016,5,8,13,50,14.529
659,2,0,1,2016,5,8,13,50,16.196
660,2,0,1,2016,5,8,13,50,19.189
661,2,0,1,2016,5,8,13,50,19.328
662,2,0,1,2016,5,8,13,50,19.555
663,2,0,1,2016,5,8,13,50,50.823
664,2,0,1,2016,5,8,13,50,51.874
665,2,0,1,2016,5,8,13,50,52.011
666,2,0,1,2016,5,8,13,50,53.158
667,2,0,1,2016,5,8,13,50,53.271
668,2,0,1,2016,5,8,13,50,54.749
669,2,0,1,2016,5,8,13,50,55.002
670,2,0,1,2016,5,8,13,50,57.419
671,2,0,1,2016,5,8,13,50,59.119
672,2,0,1,2016,5,8,13,50,59.948
673,2,0,1,2016,5,8,13,51,0.321
674,2,0,1,2016,5,8,13,51,0.435
675,2,0,1,2016,5,8,13,51,1.934
676,2,0,1,2016,5,8,13,51,2.952
677,2,0,1,2016,5,8,13,51,3.274
678,2,0,1,2016,5,8,13,51,4.422
679,2,0,1,2016,5,8,13,51,4.968
680,2,0,1,2016,5,8,13,51,7.607
681,2,0,1,2016,5,8,13,51,7.714
682,2,0,1,2016,5,8,13,51,7.781
683,2,0,1,2016,5,8,13,51,10.004
684,2,0,1,2016,5,8,13,51,10.136
685,2,0,1,2016,5,8,13,51,14.252
686,2,0,1,2016,5,8,13,51,14.596
687,2,0,1,2016,5,8,13,51,15.807
688,2,0,1,2016,5,8,13,51,37.448
689,2,0,1,2016,5,8,13,51,39.619
690,2,0,1,2016,5,8,13,51,40.031
691,2,0,1,2016,5,8,13,51,40.709
692,2,0,1,2016,5,8,13,51,40.995
693,2,0,1,2016,5,8,13,51,41.602
694,2,0,1,2016,5,8,13,51,43.075
695,2,0,1,2016,5,8,13,51,43.175
696,2,0,1,2016,5,8,13,51,43.349
697,2,0,1,2016,5,8,13,51,44.819
698,2,0,1,2016,5,8,13,51,46.112
699,2,0,1,2016,5,8,13,51,48.179
700,2,0,1,2016,5,8,13,51,50.17
701,2,0,1,2016,5,8,13,51,50.371
702,1,0,1,2016,5,8,13,53,40.663
703,1,0,1,2016,5,8,13,53,41.185
704,1,0,1,2016,5,8,13,53,41.825
705,1,0,1,2016,5,8,13,53,44.518
706,1,0,1,2016,5,8,13,53,45.241
707,1,0,1,2016,5,8,13,53,49.959
708,1,0,1,2016,5,8,13,53,50.913
709,1,0,1,2016,5,8,13,53,52.727
710,1,0,1,2016,5,8,13,53,53.97
711,1,0,1,2016,5,8,13,53,54.655
712,1,0,1,2016,5,8,13,53,55.601
713,1,0,1,2016,5,8,13,53,56.187
714,1,0,1,2016,5,8,13,53,56.958
715,1,0,1,2016,5,8,13,54,3.036
716,1,0,1,2016,5,8,13,54,3.761
717,1,0,1,2016,5,8,13,54,11.987
718,1,0,1,2016,5,8,13,54,12.653
719,1,0,1,2016,5,8,13,54,13.539
720,1,0,1,2016,5,8,13,54,14.253
721,1,0,1,2016,5,8,13,54,14.725
722,1,0,1,2016,5,8,13,54,15.871
723,1,0,1,2016,5,8,13,54,16.426
724,1,0,1,2016,5,8,13,54,19.583
725,1,0,1,2016,5,8,13,54,20.526
726,1,0,1,2016,5,8,13,54,20.84
727,1,0,1,2016,5,8,13,54,21.79
728,1,0,1,2016,5,8,13,54,24.971
729,1,0,1,2016,5,8,13,54,25.462
730,1,0,1,2016,5,8,13,54,26.058
731,1,0,1,2016,5,8,13,54,27.121
732,1,0,1,2016,5,8,13,54,30.261
733,1,0,1,2016,5,8,13,54,30.746
734,1,0,1,2016,5,8,13,54,35.235
735,1,0,1,2016,5,8,13,54,36.032
736,1,0,1,2016,5,8,13,54,39.698
737,1,0,1,2016,5,8,13,54,39.967
738,1,0,1,2016,5,8,13,54,46.075
739,1,0,1,2016,5,8,13,54,46.739
740,1,0,1,2016,5,8,13,54,47.576
741,1,0,1,2016,5,8,13,54,48.278
742,1,0,1,2016,5,8,13,54,48.933
743,1,0,1,2016,5,8,13,54,52.53
744,1,0,1,2016,5,8,13,54,53.614
745,1,0,1,2016,5,8,13,54,54.276
746,1,0,1,2016,5,8,13,54,55.108
747,1,0,1,2016,5,8,13,54,56.052
748,1,0,1,2016,5,8,13,54,57.182
749,1,0,1,2016,5,8,13,54,57.954
750,1,0,1,2016,5,8,13,54,58.733
751,1,0,1,2016,5,8,13,55,44.628
752,1,0,1,2016,5,8,13,55,45.131
753,1,0,1,2016,5,8,13,55,47.538
754,1,0,1,2016,5,8,13,55,48.136
755,1,0,1,2016,5,8,13,55,53.428
756,1,0,1,2016,5,8,13,55,53.858
757,1,0,1,2016,5,8,13,55,54.58
758,1,0,1,2016,5,8,13,56,1.258
759,1,0,1,2016,5,8,13,56,1.744
760,1,0,1,2016,5,8,13,56,2.454
761,1,0,1,2016,5,8,13,56,3.077
762,1,0,1,2016,5,8,13,57,16.229
763,1,0,1,2016,5,8,13,57,16.668
764,1,0,1,2016,5,8,13,57,38.964
765,1,0,1,2016,5,8,13,57,39.468
766,1,0,1,2016,5,8,13,57,42.934
767,1,0,1,2016,5,8,13,57,43.434
768,1,0,1,2016,5,8,13,57,43.961
769,1,0,1,2016,5,8,13,58,30.657
770,1,0,1,2016,5,8,13,58,31.145
771,1,0,1,2016,5,8,14,3,53.826
772,1,0,1,2016,5,8,14,3,54.302
773,1,0,1,2016,5,8,14,7,54.92
774,1,0,1,2016,5,8,14,8,19.013
775,1,0,1,2016,5,8,14,8,21.31
776,1,0,1,2016,5,8,14,8,21.563
777,1,0,1,2016,5,8,14,8,22.551
778,1,0,1,2016,5,8,14,8,23.247
779,1,0,1,2016,5,8,14,8,48.085
780,1,0,1,2016,5,8,14,8,48.604
781,1,0,1,2016,5,8,14,8,49.21
782,1,0,1,2016,5,8,14,8,49.956
783,1,0,1,2016,5,8,14,8,50.037
784,1,0,1,2016,5,8,14,9,2.37
785,1,0,1,2016,5,8,14,9,5.964
786,1,0,1,2016,5,8,14,9,11.446
787,1,0,1,2016,5,8,14,9,12.567
788,1,0,1,2016,5,8,14,9,13.288
789,1,0,1,2016,5,8,14,9,14.017
790,1,0,1,2016,5,8,14,9,16.794
791,1,0,1,2016,5,8,14,9,17.682
792,2,0,1,2016,5,8,14,10,20.094
793,2,0,1,2016,5,8,14,10,23.728
794,2,0,1,2016,5,8,14,10,25.312
795,2,0,1,2016,5,8,14,10,33.055
796,2,0,1,2016,5,8,14,10,34.18
797,2,0,1,2016,5,8,14,10,34.612
798,2,0,1,2016,5,8,14,10,35.193
799,2,0,1,2016,5,8,14,10,36.031
800,1,0,1,2016,5,8,14,13,25.134
801,1,0,1,2016,5,8,14,13,25.591
802,1,0,1,2016,5,8,14,13,26.152
803,1,0,1,2016,5,8,14,13,29.024
804,1,0,1,2016,5,8,14,13,29.527
805,1,0,1,2016,5,8,14,13,32.313
806,1,0,1,2016,5,8,14,13,32.76
807,2,0,1,2016,5,8,14,14,50.901
808,2,0,1,2016,5,8,14,14,52.141
809,2,0,1,2016,5,8,14,14,53.754
810,2,0,1,2016,5,8,14,14,53.927
811,2,0,1,2016,5,8,14,14,57.175
812,2,0,1,2016,5,8,14,14,58.479
813,2,0,1,2016,5,8,14,14,58.747
814,2,0,1,2016,5,8,14,15,0.701
815,2,0,1,2016,5,8,14,15,1.502
816,2,0,1,2016,5,8,14,15,1.692
817,2,0,1,2016,5,8,14,15,5.91
818,2,0,1,2016,5,8,14,15,6.358
819,2,0,1,2016,5,8,14,15,8.24
820,1,0,1,2016,5,8,14,15,59.912
821,1,0,1,2016,5,8,14,16,2.551
822,1,0,1,2016,5,8,14,16,3.577
823,1,0,1,2016,5,8,14,16,5.282
824,1,0,1,2016,5,8,14,16,5.368
825,1,0,1,2016,5,8,14,16,6.181
826,1,0,1,2016,5,8,14,16,6.264
827,1,0,1,2016,5,8,14,16,6.811
828,2,0,1,2016,5,8,14,16,14.732
829,1,0,1,2016,5,8,14,17,20.46
830,1,0,1,2016,5,8,14,17,20.851
831,1,0,1,2016,5,8,14,17,28.182
832,1,0,1,2016,5,8,14,17,28.666
833,1,0,1,2016,5,8,14,17,29.284
834,1,0,1,2016,5,8,14,17,43.692
835,1,0,1,2016,5,8,14,17,44.253
836,1,0,1,2016,5,8,14,17,44.755
837,1,0,1,2016,5,8,14,17,45.533
838,1,0,1,2016,5,8,14,17,53.094
839,1,0,1,2016,5,8,14,17,53.528
840,1,0,1,2016,5,8,14,17,55.874
841,1,0,1,2016,5,8,14,17,56.517
842,1,0,1,2016,5,8,14,17,57.233
843,1,0,1,2016,5,8,14,17,58.004
844,1,0,1,2016,5,8,14,18,1.61
845,1,0,1,2016,5,8,14,18,2.177
846,1,0,1,2016,5,8,14,18,2.852
847,1,0,1,2016,5,8,14,18,5.433
848,1,0,1,2016,5,8,14,18,6.211
849,1,0,1,2016,5,8,14,18,6.988
850,1,0,1,2016,5,8,14,18,39.258
851,1,0,1,2016,5,8,14,18,39.706
852,1,0,1,2016,5,8,14,18,40.174
853,1,0,1,2016,5,8,14,19,16.284
854,1,0,1,2016,5,8,14,19,16.762
855,1,0,1,2016,5,8,14,19,17.211
856,1,0,1,2016,5,8,14,19,17.778
857,1,0,1,2016,5,8,14,19,29.916
858,1,0,1,2016,5,8,14,19,30.423
859,1,0,1,2016,5,8,14,19,30.904
860,1,0,1,2016,5,8,14,19,31.484
861,1,0,1,2016,5,8,14,19,32.358
862,2,0,1,2016,5,8,14,19,40.816
863,2,0,1,2016,5,8,14,19,42.16
864,2,0,1,2016,5,8,14,19,47.196
865,1,0,1,2016,5,8,14,28,50.627
866,1,0,1,2016,5,8,14,28,51.97
867,1,0,1,2016,5,8,14,28,54.837
868,1,0,1,2016,5,8,14,29,5.765
869,1,0,1,2016,5,8,14,29,5.851
870,1,0,1,2016,5,8,14,29,7.109
871,1,0,1,2016,5,8,14,29,8.368
872,1,0,1,2016,5,8,14,30,37.667
873,1,0,1,2016,5,8,14,30,37.748
874,1,0,1,2016,5,8,14,30,38.115
875,1,0,1,2016,5,8,14,30,58.89
876,1,0,1,2016,5,8,14,30,59.53
877,1,0,1,2016,5,8,14,31,0.639
878,2,0,1,2016,5,8,14,31,52.284
879,2,0,1,2016,5,8,14,31,52.377
880,2,0,1,2016,5,8,14,31,52.512
881,2,0,1,2016,5,8,14,31,53.938
882,2,0,1,2016,5,8,14,31,55.314
883,2,0,1,2016,5,8,14,31,55.914
884,2,0,1,2016,5,8,14,31,56.108
885,2,0,1,2016,5,8,14,31,57.425
886,2,0,1,2016,5,8,14,31,58.91
887,2,0,1,2016,5,8,14,31,59.922
888,2,0,1,2016,5,8,14,32,0.249
889,1,0,1,2016,5,8,14,32,46.187
890,1,0,1,2016,5,8,14,32,46.63
891,1,0,1,2016,5,8,14,32,47.038
892,1,0,1,2016,5,8,14,32,49.292
893,1,0,1,2016,5,8,14,32,49.744
894,2,0,1,2016,5,8,14,34,30.801
895,2,0,1,2016,5,8,14,34,32.219
896,2,0,1,2016,5,8,14,34,32.428
897,1,0,1,2016,5,8,14,34,40.04
898,1,0,1,2016,5,8,14,34,40.613
899,1,0,1,2016,5,8,14,34,41.274
900,1,0,1,2016,5,8,14,34,45.099
901,2,0,1,2016,5,8,14,35,28.269
902,2,0,1,2016,5,8,14,35,28.369
903,2,0,1,2016,5,8,14,35,28.506
904,2,0,1,2016,5,8,14,35,29.412
905,2,0,1,2016,5,8,14,35,29.511
906,1,0,1,2016,5,8,14,36,47.859
907,1,0,1,2016,5,8,14,36,48.513
908,1,0,1,2016,5,8,14,36,51.397
909,1,0,1,2016,5,8,14,36,51.841
910,1,0,1,2016,5,8,14,36,52.295
911,1,0,1,2016,5,8,14,36,53.033
912,1,0,1,2016,5,8,14,36,58.252
913,1,0,1,2016,5,8,14,37,0.81
914,1,0,1,2016,5,8,14,37,1.528
915,1,0,1,2016,5,8,14,37,7.39
916,1,0,1,2016,5,8,14,37,8.169
917,2,0,1,2016,5,8,14,41,51.336
918,2,0,1,2016,5,8,14,41,51.508
919,2,0,1,2016,5,8,14,41,52.342
920,2,0,1,2016,5,8,14,41,56.209
921,2,0,1,2016,5,8,14,41,56.892
922,2,0,1,2016,5,8,14,41,57.334
923,2,0,1,2016,5,8,14,41,57.549
924,2,0,1,2016,5,8,14,42,10.953
925,2,0,1,2016,5,8,14,42,12.744
926,2,0,1,2016,5,8,14,42,12.954
927,2,0,1,2016,5,8,14,42,13.055
928,2,0,1,2016,5,8,14,42,14.134
929,2,0,1,2016,5,8,14,42,14.293
930,2,0,1,2016,5,8,14,42,14.499
931,2,0,1,2016,5,8,14,42,16.244
932,2,0,1,2016,5,8,14,42,16.384
933,2,0,1,2016,5,8,14,42,17.281
934,2,0,1,2016,5,8,14,42,17.525
935,2,0,1,2016,5,8,14,42,17.787
936,2,0,1,2016,5,8,14,42,18.635
937,2,0,1,2016,5,8,14,42,18.795
938,2,0,1,2016,5,8,14,42,20.104
939,2,0,1,2016,5,8,14,43,6.51
940,2,0,1,2016,5,8,14,43,6.836
941,2,0,1,2016,5,8,14,43,6.979
942,2,0,1,2016,5,8,14,43,7.6
943,2,0,1,2016,5,8,14,43,8.805
944,2,0,1,2016,5,8,14,43,8.932
945,2,0,1,2016,5,8,14,43,10.099
946,2,0,1,2016,5,8,14,43,10.451
947,2,0,1,2016,5,8,14,43,10.644
948,2,0,1,2016,5,8,14,43,11.55
949,2,0,1,2016,5,8,14,43,11.886
950,2,0,1,2016,5,8,14,43,13.827
951,2,0,1,2016,5,8,14,43,14.073
952,1,0,1,2016,5,8,14,43,21.19
953,1,0,1,2016,5,8,14,43,22.396
954,1,0,1,2016,5,8,14,46,26.701
955,1,0,1,2016,5,8,14,46,28.134
956,1,0,1,2016,5,8,14,46,30.895
957,1,0,1,2016,5,8,14,46,31.614
958,1,0,1,2016,5,8,14,47,5.098
959,1,0,1,2016,5,8,14,47,5.271
960,1,0,1,2016,5,8,14,47,5.56
961,1,0,1,2016,5,8,14,47,6.412
962,1,0,1,2016,5,8,14,47,7.147
963,1,0,1,2016,5,8,14,47,7.306
964,1,0,1,2016,5,8,14,47,7.457
965,1,0,1,2016,5,8,14,47,7.556
966,1,0,1,2016,5,8,14,47,7.924
967,1,0,1,2016,5,8,14,47,10.732
968,1,0,1,2016,5,8,14,47,12.034
969,1,0,1,2016,5,8,14,47,13.312
970,1,0,1,2016,5,8,14,47,13.472
971,1,0,1,2016,5,8,14,47,16.425
972,1,0,1,2016,5,8,14,47,16.775
973,1,0,1,2016,5,8,14,47,17.168
974,1,0,1,2016,5,8,14,47,21.49
975,1,0,1,2016,5,8,14,47,22.225
976,1,0,1,2016,5,8,14,47,22.318
977,1,0,1,2016,5,8,14,47,24.751
978,1,0,1,2016,5,8,14,48,24.059
979,1,0,1,2016,5,8,14,48,25.318
980,1,0,1,2016,5,8,14,48,25.945
981,1,0,1,2016,5,8,14,48,26.038
982,1,0,1,2016,5,8,14,48,26.716
983,1,0,1,2016,5,8,14,48,27.141
984,1,0,1,2016,5,8,14,48,27.233
985,2,0,1,2016,5,8,14,48,39.729
986,2,0,1,2016,5,8,14,48,40.97
987,2,0,1,2016,5,8,14,48,41.089
988,2,0,1,2016,5,8,14,48,41.805
989,2,0,1,2016,5,8,14,48,42.018
990,1,0,1,2016,5,8,14,49,4.496
991,1,0,1,2016,5,8,14,49,5.167
992,1,0,1,2016,5,8,14,49,7.967
993,1,0,1,2016,5,8,14,49,8.546
994,1,0,1,2016,5,8,14,49,9.124
995,1,0,1,2016,5,8,14,49,9.576
996,2,0,1,2016,5,8,14,49,26.723
997,2,0,1,2016,5,8,14,49,26.844
998,2,0,1,2016,5,8,14,49,27.849
999,2,0,1,2016,5,8,14,49,28
1000,2,0,1,2016,5,8,14,51,16.575
1001,2,0,1,2016,5,8,14,51,16.696
1002,2,0,1,2016,5,8,14,51,17.429
1003,2,0,1,2016,5,8,14,51,18.454
1004,2,0,1,2016,5,8,14,51,18.743
1005,1,0,1,2016,5,8,14,51,27.999
1006,1,0,1,2016,5,8,14,51,28.458
1007,1,0,1,2016,5,8,14,51,28.972
1008,1,0,1,2016,5,8,14,51,30.11
1009,1,0,1,2016,5,8,14,51,30.379
1010,1,0,1,2016,5,8,14,51,30.909
1011,1,0,1,2016,5,8,14,51,59.252
1012,1,0,1,2016,5,8,14,51,59.995
1013,1,0,1,2016,5,8,14,52,2.398
1014,1,0,1,2016,5,8,14,52,2.815
1015,1,0,1,2016,5,8,14,53,35.821
1016,1,0,1,2016,5,8,14,53,36.222
1017,1,0,1,2016,5,8,14,53,38.976
1018,1,0,1,2016,5,8,14,53,39.557
1019,1,0,1,2016,5,8,14,53,40.297
1020,1,0,1,2016,5,8,14,53,41.206
1021,1,0,1,2016,5,8,14,53,42.05
1022,1,0,1,2016,5,8,14,53,45.665
1023,1,0,1,2016,5,8,14,53,46.118
1024,1,0,1,2016,5,8,14,53,50.153
1025,1,0,1,2016,5,8,14,53,50.773
1026,1,0,1,2016,5,8,14,53,55.664
1027,1,0,1,2016,5,8,14,53,56.399
1028,1,0,1,2016,5,8,14,54,0.906
1029,1,0,1,2016,5,8,14,54,1.88
1030,1,0,1,2016,5,8,14,54,3.165
1031,1,0,1,2016,5,8,14,54,3.902
1032,1,0,1,2016,5,8,14,54,4.498
1033,1,0,1,2016,5,8,14,54,5.174
1034,1,0,1,2016,5,8,14,54,5.427
1035,1,0,1,2016,5,8,14,54,5.843
1036,1,0,1,2016,5,8,14,58,41.395
1037,1,0,1,2016,5,8,14,58,41.98
1038,1,0,1,2016,5,8,14,58,42.447
1039,1,0,1,2016,5,8,14,58,44.083
1040,1,0,1,2016,5,8,14,59,24.633
1041,1,0,1,2016,5,8,14,59,25.379
1042,1,0,1,2016,5,8,14,59,25.994
1043,1,0,1,2016,5,8,14,59,28.534
1044,1,0,1,2016,5,8,14,59,29.151
1045,1,0,1,2016,5,8,14,59,29.83
1046,1,0,1,2016,5,8,14,59,42.394
1047,1,0,1,2016,5,8,14,59,43.055
1048,1,0,1,2016,5,8,15,0,11.48
1049,1,0,1,2016,5,8,15,0,12.701
1050,1,0,1,2016,5,8,15,0,13.37
1051,1,0,1,2016,5,8,15,0,14.076
1052,1,0,1,2016,5,8,15,0,14.731
1053,1,0,1,2016,5,8,15,0,33.278
1054,1,0,1,2016,5,8,15,0,33.918
1055,1,0,1,2016,5,8,15,0,34.446
1056,2,0,1,2016,5,8,15,0,59.301
1057,1,0,1,2016,5,8,15,1,28.989
1058,1,0,1,2016,5,8,15,4,19.458
1059,1,0,1,2016,5,8,15,4,21.034
1060,1,0,1,2016,5,8,15,4,21.846
1061,2,0,1,2016,5,8,15,4,59.409
1062,2,0,1,2016,5,8,15,4,59.503
1063,2,0,1,2016,5,8,15,4,59.637
1064,2,0,1,2016,5,8,15,5,0.837
1065,2,0,1,2016,5,8,15,5,0.942
1066,2,0,1,2016,5,8,15,5,2.625
1067,2,0,1,2016,5,8,15,5,4.103
1068,2,0,1,2016,5,8,15,5,4.279
1069,2,0,1,2016,5,8,15,5,5.777
1070,1,0,1,2016,5,8,15,5,12.018
1071,1,0,1,2016,5,8,15,5,12.763
1072,1,0,1,2016,5,8,15,5,12.858
1073,1,0,1,2016,5,8,15,5,14.192
1074,1,0,1,2016,5,8,15,5,15.373
1075,2,0,1,2016,5,8,15,7,34.352
1076,2,0,1,2016,5,8,15,7,35.439
1077,2,0,1,2016,5,8,15,7,35.673
1078,2,0,1,2016,5,8,15,7,37.416
1079,2,0,1,2016,5,8,15,7,38.446
1080,2,0,1,2016,5,8,15,7,38.858
1081,2,0,1,2016,5,8,15,7,40.019
1082,2,0,1,2016,5,8,15,7,40.195
1083,2,0,1,2016,5,8,15,7,45.361
1084,2,0,1,2016,5,8,15,7,46.695
1085,2,0,1,2016,5,8,15,7,47.007
1086,2,0,1,2016,5,8,15,7,57.469
1087,2,0,1,2016,5,8,15,7,57.575
1088,2,0,1,2016,5,8,15,7,59.466
1089,2,0,1,2016,5,8,15,7,59.749
1090,1,0,1,2016,5,8,15,8,7.637
1091,1,0,1,2016,5,8,15,8,8.066
1092,1,0,1,2016,5,8,15,8,9
1093,1,0,1,2016,5,8,15,8,9.755
1094,1,0,1,2016,5,8,15,8,15.147
1095,1,0,1,2016,5,8,15,8,15.675
1096,1,0,1,2016,5,8,15,8,19.072
1097,1,0,1,2016,5,8,15,8,28.364
1098,1,0,1,2016,5,8,15,8,29.042
1099,1,0,1,2016,5,8,15,12,26.166
1100,2,0,1,2016,5,8,15,13,49.637
1101,2,0,1,2016,5,8,15,13,50.492
1102,2,0,1,2016,5,8,15,13,51.576
1103,2,0,1,2016,5,8,15,13,52.409
1104,2,0,1,2016,5,8,15,13,53.281
1105,2,0,1,2016,5,8,15,13,54.335
1106,2,0,1,2016,5,8,15,13,55.123
1107,2,0,1,2016,5,8,15,13,56.988
1108,1,0,1,2016,5,8,15,15,56.773
1109,1,0,1,2016,5,8,15,15,57.282
1110,1,0,1,2016,5,8,15,16,26.514
1111,1,0,1,2016,5,8,15,16,27.201
1112,1,0,1,2016,5,8,15,16,27.729
1113,1,0,1,2016,5,8,15,16,28.524
1114,1,0,1,2016,5,8,15,17,9.447
1115,1,0,1,2016,5,8,15,17,13.017
1116,1,0,1,2016,5,8,15,17,16.847
1117,1,0,1,2016,5,8,15,17,17.519
1118,1,0,1,2016,5,8,15,17,23.291
1119,1,0,1,2016,5,8,15,17,53.398
1120,1,0,1,2016,5,8,15,17,54.059
1121,1,0,1,2016,5,8,15,18,31.216
1122,1,0,1,2016,5,8,15,18,32.068
1123,2,0,1,2016,5,8,15,20,32.721
1124,1,0,1,2016,5,8,15,21,47.34
1125,1,0,1,2016,5,8,15,21,47.924
1126,1,0,1,2016,5,8,15,21,48.618
1127,2,0,1,2016,5,8,15,22,52.092
1128,1,0,1,2016,5,8,15,25,20.392
1129,1,0,1,2016,5,8,15,25,23.404
1130,2,0,1,2016,5,8,15,25,40.952
1131,2,0,1,2016,5,8,15,25,46.79
1132,2,0,1,2016,5,8,15,25,50.98
1133,2,0,1,2016,5,8,15,25,51.333
1134,2,0,1,2016,5,8,15,25,52.063
1135,1,0,1,2016,5,8,15,27,47.687
1136,1,0,1,2016,5,8,15,27,48.424
1137,1,0,1,2016,5,8,15,27,49.308
1138,1,0,1,2016,5,8,15,28,55.876
1139,2,0,1,2016,5,8,15,30,25.219
1140,2,0,1,2016,5,8,15,30,25.331
1141,2,0,1,2016,5,8,15,30,25.9
1142,2,0,1,2016,5,8,15,30,26.705
1143,2,0,1,2016,5,8,15,30,27.112
1144,2,0,1,2016,5,8,15,30,27.35
1145,2,0,1,2016,5,8,15,30,29.013
1146,2,0,1,2016,5,8,15,30,29.112
1147,2,0,1,2016,5,8,15,30,31.542
1148,2,0,1,2016,5,8,15,30,32.274
1149,2,0,1,2016,5,8,15,30,33.685
1150,2,0,1,2016,5,8,15,30,34.714
1151,2,0,1,2016,5,8,15,30,34.95
1152,2,0,1,2016,5,8,15,30,35.182
1153,2,0,1,2016,5,8,15,30,35.41
1154,2,0,1,2016,5,8,15,30,35.589
1155,2,0,1,2016,5,8,15,30,40.872
1156,2,0,1,2016,5,8,15,30,42.303
1157,2,0,1,2016,5,8,15,30,43.089
1158,2,0,1,2016,5,8,15,30,44.447
1159,2,0,1,2016,5,8,15,30,44.616
1160,1,0,1,2016,5,8,15,31,14.458
1161,1,0,1,2016,5,8,15,31,15.004
1162,1,0,1,2016,5,8,15,33,4.685
1163,1,0,1,2016,5,8,15,33,5.329
1164,1,0,1,2016,5,8,15,33,32.477
1165,1,0,1,2016,5,8,15,33,32.887
1166,1,0,1,2016,5,8,15,33,33.21
1167,1,0,1,2016,5,8,15,33,33.305
1168,1,0,1,2016,5,8,15,36,1.958
1169,1,0,1,2016,5,8,15,36,2.423
1170,1,0,1,2016,5,8,15,36,3.236
1171,1,0,1,2016,5,8,15,36,4.216
1172,1,0,1,2016,5,8,15,36,4.899
1173,1,0,1,2016,5,8,15,36,8.2
1174,1,0,1,2016,5,8,15,37,21.071
1175,1,0,1,2016,5,8,15,37,21.423
1176,1,0,1,2016,5,8,15,42,49.6
1177,1,0,1,2016,5,8,15,42,49.856
1178,1,0,1,2016,5,8,15,42,53.023
1179,1,0,1,2016,5,8,15,43,21.357
1180,1,0,1,2016,5,8,15,43,26.168
1181,1,0,1,2016,5,8,15,43,26.533
1182,2,0,1,2016,5,8,15,43,59.572
1183,2,0,1,2016,5,8,15,43,59.862
1184,2,0,1,2016,5,8,15,44,1.151
1185,2,0,1,2016,5,8,15,44,1.323
1186,1,0,1,2016,5,8,15,44,9.825
1187,1,0,1,2016,5,8,15,44,10.925
1188,1,0,1,2016,5,8,15,44,15.116
1189,1,0,1,2016,5,8,15,44,15.221
1190,1,0,1,2016,5,8,15,44,33.544
1191,1,0,1,2016,5,8,15,44,33.954
1192,2,0,1,2016,5,8,15,44,38.942
1193,2,0,1,2016,5,8,15,44,40.576
1194,2,0,1,2016,5,8,15,44,40.921
1195,1,0,1,2016,5,8,15,45,12.572
1196,1,0,1,2016,5,8,15,45,13.042
1197,1,0,1,2016,5,8,15,45,13.779
1198,1,0,1,2016,5,8,15,45,26.566
1199,1,0,1,2016,5,8,15,45,27.029
1200,1,0,1,2016,5,8,15,45,30.72
1201,1,0,1,2016,5,8,15,45,31.531
1202,1,0,1,2016,5,8,15,45,32.604
1203,1,0,1,2016,5,8,15,45,33.959
1204,1,0,1,2016,5,8,15,45,34.54
1205,1,0,1,2016,5,8,15,45,42.79
1206,1,0,1,2016,5,8,15,45,43.37
1207,1,0,1,2016,5,8,15,45,44.224
1208,1,0,1,2016,5,8,15,45,44.841
1209,1,0,1,2016,5,8,15,47,59.543
1210,1,0,1,2016,5,8,15,48,0.124
1211,1,0,1,2016,5,8,15,48,3.048
1212,1,0,1,2016,5,8,15,48,3.85
1213,1,0,1,2016,5,8,15,48,7.654
1214,1,0,1,2016,5,8,15,48,8.702
1215,1,0,1,2016,5,8,15,48,9.281
1216,1,0,1,2016,5,8,15,48,13.476
1217,1,0,1,2016,5,8,15,48,14.525
1218,1,0,1,2016,5,8,15,48,16.687
1219,1,0,1,2016,5,8,15,48,17.847
1220,1,0,1,2016,5,8,15,48,19.185
1221,1,0,1,2016,5,8,15,48,20.117
1222,1,0,1,2016,5,8,15,48,20.646
1223,1,0,1,2016,5,8,15,48,21.746
1224,1,0,1,2016,5,8,15,48,22.288
1225,1,0,1,2016,5,8,15,48,24.443
1226,1,0,1,2016,5,8,15,49,14.536
1227,1,0,1,2016,5,8,15,49,14.644
1228,1,0,1,2016,5,8,15,49,16.538
1229,1,0,1,2016,5,8,15,50,22.476
1230,1,0,1,2016,5,8,15,59,47.96
1231,1,0,1,2016,5,8,15,59,48.639
1232,1,0,1,2016,5,8,16,0,1.478
1233,1,0,1,2016,5,8,16,0,2.008
1234,1,0,1,2016,5,8,16,0,29.737
1235,1,0,1,2016,5,8,16,0,30.316
1236,1,0,1,2016,5,8,16,0,35.35
1237,1,0,1,2016,5,8,16,0,36.051
1238,1,0,1,2016,5,8,16,0,39.189
1239,1,0,1,2016,5,8,16,0,40.103
1240,1,0,1,2016,5,8,16,1,46.707
1241,1,0,1,2016,5,8,16,1,47.331
1242,1,0,1,2016,5,8,16,1,50.402
1243,1,0,1,2016,5,8,16,1,51.679
1244,1,0,1,2016,5,8,16,1,52.48
1245,1,0,1,2016,5,8,16,1,58.499
1246,1,0,1,2016,5,8,16,1,59.181
1247,1,0,1,2016,5,8,16,2,0.866
1248,1,0,1,2016,5,8,16,2,1.567
1249,1,0,1,2016,5,8,16,2,4.634
1250,1,0,1,2016,5,8,16,2,6.014
1251,1,0,1,2016,5,8,16,2,7.85
1252,1,0,1,2016,5,8,16,3,0.08
1253,1,0,1,2016,5,8,16,3,0.598
1254,1,0,1,2016,5,8,16,5,24.442
1255,1,0,1,2016,5,8,16,8,49.022
1256,1,0,1,2016,5,8,16,8,49.698
1257,1,0,1,2016,5,8,16,8,50.555
1258,1,0,1,2016,5,8,16,8,54.827
1259,1,0,1,2016,5,8,16,8,56.057
1260,1,0,1,2016,5,8,16,8,56.96
1261,1,0,1,2016,5,8,16,10,15.149
1262,1,0,1,2016,5,8,16,10,15.856
1263,1,0,1,2016,5,8,16,15,20.644
1264,1,0,1,2016,5,8,16,15,21.285
1265,1,0,1,2016,5,8,16,19,39.023
1266,1,0,1,2016,5,8,16,19,40.905
1267,1,0,1,2016,5,8,16,20,0.856
1268,1,0,1,2016,5,8,16,20,0.971
1269,1,0,1,2016,5,8,16,20,2.007
1270,1,0,1,2016,5,8,16,20,4.841
1271,1,0,1,2016,5,8,16,20,5.808
1272,1,0,1,2016,5,8,16,21,15.359
1273,1,0,1,2016,5,8,16,21,32.015
1274,1,0,1,2016,5,8,16,21,32.5
1275,1,0,1,2016,5,8,16,21,33.174
1276,1,0,1,2016,5,8,16,21,33.288
1277,1,0,1,2016,5,8,16,21,33.976
1278,1,0,1,2016,5,8,16,21,34.495
1279,1,0,1,2016,5,8,16,22,18.796
1280,1,0,1,2016,5,8,16,22,18.895
1281,1,0,1,2016,5,8,16,22,19.486
1282,1,0,1,2016,5,8,16,23,3.775
1283,1,0,1,2016,5,8,16,23,6.256
1284,1,0,1,2016,5,8,16,23,7.334
1285,1,0,1,2016,5,8,16,23,8.988
1286,1,0,1,2016,5,8,16,24,18.618
1287,1,0,1,2016,5,8,16,27,5.167
1288,1,0,1,2016,5,8,16,27,5.677
1289,1,0,1,2016,5,8,16,27,6.317
1290,1,0,1,2016,5,8,16,27,8.796
1291,1,0,1,2016,5,8,16,27,9.511
1292,1,0,1,2016,5,8,16,27,10.135
1293,1,0,1,2016,5,8,16,27,10.732
1294,1,0,1,2016,5,8,16,27,19.295
1295,1,0,1,2016,5,8,16,27,19.817
1296,1,0,1,2016,5,8,16,27,20.451
1297,1,0,1,2016,5,8,16,27,27.674
1298,1,0,1,2016,5,8,16,27,28.426
1299,1,0,1,2016,5,8,16,27,29.077
1300,1,0,1,2016,5,8,16,27,29.42
1301,1,0,1,2016,5,8,16,28,28.927
1302,1,0,1,2016,5,8,16,28,29.394
1303,1,0,1,2016,5,8,16,28,29.804
1304,1,0,1,2016,5,8,16,30,42.208
1305,1,0,1,2016,5,8,16,30,42.763
1306,1,0,1,2016,5,8,16,30,43.171
1307,1,0,1,2016,5,8,16,30,43.736
1308,1,0,1,2016,5,8,16,30,45.599
1309,1,0,1,2016,5,8,16,30,46.157
1310,1,0,1,2016,5,8,16,41,10.001
1311,1,0,1,2016,5,8,16,41,18.218
1312,1,0,1,2016,5,8,16,41,18.628
1313,1,0,1,2016,5,8,16,41,19.189
1314,1,0,1,2016,5,8,16,41,19.866
1315,1,0,1,2016,5,8,16,41,25.462
1316,1,0,1,2016,5,8,16,41,26.119
1317,1,0,1,2016,5,8,16,41,26.821
1318,1,0,1,2016,5,8,16,41,35.441
1319,1,0,1,2016,5,8,16,41,35.812
1320,1,0,1,2016,5,8,16,41,36.447
1321,1,0,1,2016,5,8,16,41,37.684
1322,1,0,1,2016,5,8,16,41,38.506
1323,1,0,1,2016,5,8,16,41,39.617
1324,1,0,1,2016,5,8,16,41,52.054
1325,1,0,1,2016,5,8,16,41,52.552
1326,1,0,1,2016,5,8,16,41,53.314
1327,1,0,1,2016,5,8,16,41,54.008
1328,1,0,1,2016,5,8,16,41,55.488
1329,2,0,1,2016,5,8,16,42,13.647
1330,2,0,1,2016,5,8,16,42,14.227
1331,2,0,1,2016,5,8,16,42,16.142
1332,2,0,1,2016,5,8,16,42,17.197
1333,2,0,1,2016,5,8,16,42,17.983
1334,2,0,1,2016,5,8,16,42,18.928
1335,2,0,1,2016,5,8,16,42,19.733
1336,2,0,1,2016,5,8,16,42,20.702
1337,2,0,1,2016,5,8,16,42,22.529
1338,2,0,1,2016,5,8,16,42,24.01
1339,2,0,1,2016,5,8,16,42,25.524
1340,2,0,1,2016,5,8,16,42,26.27
1341,2,0,1,2016,5,8,16,42,28.633
1342,2,0,1,2016,5,8,16,42,29.133
1343,2,0,1,2016,5,8,16,42,30.183
1344,1,0,1,2016,5,8,16,42,37.275
1345,1,0,1,2016,5,8,16,42,37.937
1346,1,0,1,2016,5,8,16,42,38.765
1347,1,0,1,2016,5,8,16,42,39.709
1348,1,0,1,2016,5,8,16,42,41.337
1349,1,0,1,2016,5,8,16,42,42.153
1350,1,0,1,2016,5,8,16,42,43.051
1351,1,0,1,2016,5,8,16,42,43.519
1352,1,0,1,2016,5,8,16,43,17.567
1353,1,0,1,2016,5,8,16,43,17.976
1354,1,0,1,2016,5,8,16,43,18.386
1355,1,0,1,2016,5,8,16,43,19.078
1356,1,0,1,2016,5,8,16,52,34.207
1357,1,0,1,2016,5,8,16,52,34.829
1358,1,0,1,2016,5,8,16,52,40.99
1359,1,0,1,2016,5,8,16,52,42.926
1360,1,0,1,2016,5,8,16,52,47.394
1361,1,0,1,2016,5,8,16,52,48.905
1362,1,0,1,2016,5,8,16,52,49.931
1363,1,0,1,2016,5,8,16,52,50.731
1364,1,0,1,2016,5,8,16,52,51.618
1365,1,0,1,2016,5,8,16,52,53.274
1366,1,0,1,2016,5,8,16,52,59.011
1367,1,0,1,2016,5,8,16,53,0.591
1368,1,0,1,2016,5,8,16,53,2.543
1369,1,0,1,2016,5,8,16,53,3.031
1370,1,0,1,2016,5,8,16,53,4.314
1371,1,0,1,2016,5,8,16,53,5.36
1372,1,0,1,2016,5,8,16,53,28.51
1373,1,0,1,2016,5,8,16,53,29.513
1374,1,0,1,2016,5,8,16,53,30.432
1375,1,0,1,2016,5,8,16,53,32.233
1376,1,0,1,2016,5,8,16,53,44.106
1377,1,0,1,2016,5,8,16,53,44.756
1378,1,0,1,2016,5,8,16,53,45.685
1379,1,0,1,2016,5,8,16,53,51.09
1380,1,0,1,2016,5,8,16,53,52.682
1381,1,0,1,2016,5,8,16,53,53.691
1382,1,0,1,2016,5,8,16,53,54.602
1383,1,0,1,2016,5,8,16,53,55.802
1384,1,0,1,2016,5,8,16,53,57.648
1385,1,0,1,2016,5,8,16,53,58.775
1386,1,0,1,2016,5,8,16,55,19.375
1387,1,0,1,2016,5,8,16,55,20.188
1388,1,0,1,2016,5,8,16,55,20.62
1389,1,0,1,2016,5,8,16,55,26.417
1390,1,0,1,2016,5,8,16,55,27.254
1391,1,0,1,2016,5,8,16,56,14.342
1392,2,0,1,2016,5,8,16,57,29.354
1393,2,0,1,2016,5,8,16,57,31.224
1394,2,0,1,2016,5,8,16,57,32.438
1395,2,0,1,2016,5,8,16,57,32.556
1396,2,0,1,2016,5,8,16,57,32.752
1397,2,0,1,2016,5,8,16,57,33.835
1398,2,0,1,2016,5,8,16,57,34.208
1399,2,0,1,2016,5,8,16,57,35.43
1400,2,0,1,2016,5,8,16,57,44.765
1401,2,0,1,2016,5,8,16,57,44.913
1402,2,0,1,2016,5,8,16,57,46.493
1403,2,0,1,2016,5,8,16,57,46.62
1404,2,0,1,2016,5,8,16,57,48.077
1405,2,0,1,2016,5,8,16,57,48.196
1406,2,0,1,2016,5,8,16,57,48.914
1407,2,0,1,2016,5,8,16,57,49.043
1408,2,0,1,2016,5,8,16,57,50.413
1409,2,0,1,2016,5,8,16,57,50.58
1410,2,0,1,2016,5,8,16,57,50.873
1411,2,0,1,2016,5,8,16,57,51.925
1412,2,0,1,2016,5,8,16,57,52.099
1413,2,0,1,2016,5,8,16,57,53.65
1414,2,0,1,2016,5,8,16,57,53.773
1415,2,0,1,2016,5,8,16,57,55.549
1416,2,0,1,2016,5,8,16,57,55.683
1417,2,0,1,2016,5,8,16,57,57.134
1418,2,0,1,2016,5,8,16,58,3.159
1419,2,0,1,2016,5,8,16,58,3.841
1420,2,0,1,2016,5,8,16,58,5.551
1421,2,0,1,2016,5,8,16,58,5.76
1422,2,0,1,2016,5,8,16,58,6.52
1423,2,0,1,2016,5,8,16,58,8.151
1424,2,0,1,2016,5,8,16,58,8.277
1425,2,0,1,2016,5,8,16,58,9.546
1426,2,0,1,2016,5,8,16,58,9.724
1427,2,0,1,2016,5,8,16,58,10.017
1428,2,0,1,2016,5,8,16,58,11.78
1429,2,0,1,2016,5,8,16,58,13.65
1430,2,0,1,2016,5,8,16,58,14.021
1431,1,0,1,2016,5,8,16,58,23.037
1432,1,0,1,2016,5,8,16,58,23.592
1433,2,0,1,2016,5,8,16,58,27.618
1434,2,0,1,2016,5,8,16,58,27.846
1435,2,0,1,2016,5,8,16,58,28.957
1436,2,0,1,2016,5,8,16,58,30.704
1437,2,0,1,2016,5,8,16,58,31.115
1438,2,0,1,2016,5,8,16,58,31.802
1439,2,0,1,2016,5,8,16,58,31.927
1440,2,0,1,2016,5,8,16,58,33.723
1441,2,0,1,2016,5,8,16,58,33.976
1442,2,0,1,2016,5,8,16,58,34.323
1443,2,0,1,2016,5,8,16,58,35.409
1444,2,0,1,2016,5,8,16,58,35.617
1445,2,0,1,2016,5,8,16,58,35.814
1446,2,0,1,2016,5,8,16,58,36.805
1447,2,0,1,2016,5,8,16,58,37.945
1448,1,0,1,2016,5,8,17,1,16.304
1449,1,0,1,2016,5,8,17,1,16.441
1450,1,0,1,2016,5,8,17,1,17.841
1451,1,0,1,2016,5,8,17,1,18.08
1452,1,0,1,2016,5,8,17,1,18.558
1453,1,0,1,2016,5,8,17,1,19.202
1454,1,0,1,2016,5,8,17,1,19.323
1455,1,0,1,2016,5,8,17,1,24.301
1456,1,0,1,2016,5,8,17,1,24.428
1457,1,0,1,2016,5,8,17,1,26.299
1458,1,0,1,2016,5,8,17,19,55.529
1459,1,0,1,2016,5,8,17,25,10.241
1460,1,0,1,2016,5,8,17,25,12.938
1461,1,0,1,2016,5,8,17,25,13.678
1462,1,0,1,2016,5,8,17,25,14.761
1463,1,0,1,2016,5,8,17,25,18.29
1464,1,0,1,2016,5,8,17,25,18.986
1465,1,0,1,2016,5,8,17,25,23.528
1466,1,0,1,2016,5,8,17,25,24.537
1467,2,0,1,2016,5,8,17,31,14.621
1468,2,0,1,2016,5,8,17,31,14.758
1469,2,0,1,2016,5,8,17,31,16.538
1470,2,0,1,2016,5,8,17,31,16.659
1471,2,0,1,2016,5,8,17,31,19.967
1472,2,0,1,2016,5,8,17,31,20.208
1473,2,0,1,2016,5,8,17,31,20.937
1474,2,0,1,2016,5,8,17,31,22.537
1475,2,0,1,2016,5,8,17,31,22.947
1476,2,0,1,2016,5,8,17,31,23.761
1477,2,0,1,2016,5,8,17,31,24.045
1478,2,0,1,2016,5,8,17,31,25.153
1479,2,0,1,2016,5,8,17,31,25.58
1480,2,0,1,2016,5,8,17,31,25.702
1481,2,0,1,2016,5,8,17,31,53.34
1482,2,0,1,2016,5,8,17,31,55.129
1483,2,0,1,2016,5,8,17,31,55.337
1484,2,0,1,2016,5,8,17,31,55.629
1485,2,0,1,2016,5,8,17,31,57.418
1486,2,0,1,2016,5,8,17,31,57.799
1487,2,0,1,2016,5,8,17,31,59.059
1488,2,0,1,2016,5,8,17,32,0.282
1489,2,0,1,2016,5,8,17,32,0.407
1490,2,0,1,2016,5,8,17,32,0.71
1491,2,0,1,2016,5,8,17,32,1.796
1492,2,0,1,2016,5,8,17,32,3.65
1493,2,0,1,2016,5,8,17,32,3.779
1494,2,0,1,2016,5,8,17,32,4.001
1495,2,0,1,2016,5,8,17,32,5.455
1496,2,0,1,2016,5,8,17,32,5.713
1497,2,0,1,2016,5,8,17,32,6.992
1498,2,0,1,2016,5,8,17,32,8.255
1499,2,0,1,2016,5,8,17,32,8.392
1500,2,0,1,2016,5,8,17,32,9.049
1501,2,0,1,2016,5,8,17,32,9.806
1502,2,0,1,2016,5,8,17,32,10.829
1503,2,0,1,2016,5,8,17,32,11.543
1504,2,0,1,2016,5,8,17,32,13.215
1505,2,0,1,2016,5,8,17,32,15.238
1506,2,0,1,2016,5,8,17,32,15.466
1507,2,0,1,2016,5,8,17,32,16.496
1508,2,0,1,2016,5,8,17,32,17.511
1509,2,0,1,2016,5,8,17,32,17.725
1510,2,0,1,2016,5,8,17,32,29.454
1511,2,0,1,2016,5,8,17,32,30.616
1512,2,0,1,2016,5,8,17,32,32.376
1513,2,0,1,2016,5,8,17,32,32.576
1514,2,0,1,2016,5,8,17,32,33.715
1515,2,0,1,2016,5,8,17,32,34.121
1516,2,0,1,2016,5,8,17,32,35.079
1517,2,0,1,2016,5,8,17,32,36.784
1518,2,0,1,2016,5,8,17,32,39.439
1519,2,0,1,2016,5,8,17,32,39.572
1520,2,0,1,2016,5,8,17,32,54.558
1521,2,0,1,2016,5,8,17,32,59.918
1522,2,0,1,2016,5,8,17,33,0.087
1523,2,0,1,2016,5,8,17,33,0.883
1524,1,0,1,2016,5,8,17,55,27.354
1525,1,0,1,2016,5,8,18,4,3.215
1526,1,0,1,2016,5,8,18,4,5.193
1527,1,0,1,2016,5,8,18,4,5.538
1528,1,0,1,2016,5,8,18,4,5.905
1529,1,0,1,2016,5,8,18,5,46.617
1530,1,0,1,2016,5,8,18,5,47.969
1531,1,0,1,2016,5,8,18,5,48.361
1532,1,0,1,2016,5,8,18,5,49.057
1533,1,0,1,2016,5,8,18,9,28.965
1534,1,0,1,2016,5,8,18,9,33.18
1535,1,0,1,2016,5,8,18,10,0.007
1536,1,0,1,2016,5,8,18,10,0.136
1537,1,0,1,2016,5,8,18,10,1.327
1538,1,0,1,2016,5,8,18,10,4.335
1539,1,0,1,2016,5,8,18,10,4.472
1540,2,0,1,2016,5,8,18,12,52.953
1541,2,0,1,2016,5,8,18,12,53.145
1542,2,0,1,2016,5,8,18,12,57.589
1543,2,0,1,2016,5,8,18,12,57.786
1544,2,0,1,2016,5,8,18,21,18.376
1545,2,0,1,2016,5,8,18,21,19.814
1546,1,0,1,2016,5,8,18,22,19.891
1547,2,0,1,2016,5,8,18,24,10.277
1548,2,0,1,2016,5,8,18,24,35.816
1549,2,0,1,2016,5,8,18,24,36.87
1550,2,0,1,2016,5,8,18,26,35.716
1551,2,0,1,2016,5,8,18,26,35.846
1552,2,0,1,2016,5,8,18,26,48.211
1553,2,0,1,2016,5,8,18,26,48.934
1554,2,0,1,2016,5,8,18,26,49.185
1555,2,0,1,2016,5,8,18,27,12
1556,2,0,1,2016,5,8,18,27,12.14
1557,2,0,1,2016,5,8,18,27,14.343
1558,2,0,1,2016,5,8,18,27,17.172
1559,2,0,1,2016,5,8,18,32,12.532
1560,2,0,1,2016,5,8,18,32,14.125
1561,2,0,1,2016,5,8,18,33,33.151
1562,2,0,1,2016,5,8,18,33,34.198
1563,2,0,1,2016,5,8,18,33,34.372
1564,2,0,1,2016,5,8,18,34,52.524
1565,2,0,1,2016,5,8,18,34,52.691
1566,2,0,1,2016,5,8,18,34,53.415
1567,2,0,1,2016,5,8,18,34,54.38
1568,2,0,1,2016,5,8,18,34,54.595
1569,2,0,1,2016,5,8,18,34,55.062
1570,2,0,1,2016,5,8,18,35,1.04
1571,2,0,1,2016,5,8,18,35,1.458
1572,2,0,1,2016,5,8,18,35,1.867
1573,2,0,1,2016,5,8,18,35,2.476
1574,2,0,1,2016,5,8,18,35,4.139
1575,2,0,1,2016,5,8,18,35,4.265
1576,2,0,1,2016,5,8,18,35,4.387
1577,2,0,1,2016,5,8,18,35,5.645
1578,2,0,1,2016,5,8,18,35,6.291
1579,2,0,1,2016,5,8,18,35,7.048
1580,2,0,1,2016,5,8,18,35,7.983
1581,2,0,1,2016,5,8,18,35,8.115
1582,2,0,1,2016,5,8,18,35,9.284
1583,2,0,1,2016,5,8,18,35,9.96
1584,2,0,1,2016,5,8,18,35,12.348
1585,2,0,1,2016,5,8,18,35,12.477
1586,2,0,1,2016,5,8,18,35,13.121
1587,2,0,1,2016,5,8,18,35,13.351
1588,2,0,1,2016,5,8,18,35,14.4
1589,2,0,1,2016,5,8,18,35,15.976
1590,2,0,1,2016,5,8,18,35,17.757
1591,2,0,1,2016,5,8,18,35,20.75
1592,2,0,1,2016,5,8,18,35,22.019
1593,2,0,1,2016,5,8,18,35,22.319
1594,2,0,1,2016,5,8,18,35,22.693
1595,2,0,1,2016,5,8,18,39,18.342
1596,1,0,1,2016,5,8,18,40,15.202
1597,1,0,1,2016,5,8,18,40,15.475
1598,1,0,1,2016,5,8,18,40,16.421
1599,1,0,1,2016,5,8,18,40,17.72
1600,1,0,1,2016,5,8,18,41,45.188
1601,2,0,1,2016,5,8,18,43,11.773
1602,2,0,1,2016,5,8,18,43,13.339
1603,2,0,1,2016,5,8,18,43,14.814
1604,2,0,1,2016,5,8,18,43,15.958
1605,2,0,1,2016,5,8,18,43,16.266
1606,2,0,1,2016,5,8,18,43,17.252
