Var1_ 1,Var1_ 2,Var1_ 3,Var1_ 4,Var1_ 5,Var1_ 6,Var1_ 7,Var1_ 8,Var1_ 9,Var1_10
0,0,0,0,2016,5,1,10,37,47.343
1,1,1,1,2016,5,1,10,50,17.797
2,1,1,1,2016,5,1,10,50,33.385
3,1,0,1,2016,5,1,10,50,33.5
4,1,1,1,2016,5,1,10,50,51.605
5,1,2,1,2016,5,1,10,51,3.63
6,2,2,1,2016,5,1,10,52,40.123
7,2,2,1,2016,5,1,10,53,49.831
8,2,2,1,2016,5,1,10,54,22.023
9,2,2,1,2016,5,1,10,54,36.122
10,2,1,1,2016,5,1,10,54,58.057
11,2,2,1,2016,5,1,10,55,4.055
12,2,2,1,2016,5,1,10,55,22.328
13,2,1,1,2016,5,1,10,55,49.561
14,2,2,1,2016,5,1,10,56,12.023
15,2,0,1,2016,5,1,10,56,12.08
16,2,2,1,2016,5,1,10,56,29.831
17,2,2,1,2016,5,1,10,56,40.588
18,2,1,1,2016,5,1,10,56,56.092
19,2,0,1,2016,5,1,10,56,57.384
20,2,2,1,2016,5,1,10,56,59.052
21,2,0,1,2016,5,1,10,56,59.128
22,2,1,1,2016,5,1,10,57,11.693
23,2,2,1,2016,5,1,10,57,20.704
24,2,1,1,2016,5,1,10,57,32.986
25,2,2,1,2016,5,1,10,57,49.463
26,2,2,1,2016,5,1,10,58,1.283
27,2,2,1,2016,5,1,10,58,20.92
28,2,2,1,2016,5,1,10,58,30.238
29,2,2,1,2016,5,1,10,58,38.618
30,2,1,1,2016,5,1,10,58,50.944
31,2,0,1,2016,5,1,10,58,51.016
32,2,2,1,2016,5,1,11,0,43.219
33,2,2,1,2016,5,1,11,1,8.561
34,2,1,1,2016,5,1,11,1,24.206
35,2,0,1,2016,5,1,11,1,24.264
36,2,1,1,2016,5,1,11,1,31.449
37,2,0,1,2016,5,1,11,1,31.493
38,1,1,1,2016,5,1,11,9,26.279
39,1,1,1,2016,5,1,11,9,53.04
40,1,1,1,2016,5,1,11,10,9.624
41,1,1,1,2016,5,1,11,10,28.552
42,1,1,1,2016,5,1,11,10,44.404
43,1,1,1,2016,5,1,11,10,52.699
44,1,1,1,2016,5,1,11,10,57.342
45,1,1,1,2016,5,1,11,25,15.586
46,1,0,1,2016,5,1,11,25,16.089
47,1,2,1,2016,5,1,11,30,28.141
48,1,1,1,2016,5,1,11,31,55.364
49,1,1,1,2016,5,1,11,32,1.398
50,1,0,1,2016,5,1,11,32,1.517
51,1,2,1,2016,5,1,11,32,4.304
52,1,0,1,2016,5,1,11,32,4.396
53,1,1,1,2016,5,1,11,33,30.679
54,1,1,1,2016,5,1,11,33,37.655
55,1,2,1,2016,5,1,11,33,43.821
56,1,2,1,2016,5,1,11,37,4.486
57,1,0,1,2016,5,1,11,37,4.986
58,1,2,1,2016,5,1,11,48,1.962
59,1,0,1,2016,5,1,11,48,2.079
60,1,1,1,2016,5,1,11,48,34.223
61,1,1,1,2016,5,1,11,48,43.036
62,1,2,1,2016,5,1,11,48,50.518
63,1,2,1,2016,5,1,11,50,17.915
64,1,1,1,2016,5,1,11,50,41.318
65,1,1,1,2016,5,1,11,50,46.928
66,1,2,1,2016,5,1,11,50,54.461
67,1,0,1,2016,5,1,11,50,54.781
68,1,1,1,2016,5,1,11,51,17.145
69,1,1,1,2016,5,1,11,51,26.259
70,1,0,1,2016,5,1,11,51,26.325
71,1,0,1,2016,5,1,11,51,26.784
72,1,1,1,2016,5,1,11,51,32.915
73,2,2,1,2016,5,1,11,54,7.114
74,2,2,1,2016,5,1,11,54,45.13
75,2,2,1,2016,5,1,11,55,18.289
76,2,0,1,2016,5,1,11,55,36.071
77,2,0,1,2016,5,1,11,55,37.626
78,2,0,1,2016,5,1,11,55,38.595
79,2,0,1,2016,5,1,11,55,38.785
80,2,0,1,2016,5,1,11,55,40.33
81,2,0,1,2016,5,1,11,55,41.754
82,2,0,1,2016,5,1,11,55,42.076
83,2,0,1,2016,5,1,11,55,43.316
84,2,0,1,2016,5,1,11,55,43.629
85,2,0,1,2016,5,1,11,55,45.103
86,2,0,1,2016,5,1,11,55,46.698
87,2,0,1,2016,5,1,11,55,48.053
88,2,0,1,2016,5,1,11,55,50.59
89,2,0,1,2016,5,1,11,55,52.94
90,2,0,1,2016,5,1,11,55,55.417
91,2,0,1,2016,5,1,11,55,57.862
92,2,0,1,2016,5,1,11,55,59.825
93,2,0,1,2016,5,1,11,56,3.979
94,2,0,1,2016,5,1,11,56,5.801
95,2,0,1,2016,5,1,11,56,8.027
96,2,0,1,2016,5,1,11,56,9.349
97,2,0,1,2016,5,1,11,56,11.243
98,2,0,1,2016,5,1,11,56,11.378
99,2,0,1,2016,5,1,11,56,13.481
100,2,0,1,2016,5,1,11,56,15.522
101,2,0,1,2016,5,1,11,56,23.791
102,2,0,1,2016,5,1,11,56,25.162
103,2,0,1,2016,5,1,11,56,27.226
104,2,0,1,2016,5,1,11,56,27.685
105,2,0,1,2016,5,1,11,56,29.507
106,1,0,1,2016,5,1,12,0,9.869
107,1,0,1,2016,5,1,12,0,10.372
108,1,0,1,2016,5,1,12,0,11.219
109,1,0,1,2016,5,1,12,0,13.775
110,1,0,1,2016,5,1,12,0,14.505
111,1,0,1,2016,5,1,12,0,15.2
112,1,0,1,2016,5,1,12,0,17.594
113,1,0,1,2016,5,1,12,0,18.402
114,1,0,1,2016,5,1,12,0,19.353
115,1,0,1,2016,5,1,12,0,20.61
116,1,0,1,2016,5,1,12,0,21.7
117,1,0,1,2016,5,1,12,0,22.912
118,1,0,1,2016,5,1,12,0,24.841
119,1,0,1,2016,5,1,12,0,26.201
120,1,0,1,2016,5,1,12,0,27.308
121,1,0,1,2016,5,1,12,3,14.936
122,1,0,1,2016,5,1,12,3,15.767
123,1,0,1,2016,5,1,12,3,16.682
124,1,0,1,2016,5,1,12,3,17.339
125,1,0,1,2016,5,1,12,3,18.956
126,1,0,1,2016,5,1,12,3,22.096
127,1,0,1,2016,5,1,12,3,23.03
128,1,0,1,2016,5,1,12,3,23.583
129,1,0,1,2016,5,1,12,3,24.863
130,1,0,1,2016,5,1,12,3,25.792
131,1,0,1,2016,5,1,12,3,26.746
132,1,0,1,2016,5,1,12,3,27.66
133,1,0,1,2016,5,1,12,11,54.578
134,1,0,1,2016,5,1,12,11,56.104
135,1,0,1,2016,5,1,12,11,57.911
136,1,0,1,2016,5,1,12,12,5.376
137,1,0,1,2016,5,1,12,12,19.119
138,1,0,1,2016,5,1,12,17,23.313
139,1,0,1,2016,5,1,12,17,23.929
140,1,0,1,2016,5,1,12,17,24.003
141,1,0,1,2016,5,1,12,17,25.825
142,1,0,1,2016,5,1,12,36,34.736
143,1,0,1,2016,5,1,12,36,45.87
144,1,0,1,2016,5,1,12,36,46.32
145,1,0,1,2016,5,1,12,36,48.218
146,1,0,1,2016,5,1,12,36,57.868
147,1,0,1,2016,5,1,12,39,1.394
148,1,0,1,2016,5,1,12,39,2.515
149,1,0,1,2016,5,1,12,39,3.024
150,2,0,1,2016,5,1,12,44,41.918
151,2,0,1,2016,5,1,12,44,43.236
152,2,0,1,2016,5,1,12,44,44.97
153,2,0,1,2016,5,1,12,44,46.776
154,1,0,1,2016,5,1,12,51,23.872
155,2,0,1,2016,5,1,12,51,34.224
156,1,0,1,2016,5,1,12,53,45.868
157,1,0,1,2016,5,1,12,53,46.528
158,1,0,1,2016,5,1,12,53,50.241
159,1,0,1,2016,5,1,12,53,50.759
160,1,0,1,2016,5,1,12,53,54.831
161,1,0,1,2016,5,1,12,53,55.45
162,1,0,1,2016,5,1,12,53,56.563
163,1,0,1,2016,5,1,12,54,1.896
164,1,0,1,2016,5,1,12,54,2.635
165,1,0,1,2016,5,1,12,54,3.33
166,1,0,1,2016,5,1,12,54,11.069
167,1,0,1,2016,5,1,12,54,11.684
168,1,0,1,2016,5,1,13,7,9.651
169,1,0,1,2016,5,1,13,7,24.177
170,1,0,1,2016,5,1,13,7,25.973
171,1,0,1,2016,5,1,13,10,9.597
172,1,0,1,2016,5,1,13,10,10.907
173,1,0,1,2016,5,1,13,10,10.954
174,1,0,1,2016,5,1,13,10,21.459
175,1,0,1,2016,5,1,13,10,21.499
176,1,0,1,2016,5,1,13,10,23.695
177,2,0,1,2016,5,1,13,14,41.853
178,2,0,1,2016,5,1,13,14,42.122
179,2,0,1,2016,5,1,13,14,43.733
180,2,0,1,2016,5,1,13,14,45.872
181,2,0,1,2016,5,1,13,14,46.216
182,2,0,1,2016,5,1,13,14,48.222
183,2,0,1,2016,5,1,13,14,50.651
184,2,0,1,2016,5,1,13,14,54.417
185,2,0,1,2016,5,1,13,14,57.242
186,2,0,1,2016,5,1,13,14,57.419
187,1,0,1,2016,5,1,13,18,48.193
188,1,0,1,2016,5,1,13,18,51.696
189,1,0,1,2016,5,1,13,37,40.549
190,1,0,1,2016,5,1,13,41,14.523
191,1,0,1,2016,5,1,13,41,20.114
192,1,0,1,2016,5,1,13,43,6.594
193,1,0,1,2016,5,1,13,43,9.717
194,1,0,1,2016,5,1,13,44,45.348
195,1,0,1,2016,5,1,13,44,45.95
196,1,0,1,2016,5,1,13,44,46.125
197,1,0,1,2016,5,1,13,44,49.852
198,1,0,1,2016,5,1,13,47,32.174
199,1,0,1,2016,5,1,13,52,4.849
200,1,0,1,2016,5,1,13,52,7.091
201,2,0,1,2016,5,1,13,52,13.97
202,2,0,1,2016,5,1,13,52,15.528
203,2,0,1,2016,5,1,13,52,15.803
204,2,0,1,2016,5,1,13,52,18.098
205,2,0,1,2016,5,1,13,52,19.078
206,2,0,1,2016,5,1,13,52,19.194
207,2,0,1,2016,5,1,13,52,21.197
208,2,0,1,2016,5,1,13,56,5.119
209,2,0,1,2016,5,1,13,56,6.516
210,2,0,1,2016,5,1,13,56,7.041
211,2,0,1,2016,5,1,13,56,8.357
212,2,0,1,2016,5,1,13,56,8.651
213,2,0,1,2016,5,1,13,56,10.677
214,2,0,1,2016,5,1,13,56,12.407
215,1,0,1,2016,5,1,13,57,16.521
216,1,0,1,2016,5,1,13,57,18.808
217,1,0,1,2016,5,1,13,57,18.93
218,1,0,1,2016,5,1,14,2,1.257
219,1,0,1,2016,5,1,14,2,1.321
220,1,0,1,2016,5,1,14,2,2.383
221,1,0,1,2016,5,1,14,2,2.54
222,1,0,1,2016,5,1,14,2,3.474
223,1,0,1,2016,5,1,14,2,4.036
224,1,0,1,2016,5,1,14,2,4.616
225,1,0,1,2016,5,1,14,2,6.108
226,1,0,1,2016,5,1,14,2,7.81
227,1,0,1,2016,5,1,14,2,8.023
228,1,0,1,2016,5,1,14,16,37.621
229,1,0,1,2016,5,1,14,16,38.261
230,1,0,1,2016,5,1,14,16,39.033
231,1,0,1,2016,5,1,14,16,44.229
232,1,0,1,2016,5,1,14,16,45.046
233,1,0,1,2016,5,1,14,16,46.118
234,1,0,1,2016,5,1,14,16,51.809
235,1,0,1,2016,5,1,14,16,52.542
236,1,0,1,2016,5,1,14,16,53.567
237,1,0,1,2016,5,1,14,16,54.681
238,1,0,1,2016,5,1,14,16,55.372
239,1,0,1,2016,5,1,14,16,56.946
240,1,0,1,2016,5,1,14,16,58.786
241,1,0,1,2016,5,1,14,17,30.261
242,1,0,1,2016,5,1,14,17,31.055
243,1,0,1,2016,5,1,14,17,31.851
244,1,0,1,2016,5,1,14,18,14.685
245,1,0,1,2016,5,1,14,18,15.682
246,1,0,1,2016,5,1,14,21,5.595
247,1,0,1,2016,5,1,14,21,8.081
248,1,0,1,2016,5,1,14,21,8.703
249,1,0,1,2016,5,1,14,21,9.685
250,1,0,1,2016,5,1,14,21,10.479
251,1,0,1,2016,5,1,14,21,11.392
252,1,0,1,2016,5,1,14,21,12.958
253,1,0,1,2016,5,1,14,21,14.938
254,1,0,1,2016,5,1,14,21,15.682
255,1,0,1,2016,5,1,14,21,17.643
256,1,0,1,2016,5,1,14,21,18.267
257,1,0,1,2016,5,1,14,21,18.908
258,1,0,1,2016,5,1,14,21,20.403
259,1,0,1,2016,5,1,14,21,22.047
260,1,0,1,2016,5,1,14,21,24.201
261,1,0,1,2016,5,1,14,21,25.339
262,1,0,1,2016,5,1,14,21,26.394
263,1,0,1,2016,5,1,14,21,27.682
264,1,0,1,2016,5,1,14,21,28.439
265,1,0,1,2016,5,1,14,21,29.65
266,1,0,1,2016,5,1,14,21,31.447
267,1,0,1,2016,5,1,14,21,32.377
268,1,0,1,2016,5,1,14,21,32.948
269,1,0,1,2016,5,1,14,21,35.083
270,2,0,1,2016,5,1,14,27,17.947
271,2,0,1,2016,5,1,14,27,19.059
272,2,0,1,2016,5,1,14,27,19.329
273,2,0,1,2016,5,1,14,27,21.542
274,2,0,1,2016,5,1,14,27,23.403
275,2,0,1,2016,5,1,14,27,25.282
276,2,0,1,2016,5,1,14,27,28.315
277,2,0,1,2016,5,1,14,27,30.564
278,1,0,1,2016,5,1,14,32,37.268
279,1,0,1,2016,5,1,14,32,37.914
280,1,0,1,2016,5,1,14,32,41.58
281,1,0,1,2016,5,1,14,32,42.255
282,1,0,1,2016,5,1,14,32,43.743
283,1,0,1,2016,5,1,14,32,44.968
284,1,0,1,2016,5,1,14,56,36.009
285,1,0,1,2016,5,1,14,56,37.425
286,1,0,1,2016,5,1,14,56,39.465
287,1,0,1,2016,5,1,14,56,41.078
288,1,0,1,2016,5,1,14,56,41.171
289,1,0,1,2016,5,1,14,56,41.438
290,1,0,1,2016,5,1,14,56,44.762
291,1,0,1,2016,5,1,14,56,48.364
292,1,0,1,2016,5,1,14,56,48.766
293,1,0,1,2016,5,1,14,56,50.692
294,1,0,1,2016,5,1,14,56,53.281
295,1,0,1,2016,5,1,14,56,58.696
296,1,0,1,2016,5,1,14,57,1.155
297,1,0,1,2016,5,1,14,57,3.35
298,1,0,1,2016,5,1,14,57,6.005
299,2,0,1,2016,5,1,14,57,17.107
300,2,0,1,2016,5,1,14,57,17.395
301,2,0,1,2016,5,1,14,57,19.011
302,2,0,1,2016,5,1,14,57,20.64
303,2,0,1,2016,5,1,14,57,23.098
304,2,0,1,2016,5,1,14,57,24.151
305,2,0,1,2016,5,1,14,57,26.614
306,2,0,1,2016,5,1,14,57,28.503
307,2,0,1,2016,5,1,14,57,29.073
308,2,0,1,2016,5,1,14,57,31.671
309,1,0,1,2016,5,1,14,57,38.968
310,1,0,1,2016,5,1,14,57,39.012
311,1,0,1,2016,5,1,14,57,41.152
312,1,0,1,2016,5,1,14,59,53.056
313,1,0,1,2016,5,1,14,59,57.887
314,1,0,1,2016,5,1,15,0,0.503
315,1,0,1,2016,5,1,15,0,2.945
316,2,0,1,2016,5,1,15,0,14.807
317,2,0,1,2016,5,1,15,0,16.767
318,2,0,1,2016,5,1,15,0,18.467
319,2,0,1,2016,5,1,15,0,18.755
320,2,0,1,2016,5,1,15,0,20.185
321,2,0,1,2016,5,1,15,0,20.522
322,2,0,1,2016,5,1,15,0,22.591
323,1,0,1,2016,5,1,15,0,43.443
324,2,0,1,2016,5,1,15,1,11.705
325,2,0,1,2016,5,1,15,1,12.751
326,2,0,1,2016,5,1,15,1,13.972
327,2,0,1,2016,5,1,15,1,15.489
328,2,0,1,2016,5,1,15,1,16.345
329,2,0,1,2016,5,1,15,1,17.078
330,2,0,1,2016,5,1,15,1,49.397
331,2,0,1,2016,5,1,15,1,49.493
332,2,0,1,2016,5,1,15,1,49.711
333,1,0,1,2016,5,1,15,1,58.304
334,1,0,1,2016,5,1,15,1,59.641
335,1,0,1,2016,5,1,15,2,11.381
336,1,0,1,2016,5,1,15,6,47.463
337,1,0,1,2016,5,1,15,6,48.167
338,1,0,1,2016,5,1,15,6,48.624
339,2,0,1,2016,5,1,15,7,59.467
340,2,0,1,2016,5,1,15,7,59.637
341,2,0,1,2016,5,1,15,8,1.249
342,2,0,1,2016,5,1,15,8,1.368
343,2,0,1,2016,5,1,15,8,2.363
344,2,0,1,2016,5,1,15,8,2.633
345,2,0,1,2016,5,1,15,8,2.939
346,2,0,1,2016,5,1,15,8,4.533
347,2,0,1,2016,5,1,15,8,5.867
348,2,0,1,2016,5,1,15,8,5.985
349,1,0,1,2016,5,1,15,17,30.314
350,1,0,1,2016,5,1,15,17,33.906
351,1,0,1,2016,5,1,15,18,48.272
352,1,0,1,2016,5,1,15,18,48.393
353,1,0,1,2016,5,1,15,18,48.833
354,1,0,1,2016,5,1,15,18,51.082
355,1,0,1,2016,5,1,15,19,32.052
356,1,0,1,2016,5,1,15,19,35.174
357,1,0,1,2016,5,1,15,19,35.668
358,1,0,1,2016,5,1,15,20,30.943
359,1,0,1,2016,5,1,15,20,31.348
360,1,0,1,2016,5,1,15,20,34.364
361,1,0,1,2016,5,1,15,20,34.753
362,2,0,1,2016,5,1,15,34,55.207
363,2,0,1,2016,5,1,15,34,57.217
364,2,0,1,2016,5,1,15,35,0.351
365,2,0,1,2016,5,1,15,35,1.692
366,2,0,1,2016,5,1,15,35,2.395
367,2,0,1,2016,5,1,15,35,5.807
368,2,0,1,2016,5,1,15,37,45.859
369,2,0,1,2016,5,1,15,37,46.034
370,2,0,1,2016,5,1,15,37,47.777
371,2,0,1,2016,5,1,15,37,48.012
372,2,0,1,2016,5,1,15,37,50.091
373,2,0,1,2016,5,1,15,37,53.462
374,1,0,1,2016,5,1,15,40,0.82
375,1,0,1,2016,5,1,15,40,1.521
376,1,0,1,2016,5,1,15,40,2.367
377,1,0,1,2016,5,1,15,40,3.495
378,1,0,1,2016,5,1,15,40,4.65
379,1,0,1,2016,5,1,15,40,5.703
380,1,0,1,2016,5,1,15,40,8.703
381,1,0,1,2016,5,1,15,40,9.512
382,1,0,1,2016,5,1,15,40,10.955
383,1,0,1,2016,5,1,15,40,11.887
384,1,0,1,2016,5,1,15,40,30.369
385,1,0,1,2016,5,1,15,40,30.942
386,1,0,1,2016,5,1,15,40,32.083
387,1,0,1,2016,5,1,15,40,35.039
388,1,0,1,2016,5,1,15,40,35.847
389,1,0,1,2016,5,1,15,40,36.803
390,1,0,1,2016,5,1,15,40,37.517
391,1,0,1,2016,5,1,15,40,40.502
392,1,0,1,2016,5,1,15,40,43.26
393,1,0,1,2016,5,1,15,40,44.633
394,1,0,1,2016,5,1,15,40,46.031
395,1,0,1,2016,5,1,15,40,47.906
396,1,0,1,2016,5,1,15,40,48.983
397,1,0,1,2016,5,1,15,40,49.565
398,1,0,1,2016,5,1,15,40,50.9
399,1,0,1,2016,5,1,15,40,52.79
400,1,0,1,2016,5,1,15,40,53.57
401,1,0,1,2016,5,1,15,40,54.831
402,1,0,1,2016,5,1,15,40,55.946
403,1,0,1,2016,5,1,15,40,56.757
404,1,0,1,2016,5,1,15,40,58.715
405,1,0,1,2016,5,1,15,41,1.047
406,1,0,1,2016,5,1,15,41,1.748
407,1,0,1,2016,5,1,15,41,22.566
408,1,0,1,2016,5,1,15,41,23.258
409,1,0,1,2016,5,1,15,41,24.196
410,1,0,1,2016,5,1,15,41,26.737
411,1,0,1,2016,5,1,15,42,6.754
412,1,0,1,2016,5,1,15,42,7.545
413,1,0,1,2016,5,1,15,42,8.412
414,1,0,1,2016,5,1,15,42,9.029
415,1,0,1,2016,5,1,15,42,10.057
416,1,0,1,2016,5,1,15,43,23.518
417,1,0,1,2016,5,1,15,43,24.622
418,1,0,1,2016,5,1,15,43,25.201
419,1,0,1,2016,5,1,15,43,31.996
420,1,0,1,2016,5,1,15,43,33.277
421,1,0,1,2016,5,1,15,50,29.69
422,1,0,1,2016,5,1,15,50,31.988
423,1,0,1,2016,5,1,15,50,33.194
424,1,0,1,2016,5,1,15,50,35.261
425,1,0,1,2016,5,1,15,50,37.437
426,1,0,1,2016,5,1,15,50,41.536
427,1,0,1,2016,5,1,15,51,3.834
428,1,0,1,2016,5,1,15,51,7.929
429,1,0,1,2016,5,1,15,51,7.986
430,1,0,1,2016,5,1,15,51,10.097
431,2,0,1,2016,5,1,15,53,6.479
432,2,0,1,2016,5,1,15,53,6.542
433,2,0,1,2016,5,1,15,53,9.857
434,2,0,1,2016,5,1,15,53,10.324
435,2,0,1,2016,5,1,15,53,12.96
436,2,0,1,2016,5,1,15,53,46.327
437,2,0,1,2016,5,1,15,53,48.429
438,2,0,1,2016,5,1,15,53,50.825
439,2,0,1,2016,5,1,15,53,51.169
440,2,0,1,2016,5,1,15,57,42.93
441,2,0,1,2016,5,1,15,57,44.715
442,2,0,1,2016,5,1,15,57,46.516
443,2,0,1,2016,5,1,15,57,46.613
444,2,0,1,2016,5,1,15,57,46.926
445,2,0,1,2016,5,1,15,57,49.144
446,2,0,1,2016,5,1,15,57,49.625
447,1,0,1,2016,5,1,15,59,7.93
448,1,0,1,2016,5,1,15,59,10.543
449,1,0,1,2016,5,1,15,59,11.186
450,1,0,1,2016,5,1,15,59,12.661
451,1,0,1,2016,5,1,15,59,14.685
452,1,0,1,2016,5,1,15,59,15.805
453,1,0,1,2016,5,1,15,59,16.802
454,1,0,1,2016,5,1,15,59,17.592
455,1,0,1,2016,5,1,15,59,18.404
456,1,0,1,2016,5,1,15,59,22.152
457,1,0,1,2016,5,1,15,59,22.792
458,1,0,1,2016,5,1,15,59,24.612
459,1,0,1,2016,5,1,15,59,25.364
460,1,0,1,2016,5,1,15,59,26.241
461,1,0,1,2016,5,1,15,59,33.559
462,1,0,1,2016,5,1,15,59,34.368
463,1,0,1,2016,5,1,15,59,35.41
464,1,0,1,2016,5,1,16,0,1.717
465,1,0,1,2016,5,1,16,0,2.748
466,1,0,1,2016,5,1,16,0,3.71
467,1,0,1,2016,5,1,16,0,4.465
468,1,0,1,2016,5,1,16,0,5.223
469,1,0,1,2016,5,1,16,4,46.888
470,1,0,1,2016,5,1,16,4,47.492
471,1,0,1,2016,5,1,16,4,50.433
472,1,0,1,2016,5,1,16,4,51.365
473,1,0,1,2016,5,1,16,4,52.468
474,1,0,1,2016,5,1,16,4,55.184
475,1,0,1,2016,5,1,16,4,55.762
476,1,0,1,2016,5,1,16,4,56.85
477,1,0,1,2016,5,1,16,4,57.512
478,1,0,1,2016,5,1,16,4,59.94
479,1,0,1,2016,5,1,16,5,0.549
480,1,0,1,2016,5,1,16,5,1.225
481,1,0,1,2016,5,1,16,5,4.604
482,1,0,1,2016,5,1,16,5,6.196
483,1,0,1,2016,5,1,16,5,7.008
484,1,0,1,2016,5,1,16,5,7.821
485,1,0,1,2016,5,1,16,5,7.881
486,1,0,1,2016,5,1,16,5,10.092
487,1,0,1,2016,5,1,16,5,11.244
488,1,0,1,2016,5,1,16,5,12.04
489,1,0,1,2016,5,1,16,5,12.862
490,1,0,1,2016,5,1,16,5,14.551
491,1,0,1,2016,5,1,16,5,14.676
492,1,0,1,2016,5,1,16,5,15.319
493,1,0,1,2016,5,1,16,5,16.373
494,2,0,1,2016,5,1,16,10,47.546
495,2,0,1,2016,5,1,16,10,49.145
496,2,0,1,2016,5,1,16,10,53.817
497,2,0,1,2016,5,1,16,10,54.298
498,1,0,1,2016,5,1,16,11,6.797
499,1,0,1,2016,5,1,16,11,6.911
500,1,0,1,2016,5,1,16,11,6.964
501,1,0,1,2016,5,1,16,11,20.043
502,1,0,1,2016,5,1,16,11,21.913
503,1,0,1,2016,5,1,16,11,33.874
504,1,0,1,2016,5,1,16,11,35.309
505,1,0,1,2016,5,1,16,11,35.561
506,1,0,1,2016,5,1,16,11,35.622
507,1,0,1,2016,5,1,16,12,10.682
508,1,0,1,2016,5,1,16,13,49.63
509,1,0,1,2016,5,1,16,13,49.823
510,2,0,1,2016,5,1,16,14,0.35
511,2,0,1,2016,5,1,16,14,2.789
512,2,0,1,2016,5,1,16,14,4.929
513,2,0,1,2016,5,1,16,14,8.885
514,2,0,1,2016,5,1,16,14,10.107
515,2,0,1,2016,5,1,16,14,32.051
516,2,0,1,2016,5,1,16,14,33.857
517,2,0,1,2016,5,1,16,14,34.579
518,2,0,1,2016,5,1,16,14,34.64
519,2,0,1,2016,5,1,16,14,34.696
520,2,0,1,2016,5,1,16,14,37.352
521,2,0,1,2016,5,1,16,14,37.559
522,2,0,1,2016,5,1,16,15,13.957
523,2,0,1,2016,5,1,16,15,15.547
524,2,0,1,2016,5,1,16,15,18.988
525,2,0,1,2016,5,1,16,15,19.341
526,2,0,1,2016,5,1,16,15,19.723
527,2,0,1,2016,5,1,16,15,22.788
528,2,0,1,2016,5,1,16,15,26.49
529,2,0,1,2016,5,1,16,15,26.689
530,2,0,1,2016,5,1,16,15,26.801
531,2,0,1,2016,5,1,16,19,44.435
532,2,0,1,2016,5,1,16,19,45.573
533,2,0,1,2016,5,1,16,19,48.337
534,2,0,1,2016,5,1,16,19,48.841
535,2,0,1,2016,5,1,16,19,48.973
536,2,0,1,2016,5,1,16,20,35.34
537,2,0,1,2016,5,1,16,20,36.724
538,2,0,1,2016,5,1,16,20,37.477
539,2,0,1,2016,5,1,16,20,37.729
540,2,0,1,2016,5,1,16,20,38.02
541,2,0,1,2016,5,1,16,20,38.246
542,2,0,1,2016,5,1,16,21,7.895
543,2,0,1,2016,5,1,16,21,8.082
544,2,0,1,2016,5,1,16,21,10.911
545,2,0,1,2016,5,1,16,21,15.618
546,2,0,1,2016,5,1,16,21,16.552
547,2,0,1,2016,5,1,16,21,16.624
548,2,0,1,2016,5,1,16,21,21.201
549,2,0,1,2016,5,1,16,21,21.263
550,2,0,1,2016,5,1,16,21,21.393
551,2,0,1,2016,5,1,16,21,23.711
552,2,0,1,2016,5,1,16,21,26.361
553,2,0,1,2016,5,1,16,21,27.237
554,2,0,1,2016,5,1,16,21,33.881
555,2,0,1,2016,5,1,16,21,33.948
556,2,0,1,2016,5,1,16,21,33.996
557,2,0,1,2016,5,1,16,21,42.73
558,2,0,1,2016,5,1,16,21,43.152
559,2,0,1,2016,5,1,16,21,43.214
560,2,0,1,2016,5,1,16,21,43.385
561,2,0,1,2016,5,1,16,21,43.635
562,2,0,1,2016,5,1,16,21,47.055
563,2,0,1,2016,5,1,16,21,49.268
564,2,0,1,2016,5,1,16,21,50.315
565,2,0,1,2016,5,1,16,21,52.958
566,2,0,1,2016,5,1,16,21,53.032
567,2,0,1,2016,5,1,16,21,53.479
568,2,0,1,2016,5,1,16,21,53.555
569,2,0,1,2016,5,1,16,22,0.669
570,2,0,1,2016,5,1,16,22,0.752
571,2,0,1,2016,5,1,16,22,1.975
572,2,0,1,2016,5,1,16,22,2.216
573,2,0,1,2016,5,1,16,22,2.271
574,2,0,1,2016,5,1,16,22,5.861
575,2,0,1,2016,5,1,16,22,29.733
576,2,0,1,2016,5,1,16,22,30.338
577,2,0,1,2016,5,1,16,22,30.409
578,2,0,1,2016,5,1,16,22,30.469
579,2,0,1,2016,5,1,16,22,33.599
580,2,0,1,2016,5,1,16,22,34.034
581,2,0,1,2016,5,1,16,22,34.166
582,2,0,1,2016,5,1,16,22,34.247
583,2,0,1,2016,5,1,16,23,41.858
584,2,0,1,2016,5,1,16,24,7.074
585,2,0,1,2016,5,1,16,24,7.296
586,2,0,1,2016,5,1,16,24,8.864
587,2,0,1,2016,5,1,16,29,44.908
588,2,0,1,2016,5,1,16,29,45.451
589,2,0,1,2016,5,1,16,29,48.44
590,2,0,1,2016,5,1,16,29,50.828
591,2,0,1,2016,5,1,16,29,51.328
592,2,0,1,2016,5,1,16,30,17.821
593,2,0,1,2016,5,1,16,30,18.022
594,2,0,1,2016,5,1,16,30,20.347
595,2,0,1,2016,5,1,16,30,22.755
596,2,0,1,2016,5,1,16,30,23.082
597,1,0,1,2016,5,1,16,34,18.173
598,1,0,1,2016,5,1,16,34,21.007
599,1,0,1,2016,5,1,16,34,23.393
600,1,0,1,2016,5,1,16,34,24.225
601,1,0,1,2016,5,1,16,34,25.969
602,1,0,1,2016,5,1,16,34,31.324
603,1,0,1,2016,5,1,16,41,34.684
604,1,0,1,2016,5,1,16,44,30.69
605,2,0,1,2016,5,1,16,51,17.66
606,2,0,1,2016,5,1,16,51,18.105
607,2,0,1,2016,5,1,16,51,20.701
608,2,0,1,2016,5,1,16,51,21.773
609,2,0,1,2016,5,1,16,51,23.482
610,1,0,1,2016,5,1,16,57,59.517
611,1,0,1,2016,5,1,16,58,0.194
612,2,0,1,2016,5,1,16,58,56.738
613,2,0,1,2016,5,1,16,58,56.976
614,2,0,1,2016,5,1,16,58,59.845
615,2,0,1,2016,5,1,16,59,0.022
616,2,0,1,2016,5,1,16,59,0.314
617,2,0,1,2016,5,1,16,59,2.177
618,2,0,1,2016,5,1,16,59,3.611
619,2,0,1,2016,5,1,16,59,3.867
620,2,0,1,2016,5,1,17,1,35.135
621,2,0,1,2016,5,1,17,1,38.167
622,2,0,1,2016,5,1,17,1,38.422
623,2,0,1,2016,5,1,17,1,41.424
624,1,0,1,2016,5,1,17,2,14.144
625,2,0,1,2016,5,1,17,2,38.54
626,2,0,1,2016,5,1,17,2,38.624
627,2,0,1,2016,5,1,17,2,38.792
628,2,0,1,2016,5,1,17,2,41.23
629,2,0,1,2016,5,1,17,2,43.932
630,2,0,1,2016,5,1,17,2,44.082
631,2,0,1,2016,5,1,17,2,46.789
632,2,0,1,2016,5,1,17,2,48.844
633,1,0,1,2016,5,1,17,7,45.117
634,1,0,1,2016,5,1,17,7,47.587
635,1,0,1,2016,5,1,17,7,47.957
636,1,0,1,2016,5,1,17,11,58.815
637,1,0,1,2016,5,1,17,18,16.146
638,1,0,1,2016,5,1,17,18,18.287
639,1,0,1,2016,5,1,17,21,3.352
640,1,0,1,2016,5,1,17,21,3.824
641,1,0,1,2016,5,1,17,21,4.369
642,1,0,1,2016,5,1,17,21,5.255
643,1,0,1,2016,5,1,17,21,6.439
644,1,0,1,2016,5,1,17,21,7.254
645,1,0,1,2016,5,1,17,21,9.229
646,1,0,1,2016,5,1,17,21,11.484
647,1,0,1,2016,5,1,17,35,58.247
648,1,0,1,2016,5,1,17,36,0.219
649,1,0,1,2016,5,1,17,36,2.086
650,1,0,1,2016,5,1,17,39,21.018
651,1,0,1,2016,5,1,17,39,21.769
652,1,0,1,2016,5,1,17,39,22.356
653,1,0,1,2016,5,1,17,39,23.132
654,1,0,1,2016,5,1,17,39,23.985
655,1,0,1,2016,5,1,17,39,25.067
656,1,0,1,2016,5,1,17,39,27.797
657,1,0,1,2016,5,1,17,39,28.685
658,1,0,1,2016,5,1,17,39,32.252
659,1,0,1,2016,5,1,17,39,33.299
660,1,0,1,2016,5,1,17,39,34.509
661,1,0,1,2016,5,1,17,39,35.536
662,1,0,1,2016,5,1,17,39,36.056
663,1,0,1,2016,5,1,17,39,37.226
664,1,0,1,2016,5,1,17,39,39.315
665,1,0,1,2016,5,1,17,39,39.507
666,1,0,1,2016,5,1,17,39,40.265
667,1,0,1,2016,5,1,17,39,44.286
668,1,0,1,2016,5,1,17,39,47.945
669,1,0,1,2016,5,1,17,39,49.127
670,1,0,1,2016,5,1,17,41,57.554
671,1,0,1,2016,5,1,17,41,58.514
672,1,0,1,2016,5,1,17,52,11.537
673,1,0,1,2016,5,1,17,52,33.029
674,1,0,1,2016,5,1,17,52,35.825
675,1,0,1,2016,5,1,17,53,4.642
676,1,0,1,2016,5,1,17,53,6.114
677,1,0,1,2016,5,1,17,53,7.644
678,1,0,1,2016,5,1,17,54,24.934
679,1,0,1,2016,5,1,17,54,25.147
680,1,0,1,2016,5,1,17,54,25.826
681,1,0,1,2016,5,1,17,54,27.612
682,1,0,1,2016,5,1,17,54,28.722
683,1,0,1,2016,5,1,17,54,32.118
684,1,0,1,2016,5,1,17,54,33.846
685,1,0,1,2016,5,1,17,54,34.656
686,1,0,1,2016,5,1,17,54,35.938
687,1,0,1,2016,5,1,17,54,36.679
688,1,0,1,2016,5,1,17,54,51.115
689,1,0,1,2016,5,1,17,54,52.549
690,1,0,1,2016,5,1,17,54,54.778
691,2,0,1,2016,5,1,18,1,29.664
692,1,0,1,2016,5,1,18,8,33.212
693,1,0,1,2016,5,1,18,8,33.52
694,1,0,1,2016,5,1,18,8,34.747
695,1,0,1,2016,5,1,18,8,36.479
696,1,0,1,2016,5,1,18,8,39.135
697,2,0,1,2016,5,1,18,39,50.781
698,2,0,1,2016,5,1,18,39,53.221
699,2,0,1,2016,5,1,18,39,54.237
700,2,0,1,2016,5,1,18,47,48.98
701,2,0,1,2016,5,1,18,47,54.974
702,2,0,1,2016,5,1,18,47,55.307
703,2,0,1,2016,5,1,18,47,55.636
704,2,0,1,2016,5,1,18,48,12.382
705,2,0,1,2016,5,1,18,48,12.472
706,2,0,1,2016,5,1,18,48,14.135
707,2,0,1,2016,5,1,18,48,14.512
708,2,0,1,2016,5,1,18,48,17.593
709,2,0,1,2016,5,1,18,48,17.864
710,2,0,1,2016,5,1,18,48,20.056
711,2,0,1,2016,5,1,18,48,20.269
712,2,0,1,2016,5,1,18,48,20.968
713,2,0,1,2016,5,1,18,48,23.285
714,2,0,1,2016,5,1,18,48,39.644
715,2,0,1,2016,5,1,18,48,42.186
716,2,0,1,2016,5,1,18,48,42.376
717,2,0,1,2016,5,1,18,48,44.398
718,2,0,1,2016,5,1,18,48,44.772
719,2,0,1,2016,5,1,18,48,44.984
720,2,0,1,2016,5,1,18,48,46.984
721,2,0,1,2016,5,1,18,48,48.184
722,2,0,1,2016,5,1,18,48,48.782
723,2,0,1,2016,5,1,18,49,21.246
724,2,0,1,2016,5,1,18,49,22.273
725,2,0,1,2016,5,1,18,49,25.601
726,2,0,1,2016,5,1,18,50,20.872
727,2,0,1,2016,5,1,18,50,24.511
728,2,0,1,2016,5,1,18,50,48.822
