Var1_ 1,Var1_ 2,Var1_ 3,Var1_ 4,Var1_ 5,Var1_ 6,Var1_ 7,Var1_ 8,Var1_ 9,Var1_10
0,0,0,0,2016,4,15,10,0,47.619
1,2,2,1,2016,4,15,10,15,47.323
2,2,2,1,2016,4,15,10,19,17.253
3,1,1,1,2016,4,15,10,32,0.454
4,2,2,1,2016,4,15,10,49,0.573
5,2,0,1,2016,4,15,10,49,3.074
6,2,0,1,2016,4,15,10,49,3.094
7,2,2,1,2016,4,15,10,49,4.317
8,2,2,1,2016,4,15,10,49,17.326
9,2,2,1,2016,4,15,10,49,20.521
10,2,1,1,2016,4,15,10,49,24.099
11,2,0,1,2016,4,15,10,49,24.784
12,2,2,1,2016,4,15,10,49,39.639
13,2,2,1,2016,4,15,10,49,45.874
14,2,1,1,2016,4,15,10,50,3.542
15,2,2,1,2016,4,15,10,50,15.107
16,2,2,1,2016,4,15,10,50,21.775
17,2,2,1,2016,4,15,10,50,38.869
18,2,1,1,2016,4,15,10,50,54.92
19,2,2,1,2016,4,15,10,51,30.609
20,2,1,1,2016,4,15,10,51,42.078
21,2,2,1,2016,4,15,10,51,54.14
22,2,0,1,2016,4,15,10,51,54.215
23,2,1,1,2016,4,15,10,52,13.029
24,2,0,1,2016,4,15,10,52,13.091
25,2,2,1,2016,4,15,10,52,18.574
26,2,0,1,2016,4,15,10,52,18.632
27,2,2,1,2016,4,15,10,52,23.356
28,2,0,1,2016,4,15,10,52,23.806
29,2,2,1,2016,4,15,10,52,36.904
30,2,0,1,2016,4,15,10,52,38.81
31,2,2,1,2016,4,15,11,22,20.69
32,2,2,1,2016,4,15,11,23,27.128
33,2,0,1,2016,4,15,11,23,27.214
34,2,1,1,2016,4,15,11,23,34.907
35,2,2,1,2016,4,15,11,29,41.82
36,2,0,1,2016,4,15,11,29,42.405
37,2,2,1,2016,4,15,11,29,48.999
38,2,1,1,2016,4,15,11,29,53.485
39,2,1,1,2016,4,15,11,30,1.485
40,2,0,1,2016,4,15,11,30,3.889
41,2,1,1,2016,4,15,11,30,4.554
42,2,1,1,2016,4,15,11,30,8.028
43,2,2,1,2016,4,15,11,30,14.903
44,2,2,1,2016,4,15,11,30,38.444
45,2,0,1,2016,4,15,11,30,38.735
46,2,0,1,2016,4,15,11,30,41.175
47,2,1,1,2016,4,15,11,30,42.201
48,2,2,1,2016,4,15,11,30,51.088
49,2,1,1,2016,4,15,11,31,6.632
50,2,0,1,2016,4,15,11,31,6.688
51,2,0,1,2016,4,15,11,31,6.733
52,2,0,1,2016,4,15,11,31,9.571
53,2,2,1,2016,4,15,11,31,15.463
54,2,2,1,2016,4,15,11,31,18.962
55,2,0,1,2016,4,15,11,31,21.455
56,2,2,1,2016,4,15,11,39,33.577
57,2,1,1,2016,4,15,11,39,50.158
58,2,0,1,2016,4,15,11,39,53.025
59,2,2,1,2016,4,15,11,40,8.419
60,2,1,1,2016,4,15,11,40,28.331
61,2,1,1,2016,4,15,11,41,47.732
62,2,2,1,2016,4,15,11,41,55.915
63,2,0,1,2016,4,15,11,41,56.789
64,2,2,1,2016,4,15,11,41,59.877
65,2,0,1,2016,4,15,11,42,1.805
66,2,1,1,2016,4,15,11,42,3.506
67,2,2,1,2016,4,15,11,42,10.761
68,2,1,1,2016,4,15,11,42,15.786
69,2,1,1,2016,4,15,11,42,21.997
70,2,1,1,2016,4,15,11,42,25.487
71,2,0,1,2016,4,15,11,42,25.727
72,2,0,1,2016,4,15,11,42,26.713
73,2,1,1,2016,4,15,11,42,35.064
74,2,0,1,2016,4,15,11,42,36.075
75,2,1,1,2016,4,15,11,42,47.705
76,2,1,1,2016,4,15,11,42,51.985
77,2,0,1,2016,4,15,11,42,54.807
78,2,1,1,2016,4,15,11,42,55.686
79,2,0,1,2016,4,15,11,42,58.412
80,2,1,1,2016,4,15,11,43,1.157
81,2,0,1,2016,4,15,11,43,1.755
82,2,0,1,2016,4,15,11,43,3.311
83,2,1,1,2016,4,15,11,43,4.641
84,2,0,1,2016,4,15,11,43,5.933
85,2,0,1,2016,4,15,11,43,6.7
86,2,0,1,2016,4,15,11,43,6.785
87,2,1,1,2016,4,15,11,43,8.405
88,2,0,1,2016,4,15,11,43,9.574
89,2,0,1,2016,4,15,11,43,9.699
90,2,0,1,2016,4,15,11,43,10.698
91,2,1,1,2016,4,15,11,43,16.24
92,2,0,1,2016,4,15,11,43,18.044
93,2,0,1,2016,4,15,11,43,18.924
94,2,1,1,2016,4,15,11,43,19.518
95,2,1,1,2016,4,15,11,43,36.894
96,2,0,1,2016,4,15,11,43,41.101
97,2,0,1,2016,4,15,11,43,43.068
98,2,0,1,2016,4,15,11,43,44.023
99,2,0,1,2016,4,15,11,43,45.314
100,2,0,1,2016,4,15,11,43,48.19
101,2,0,1,2016,4,15,11,43,49.099
102,2,0,1,2016,4,15,11,43,50.352
103,2,0,1,2016,4,15,11,43,51.016
104,2,0,1,2016,4,15,11,43,51.978
105,2,0,1,2016,4,15,11,43,54.142
106,2,0,1,2016,4,15,11,43,55.946
107,2,0,1,2016,4,15,11,43,58.374
108,2,0,1,2016,4,15,11,43,59.055
109,2,0,1,2016,4,15,11,43,59.686
110,2,0,1,2016,4,15,11,44,0.758
111,2,0,1,2016,4,15,11,44,5.277
112,2,0,1,2016,4,15,11,44,6.788
113,2,0,1,2016,4,15,11,44,7.772
114,2,0,1,2016,4,15,11,44,7.97
115,2,0,1,2016,4,15,11,44,9.224
116,2,0,1,2016,4,15,11,44,9.999
117,2,0,1,2016,4,15,11,44,10.931
118,2,0,1,2016,4,15,11,44,11.663
119,2,0,1,2016,4,15,11,44,14.025
120,2,0,1,2016,4,15,11,44,14.288
121,2,0,1,2016,4,15,11,44,15.186
122,2,0,1,2016,4,15,11,44,18.976
123,2,0,1,2016,4,15,11,44,20.49
124,2,0,1,2016,4,15,11,44,30.51
125,2,0,1,2016,4,15,11,44,31.085
126,2,0,1,2016,4,15,11,44,46.072
127,2,0,1,2016,4,15,11,44,49.514
128,2,0,1,2016,4,15,11,44,52.442
129,2,0,1,2016,4,15,11,45,10.933
130,2,0,1,2016,4,15,11,45,17.242
131,2,0,1,2016,4,15,11,45,20.703
132,2,0,1,2016,4,15,11,45,21.397
133,2,0,1,2016,4,15,11,45,22.396
134,2,0,1,2016,4,15,11,45,28.175
135,2,0,1,2016,4,15,11,45,30.713
136,2,0,1,2016,4,15,11,45,34.027
137,2,0,1,2016,4,15,11,45,35.455
138,2,0,1,2016,4,15,11,45,36.135
139,2,0,1,2016,4,15,11,45,38.634
140,2,0,1,2016,4,15,11,45,47.415
141,2,0,1,2016,4,15,11,46,0.029
142,2,0,1,2016,4,15,11,46,14.692
143,2,0,1,2016,4,15,11,46,15.398
144,2,0,1,2016,4,15,11,47,16.358
145,2,0,1,2016,4,15,12,8,12.391
146,2,0,1,2016,4,15,12,8,12.982
147,2,0,1,2016,4,15,12,8,13.155
148,2,0,1,2016,4,15,12,8,13.816
149,2,0,1,2016,4,15,12,8,15.423
150,2,0,1,2016,4,15,12,8,16.742
151,2,0,1,2016,4,15,12,8,18.556
152,2,0,1,2016,4,15,12,8,19.081
153,2,0,1,2016,4,15,12,8,19.913
154,2,0,1,2016,4,15,12,8,20.852
155,2,0,1,2016,4,15,12,8,29.043
156,2,0,1,2016,4,15,12,8,30.09
157,2,0,1,2016,4,15,12,8,31.066
158,2,0,1,2016,4,15,12,8,41.72
159,2,0,1,2016,4,15,12,8,41.846
160,2,0,1,2016,4,15,12,8,42.354
161,2,0,1,2016,4,15,12,8,42.876
162,2,0,1,2016,4,15,12,8,43.791
163,2,0,1,2016,4,15,12,8,45.044
164,2,0,1,2016,4,15,12,8,46.169
165,2,0,1,2016,4,15,12,8,56.565
166,2,0,1,2016,4,15,12,8,57.563
167,2,0,1,2016,4,15,12,8,58.115
168,2,0,1,2016,4,15,12,8,58.88
169,2,0,1,2016,4,15,12,8,59.429
170,2,0,1,2016,4,15,12,9,1.627
171,2,0,1,2016,4,15,12,9,2.347
172,2,0,1,2016,4,15,12,9,3.076
173,2,0,1,2016,4,15,12,9,4.024
174,2,0,1,2016,4,15,12,9,5.018
175,2,0,1,2016,4,15,12,9,5.642
176,2,0,1,2016,4,15,12,9,6.49
177,2,0,1,2016,4,15,12,9,7.599
178,2,0,1,2016,4,15,12,9,9.147
179,2,0,1,2016,4,15,12,9,11.241
180,2,0,1,2016,4,15,12,9,12.074
181,2,0,1,2016,4,15,12,9,13.727
182,2,0,1,2016,4,15,12,9,15.235
183,2,0,1,2016,4,15,12,9,16.254
184,2,0,1,2016,4,15,12,9,16.859
185,2,0,1,2016,4,15,12,9,25.972
186,2,0,1,2016,4,15,12,9,26.633
187,2,0,1,2016,4,15,12,9,27.367
188,2,0,1,2016,4,15,12,9,29.05
189,2,0,1,2016,4,15,12,9,30.307
190,2,0,1,2016,4,15,12,9,30.927
191,2,0,1,2016,4,15,12,9,31.334
192,2,0,1,2016,4,15,12,9,32.293
193,2,0,1,2016,4,15,12,9,32.997
194,2,0,1,2016,4,15,12,9,45.884
195,2,0,1,2016,4,15,12,9,47.312
196,2,0,1,2016,4,15,12,9,48.567
197,2,0,1,2016,4,15,12,9,48.853
198,2,0,1,2016,4,15,12,9,49.514
199,2,0,1,2016,4,15,12,9,50.381
200,2,0,1,2016,4,15,12,9,52.03
201,2,0,1,2016,4,15,12,10,0.304
202,2,0,1,2016,4,15,12,10,1.14
203,2,0,1,2016,4,15,12,10,26.209
204,2,0,1,2016,4,15,12,10,35.727
205,2,0,1,2016,4,15,12,10,36.508
206,2,0,1,2016,4,15,12,10,37.262
207,2,0,1,2016,4,15,12,10,38.274
208,2,0,1,2016,4,15,12,10,39.035
209,2,0,1,2016,4,15,12,10,39.901
210,2,0,1,2016,4,15,12,10,41.336
211,2,0,1,2016,4,15,12,10,42.248
212,2,0,1,2016,4,15,12,10,42.924
213,2,0,1,2016,4,15,12,14,23.085
214,1,0,1,2016,4,15,12,18,31.468
215,2,0,1,2016,4,15,12,20,11.772
216,1,0,1,2016,4,15,12,23,55.696
217,1,0,1,2016,4,15,12,23,55.738
218,1,0,1,2016,4,15,12,23,56.36
219,1,0,1,2016,4,15,12,23,57.098
220,1,0,1,2016,4,15,12,23,57.16
221,1,0,1,2016,4,15,12,23,58.937
222,1,0,1,2016,4,15,12,23,59.598
223,1,0,1,2016,4,15,12,24,2.048
224,1,0,1,2016,4,15,12,24,4.716
225,1,0,1,2016,4,15,12,24,4.799
226,1,0,1,2016,4,15,12,24,7.546
227,1,0,1,2016,4,15,12,24,7.71
228,1,0,1,2016,4,15,12,24,8.833
229,1,0,1,2016,4,15,12,24,10.258
230,1,0,1,2016,4,15,12,24,10.315
231,1,0,1,2016,4,15,12,24,15.534
232,1,0,1,2016,4,15,12,24,15.62
233,1,0,1,2016,4,15,12,24,16.453
234,1,0,1,2016,4,15,12,24,17.487
235,1,0,1,2016,4,15,12,24,18.564
236,1,0,1,2016,4,15,12,24,19.386
237,1,0,1,2016,4,15,12,24,19.448
238,1,0,1,2016,4,15,12,24,20.421
239,1,0,1,2016,4,15,12,24,22.225
240,1,0,1,2016,4,15,12,24,22.273
241,1,0,1,2016,4,15,12,24,23.835
242,1,0,1,2016,4,15,12,24,23.932
243,1,0,1,2016,4,15,12,24,24.18
244,1,0,1,2016,4,15,12,24,27.78
245,1,0,1,2016,4,15,12,24,27.951
246,1,0,1,2016,4,15,12,24,28.055
247,1,0,1,2016,4,15,12,24,28.879
248,1,0,1,2016,4,15,12,24,37.769
249,1,0,1,2016,4,15,12,24,39.925
250,1,0,1,2016,4,15,12,24,41.843
251,1,0,1,2016,4,15,12,24,44.995
252,1,0,1,2016,4,15,12,24,45.581
253,1,0,1,2016,4,15,12,24,52.441
254,1,0,1,2016,4,15,12,24,54.452
255,1,0,1,2016,4,15,12,25,1.656
256,1,0,1,2016,4,15,12,25,1.789
257,1,0,1,2016,4,15,12,25,3.37
258,2,0,1,2016,4,15,12,40,11.672
259,1,0,1,2016,4,15,12,49,7.861
260,1,0,1,2016,4,15,12,49,9.486
261,1,0,1,2016,4,15,12,49,11.968
262,1,0,1,2016,4,15,12,49,13.334
263,1,0,1,2016,4,15,12,49,13.391
264,1,0,1,2016,4,15,12,51,39.36
265,1,0,1,2016,4,15,12,51,39.416
266,2,0,1,2016,4,15,12,59,3.158
267,2,0,1,2016,4,15,12,59,4.021
268,2,0,1,2016,4,15,12,59,6.358
269,2,0,1,2016,4,15,12,59,7.683
270,2,0,1,2016,4,15,12,59,8.021
271,2,0,1,2016,4,15,12,59,8.75
272,2,0,1,2016,4,15,12,59,10.092
273,2,0,1,2016,4,15,12,59,10.976
274,2,0,1,2016,4,15,12,59,13.077
275,2,0,1,2016,4,15,13,9,11.292
276,2,0,1,2016,4,15,13,9,12.157
277,2,0,1,2016,4,15,13,9,13.798
278,2,0,1,2016,4,15,13,31,3.959
279,2,0,1,2016,4,15,13,31,4.709
280,2,0,1,2016,4,15,13,31,11.813
281,2,0,1,2016,4,15,13,31,12.705
282,2,0,1,2016,4,15,13,31,13.176
283,2,0,1,2016,4,15,13,31,14.012
284,2,0,1,2016,4,15,13,31,17.505
285,2,0,1,2016,4,15,13,31,18.481
286,2,0,1,2016,4,15,13,31,24.812
287,2,0,1,2016,4,15,13,31,25.19
288,2,0,1,2016,4,15,13,31,25.85
289,2,0,1,2016,4,15,13,31,25.913
290,2,0,1,2016,4,15,13,31,27.143
291,2,0,1,2016,4,15,13,31,27.9
292,2,0,1,2016,4,15,13,31,45.188
293,2,0,1,2016,4,15,13,31,45.394
294,2,0,1,2016,4,15,13,31,46.35
295,2,0,1,2016,4,15,13,31,47.507
296,2,0,1,2016,4,15,13,31,55.373
297,2,0,1,2016,4,15,13,32,2.088
298,2,0,1,2016,4,15,13,32,3.389
299,2,0,1,2016,4,15,13,32,3.767
300,2,0,1,2016,4,15,13,32,5.238
301,2,0,1,2016,4,15,13,32,5.778
302,2,0,1,2016,4,15,13,35,27.876
303,2,0,1,2016,4,15,13,35,28.329
304,2,0,1,2016,4,15,13,35,28.807
305,2,0,1,2016,4,15,13,35,29.311
306,2,0,1,2016,4,15,13,35,30.418
307,2,0,1,2016,4,15,13,35,30.992
308,2,0,1,2016,4,15,13,35,32.884
309,2,0,1,2016,4,15,13,43,25.582
310,2,0,1,2016,4,15,13,43,26.311
311,2,0,1,2016,4,15,13,43,27.324
312,2,0,1,2016,4,15,13,43,28.074
313,2,0,1,2016,4,15,13,43,28.897
314,2,0,1,2016,4,15,13,43,29.873
315,2,0,1,2016,4,15,13,43,30.992
316,2,0,1,2016,4,15,13,44,0.375
317,2,0,1,2016,4,15,13,44,1.192
318,2,0,1,2016,4,15,13,44,2.102
319,2,0,1,2016,4,15,13,44,17.557
320,2,0,1,2016,4,15,13,44,18.577
321,2,0,1,2016,4,15,13,47,28.138
322,2,0,1,2016,4,15,13,47,29.825
323,2,0,1,2016,4,15,13,47,54.004
324,2,0,1,2016,4,15,13,47,54.244
325,2,0,1,2016,4,15,13,47,55.447
326,2,0,1,2016,4,15,13,47,55.54
327,2,0,1,2016,4,15,13,47,57.352
328,2,0,1,2016,4,15,13,47,57.499
329,2,0,1,2016,4,15,13,47,58.501
330,2,0,1,2016,4,15,13,48,0.336
331,2,0,1,2016,4,15,14,1,4.791
332,2,0,1,2016,4,15,14,1,5.162
333,2,0,1,2016,4,15,14,1,5.913
334,2,0,1,2016,4,15,14,1,6.626
335,2,0,1,2016,4,15,14,4,40.786
336,2,0,1,2016,4,15,14,4,41.375
337,2,0,1,2016,4,15,14,5,15.665
338,2,0,1,2016,4,15,14,5,16.297
339,2,0,1,2016,4,15,14,5,16.807
340,2,0,1,2016,4,15,14,5,17.656
341,2,0,1,2016,4,15,14,5,18.55
342,2,0,1,2016,4,15,14,5,19.402
343,2,0,1,2016,4,15,14,5,20.807
344,2,0,1,2016,4,15,14,5,21.657
345,2,0,1,2016,4,15,14,5,41.833
346,1,0,1,2016,4,15,14,6,33.003
347,2,0,1,2016,4,15,14,10,19.866
348,2,0,1,2016,4,15,14,10,20.637
349,2,0,1,2016,4,15,14,10,21.39
350,2,0,1,2016,4,15,14,10,22.261
351,2,0,1,2016,4,15,14,10,23.936
352,2,0,1,2016,4,15,14,10,25.361
353,2,0,1,2016,4,15,14,10,26.077
354,2,0,1,2016,4,15,14,10,26.804
355,2,0,1,2016,4,15,14,10,28.378
356,2,0,1,2016,4,15,14,10,28.911
357,2,0,1,2016,4,15,14,10,29.796
358,2,0,1,2016,4,15,14,10,31.376
359,2,0,1,2016,4,15,14,10,32.419
360,2,0,1,2016,4,15,14,10,34.707
361,2,0,1,2016,4,15,14,10,38.53
362,2,0,1,2016,4,15,14,10,39.317
363,2,0,1,2016,4,15,14,10,43.025
364,2,0,1,2016,4,15,14,10,43.791
365,2,0,1,2016,4,15,14,10,44.771
366,2,0,1,2016,4,15,14,10,46.091
367,2,0,1,2016,4,15,14,10,46.668
368,2,0,1,2016,4,15,14,10,47.69
369,2,0,1,2016,4,15,14,10,48.614
370,2,0,1,2016,4,15,14,10,49.509
371,2,0,1,2016,4,15,14,11,30.512
372,2,0,1,2016,4,15,14,11,31.137
373,2,0,1,2016,4,15,14,11,31.899
374,2,0,1,2016,4,15,14,11,32.626
375,2,0,1,2016,4,15,14,11,33.524
376,2,0,1,2016,4,15,14,13,0.577
377,2,0,1,2016,4,15,14,13,1.182
378,2,0,1,2016,4,15,14,13,2.12
379,2,0,1,2016,4,15,14,13,2.931
380,2,0,1,2016,4,15,14,13,3.855
381,2,0,1,2016,4,15,14,13,5.123
382,2,0,1,2016,4,15,14,13,6.342
383,2,0,1,2016,4,15,14,13,7.147
384,2,0,1,2016,4,15,14,13,7.94
385,2,0,1,2016,4,15,14,13,8.68
386,2,0,1,2016,4,15,14,13,9.654
387,2,0,1,2016,4,15,14,13,11.525
388,2,0,1,2016,4,15,14,13,12.355
389,2,0,1,2016,4,15,14,13,13.316
390,2,0,1,2016,4,15,14,13,13.97
391,2,0,1,2016,4,15,14,13,14.732
392,2,0,1,2016,4,15,14,13,22.841
393,2,0,1,2016,4,15,14,13,23.849
394,2,0,1,2016,4,15,14,13,24.803
395,2,0,1,2016,4,15,14,13,25.604
396,2,0,1,2016,4,15,14,13,26.503
397,2,0,1,2016,4,15,14,22,52.977
398,2,0,1,2016,4,15,14,23,14.042
399,2,0,1,2016,4,15,14,23,14.781
400,2,0,1,2016,4,15,14,23,14.975
401,2,0,1,2016,4,15,14,23,15.071
402,2,0,1,2016,4,15,14,23,16.341
403,2,0,1,2016,4,15,14,23,17.161
404,2,0,1,2016,4,15,14,23,17.832
405,2,0,1,2016,4,15,14,23,26.913
406,2,0,1,2016,4,15,14,23,41.54
407,2,0,1,2016,4,15,14,24,11.122
408,2,0,1,2016,4,15,14,24,12.59
409,2,0,1,2016,4,15,14,24,13.912
410,2,0,1,2016,4,15,14,24,14.937
411,2,0,1,2016,4,15,14,24,24.798
412,2,0,1,2016,4,15,14,24,27.274
413,2,0,1,2016,4,15,14,24,27.534
414,2,0,1,2016,4,15,14,24,36.665
415,2,0,1,2016,4,15,14,24,37.068
416,2,0,1,2016,4,15,14,24,39.8
417,2,0,1,2016,4,15,14,24,41.694
418,2,0,1,2016,4,15,14,27,49.859
419,2,0,1,2016,4,15,14,27,50.009
420,2,0,1,2016,4,15,14,27,50.422
421,2,0,1,2016,4,15,14,27,52.311
422,2,0,1,2016,4,15,14,27,53.691
423,2,0,1,2016,4,15,14,27,54.22
424,2,0,1,2016,4,15,14,27,55.793
425,2,0,1,2016,4,15,14,27,56.688
426,2,0,1,2016,4,15,14,27,58.006
427,2,0,1,2016,4,15,14,27,59.086
428,2,0,1,2016,4,15,14,28,2.287
429,2,0,1,2016,4,15,14,28,3.433
430,2,0,1,2016,4,15,14,28,5.075
431,2,0,1,2016,4,15,14,28,6.006
432,2,0,1,2016,4,15,14,28,6.84
433,2,0,1,2016,4,15,14,28,7.469
434,2,0,1,2016,4,15,14,28,8.481
435,2,0,1,2016,4,15,14,28,9.585
436,2,0,1,2016,4,15,14,28,15.672
437,2,0,1,2016,4,15,14,28,17.267
438,2,0,1,2016,4,15,14,28,18.529
439,2,0,1,2016,4,15,14,28,45.586
440,2,0,1,2016,4,15,14,28,46.901
441,2,0,1,2016,4,15,14,28,47.855
442,2,0,1,2016,4,15,14,28,48.738
443,2,0,1,2016,4,15,14,28,54.367
444,2,0,1,2016,4,15,14,28,54.586
445,2,0,1,2016,4,15,14,28,55.061
446,2,0,1,2016,4,15,14,28,55.493
447,2,0,1,2016,4,15,14,28,56.206
448,2,0,1,2016,4,15,14,28,57.186
449,2,0,1,2016,4,15,14,28,58.384
450,2,0,1,2016,4,15,14,28,59.931
451,2,0,1,2016,4,15,14,29,1.137
452,1,0,1,2016,4,15,14,29,19.53
453,1,0,1,2016,4,15,14,29,21.028
454,2,0,1,2016,4,15,14,35,51.692
455,2,0,1,2016,4,15,14,35,52.174
456,2,0,1,2016,4,15,14,35,53.1
457,2,0,1,2016,4,15,15,39,16.766
458,2,0,1,2016,4,15,15,39,17.436
459,2,0,1,2016,4,15,15,39,18.064
460,2,0,1,2016,4,15,15,40,48.862
461,2,0,1,2016,4,15,15,40,49.861
462,2,0,1,2016,4,15,15,43,34.08
463,2,0,1,2016,4,15,15,43,35.385
464,2,0,1,2016,4,15,15,43,40.965
465,2,0,1,2016,4,15,15,43,41.857
466,2,0,1,2016,4,15,15,43,42.915
467,2,0,1,2016,4,15,15,43,44.34
468,2,0,1,2016,4,15,15,43,45.358
469,2,0,1,2016,4,15,15,43,59.289
470,2,0,1,2016,4,15,15,43,59.878
471,2,0,1,2016,4,15,15,44,0.616
472,2,0,1,2016,4,15,15,44,1.794
473,2,0,1,2016,4,15,15,44,3.363
474,2,0,1,2016,4,15,15,44,5.122
475,2,0,1,2016,4,15,15,44,5.748
476,2,0,1,2016,4,15,15,44,7.181
477,2,0,1,2016,4,15,15,44,8.467
478,2,0,1,2016,4,15,15,44,8.859
479,2,0,1,2016,4,15,15,44,9.873
480,2,0,1,2016,4,15,15,44,11.415
481,2,0,1,2016,4,15,15,44,12.294
482,2,0,1,2016,4,15,15,44,13.564
483,2,0,1,2016,4,15,15,44,21.959
484,2,0,1,2016,4,15,15,44,22.522
485,2,0,1,2016,4,15,15,44,23.398
486,2,0,1,2016,4,15,15,44,24.421
487,2,0,1,2016,4,15,15,44,25.248
488,2,0,1,2016,4,15,15,44,26.07
489,2,0,1,2016,4,15,15,44,27.576
490,2,0,1,2016,4,15,15,44,29.153
491,2,0,1,2016,4,15,15,44,31.106
492,2,0,1,2016,4,15,15,44,31.901
493,2,0,1,2016,4,15,15,48,36.389
494,2,0,1,2016,4,15,15,48,36.784
495,2,0,1,2016,4,15,15,48,37.553
496,2,0,1,2016,4,15,15,48,38.761
497,2,0,1,2016,4,15,15,48,39.93
498,2,0,1,2016,4,15,15,48,41.055
499,2,0,1,2016,4,15,15,48,44.78
500,2,0,1,2016,4,15,15,48,45.315
501,2,0,1,2016,4,15,15,48,46.11
502,2,0,1,2016,4,15,15,48,47.959
503,2,0,1,2016,4,15,15,48,51.146
504,2,0,1,2016,4,15,15,48,51.783
505,2,0,1,2016,4,15,15,48,53.164
506,2,0,1,2016,4,15,15,48,54.335
507,2,0,1,2016,4,15,15,50,23.21
508,2,0,1,2016,4,15,15,50,23.881
509,2,0,1,2016,4,15,15,50,24.523
510,2,0,1,2016,4,15,15,50,25.473
511,2,0,1,2016,4,15,15,50,26.431
512,2,0,1,2016,4,15,15,50,27.018
513,2,0,1,2016,4,15,15,50,27.889
514,2,0,1,2016,4,15,15,50,28.189
515,2,0,1,2016,4,15,15,50,28.959
516,2,0,1,2016,4,15,15,50,32.125
517,2,0,1,2016,4,15,15,50,32.997
518,2,0,1,2016,4,15,15,50,37.81
519,2,0,1,2016,4,15,15,50,38.645
520,2,0,1,2016,4,15,15,50,39.715
521,2,0,1,2016,4,15,15,50,44.428
522,2,0,1,2016,4,15,15,50,45.014
523,2,0,1,2016,4,15,15,50,45.699
524,2,0,1,2016,4,15,15,50,46.409
525,2,0,1,2016,4,15,15,50,47.35
526,2,0,1,2016,4,15,15,50,48.053
527,2,0,1,2016,4,15,15,50,48.876
528,2,0,1,2016,4,15,15,50,51.163
529,2,0,1,2016,4,15,15,50,51.843
530,2,0,1,2016,4,15,15,50,53.241
531,2,0,1,2016,4,15,15,50,54.27
532,2,0,1,2016,4,15,15,51,2.512
533,2,0,1,2016,4,15,15,51,3.476
534,2,0,1,2016,4,15,15,51,4.501
535,2,0,1,2016,4,15,15,51,4.933
536,2,0,1,2016,4,15,15,51,6.246
537,2,0,1,2016,4,15,15,51,6.942
538,2,0,1,2016,4,15,15,51,7.945
539,2,0,1,2016,4,15,15,51,8.812
540,2,0,1,2016,4,15,15,51,10.033
541,2,0,1,2016,4,15,15,51,10.874
542,2,0,1,2016,4,15,15,51,11.211
543,2,0,1,2016,4,15,15,51,18.591
544,2,0,1,2016,4,15,15,53,44.616
545,2,0,1,2016,4,15,15,54,37.369
546,2,0,1,2016,4,15,15,56,2.167
547,2,0,1,2016,4,15,15,56,2.789
548,1,0,1,2016,4,15,15,56,59.685
549,1,0,1,2016,4,15,15,57,0.455
550,1,0,1,2016,4,15,15,57,2.486
551,1,0,1,2016,4,15,15,57,3.771
552,1,0,1,2016,4,15,15,57,4.023
553,1,0,1,2016,4,15,15,57,7.97
554,1,0,1,2016,4,15,15,57,10.689
555,1,0,1,2016,4,15,15,57,12.384
556,2,0,1,2016,4,15,15,58,19.463
557,2,0,1,2016,4,15,15,58,20.394
558,2,0,1,2016,4,15,15,58,21.306
559,2,0,1,2016,4,15,15,58,22.224
560,1,0,1,2016,4,15,16,0,36.797
561,1,0,1,2016,4,15,16,0,39.276
562,2,0,1,2016,4,15,16,4,23.417
563,2,0,1,2016,4,15,16,4,24.364
564,2,0,1,2016,4,15,16,4,25.268
565,2,0,1,2016,4,15,16,4,26.188
566,2,0,1,2016,4,15,16,4,26.932
567,1,0,1,2016,4,15,16,32,11.381
568,1,0,1,2016,4,15,16,32,17.706
569,1,0,1,2016,4,15,16,32,17.817
570,1,0,1,2016,4,15,16,32,25.245
571,1,0,1,2016,4,15,16,32,26.238
572,2,0,1,2016,4,15,16,32,35.873
573,2,0,1,2016,4,15,16,32,37.012
574,2,0,1,2016,4,15,16,32,38.69
575,2,0,1,2016,4,15,16,32,39.192
576,2,0,1,2016,4,15,16,32,39.792
577,2,0,1,2016,4,15,16,32,41.08
578,2,0,1,2016,4,15,16,32,42.528
579,2,0,1,2016,4,15,16,32,42.689
580,2,0,1,2016,4,15,16,32,43.667
581,2,0,1,2016,4,15,16,38,20.747
582,2,0,1,2016,4,15,17,7,40.692
583,2,0,1,2016,4,15,17,7,49.144
584,2,0,1,2016,4,15,17,8,6.728
585,2,0,1,2016,4,15,17,8,7.592
586,2,0,1,2016,4,15,17,8,10.635
587,2,0,1,2016,4,15,17,8,11.551
588,2,0,1,2016,4,15,17,8,12.557
589,2,0,1,2016,4,15,17,8,16.016
590,2,0,1,2016,4,15,17,8,17.64
591,2,0,1,2016,4,15,17,8,19.899
592,2,0,1,2016,4,15,17,8,33.293
593,2,0,1,2016,4,15,17,8,34.505
594,2,0,1,2016,4,15,17,8,35.607
595,2,0,1,2016,4,15,17,8,36.833
596,2,0,1,2016,4,15,17,8,38.507
597,2,0,1,2016,4,15,17,8,38.61
598,2,0,1,2016,4,15,17,8,38.767
599,2,0,1,2016,4,15,17,8,51.958
600,2,0,1,2016,4,15,17,8,52.507
601,2,0,1,2016,4,15,17,8,52.784
602,2,0,1,2016,4,15,17,8,53.97
603,1,0,1,2016,4,15,17,10,38.097
604,2,0,1,2016,4,15,17,11,4.847
605,2,0,1,2016,4,15,17,11,5.677
606,2,0,1,2016,4,15,17,11,7.987
607,2,0,1,2016,4,15,17,11,15.342
608,2,0,1,2016,4,15,17,11,38.463
609,2,0,1,2016,4,15,17,11,40.399
610,2,0,1,2016,4,15,17,11,41.841
611,2,0,1,2016,4,15,17,11,42.699
612,2,0,1,2016,4,15,17,11,49.825
613,2,0,1,2016,4,15,17,11,52.608
614,2,0,1,2016,4,15,17,11,55.448
615,2,0,1,2016,4,15,17,12,6.262
616,2,0,1,2016,4,15,17,12,6.612
617,2,0,1,2016,4,15,17,12,7.435
618,2,0,1,2016,4,15,17,12,7.511
619,2,0,1,2016,4,15,17,12,8.845
620,2,0,1,2016,4,15,17,12,11.182
621,2,0,1,2016,4,15,17,12,12.06
622,2,0,1,2016,4,15,17,12,12.34
623,2,0,1,2016,4,15,17,12,12.603
624,2,0,1,2016,4,15,17,12,21.8
625,2,0,1,2016,4,15,17,12,23.736
626,2,0,1,2016,4,15,17,12,24.546
627,2,0,1,2016,4,15,17,12,30.648
628,2,0,1,2016,4,15,17,12,30.723
629,2,0,1,2016,4,15,17,12,31.426
630,2,0,1,2016,4,15,17,14,11.285
631,2,0,1,2016,4,15,17,14,12.288
632,2,0,1,2016,4,15,17,14,13.609
633,2,0,1,2016,4,15,17,14,13.961
634,2,0,1,2016,4,15,17,21,35.34
635,2,0,1,2016,4,15,17,21,36.419
636,2,0,1,2016,4,15,17,21,53.082
637,2,0,1,2016,4,15,17,27,44.474
638,2,0,1,2016,4,15,17,27,46.74
639,2,0,1,2016,4,15,17,27,47.011
640,2,0,1,2016,4,15,17,27,49.377
641,2,0,1,2016,4,15,17,27,50.215
642,2,0,1,2016,4,15,17,27,51.146
643,2,0,1,2016,4,15,17,27,52.065
644,2,0,1,2016,4,15,17,27,52.263
645,2,0,1,2016,4,15,17,28,2.035
646,2,0,1,2016,4,15,17,28,3.232
647,1,0,1,2016,4,15,17,57,10.417
648,1,0,1,2016,4,15,17,57,11.526
649,1,0,1,2016,4,15,17,57,13.044
650,1,0,1,2016,4,15,17,57,15.102
651,1,0,1,2016,4,15,17,57,15.904
652,1,0,1,2016,4,15,17,57,17.662
653,1,0,1,2016,4,15,17,57,20.299
654,1,0,1,2016,4,15,17,57,21.805
655,1,0,1,2016,4,15,17,57,31.05
656,1,0,1,2016,4,15,17,57,33.158
657,1,0,1,2016,4,15,17,57,51.418
658,1,0,1,2016,4,15,17,57,59.585
659,1,0,1,2016,4,15,17,57,59.71
660,1,0,1,2016,4,15,17,57,59.936
661,1,0,1,2016,4,15,17,58,1.513
662,1,0,1,2016,4,15,17,58,9.865
663,1,0,1,2016,4,15,17,58,13.636
664,1,0,1,2016,4,15,17,58,15.418
665,2,0,1,2016,4,15,18,35,4.062
666,2,0,1,2016,4,15,18,35,15.482
667,2,0,1,2016,4,15,18,35,15.705
668,2,0,1,2016,4,15,18,35,16.659
669,2,0,1,2016,4,15,18,35,17.668
670,2,0,1,2016,4,15,18,35,21.81
671,2,0,1,2016,4,15,18,35,23.238
672,2,0,1,2016,4,15,18,35,44.485
673,2,0,1,2016,4,15,18,35,45.6
