Var1_ 1,Var1_ 2,Var1_ 3,Var1_ 4,Var1_ 5,Var1_ 6,Var1_ 7,Var1_ 8,Var1_ 9,Var1_10
0,0,0,0,2016,4,20,10,0,59.612
1,1,1,1,2016,4,20,10,3,8.102
2,1,1,1,2016,4,20,10,7,32.606
3,2,2,1,2016,4,20,10,57,8.596
4,2,2,1,2016,4,20,10,57,14.643
5,2,2,1,2016,4,20,10,57,18.876
6,2,2,1,2016,4,20,10,57,32.47
7,2,1,1,2016,4,20,11,10,12.768
8,2,2,1,2016,4,20,11,12,18.214
9,2,2,1,2016,4,20,11,34,24.435
10,2,1,1,2016,4,20,11,34,43.781
11,2,2,1,2016,4,20,11,37,56.784
12,2,2,1,2016,4,20,11,38,0.167
13,2,0,1,2016,4,20,11,38,0.697
14,2,2,1,2016,4,20,11,38,4.322
15,2,0,1,2016,4,20,11,38,6.582
16,2,1,1,2016,4,20,11,38,7.901
17,2,2,1,2016,4,20,11,38,11.62
18,2,0,1,2016,4,20,11,38,13.63
19,2,1,1,2016,4,20,11,38,23.031
20,2,2,1,2016,4,20,11,38,26.546
21,2,1,1,2016,4,20,11,38,30.784
22,2,0,1,2016,4,20,11,38,31.116
23,2,0,1,2016,4,20,11,38,31.711
24,2,2,1,2016,4,20,11,38,35.368
25,2,2,1,2016,4,20,11,38,38.477
26,2,0,1,2016,4,20,11,38,40.983
27,2,2,1,2016,4,20,11,38,41.674
28,2,0,1,2016,4,20,11,38,42.256
29,2,2,1,2016,4,20,11,38,47.474
30,2,0,1,2016,4,20,11,38,48.559
31,2,0,1,2016,4,20,11,38,48.962
32,2,2,1,2016,4,20,11,38,51.319
33,2,0,1,2016,4,20,11,38,52.976
34,2,1,1,2016,4,20,11,38,56.367
35,2,0,1,2016,4,20,11,38,58.977
36,2,2,1,2016,4,20,11,38,59.823
37,2,0,1,2016,4,20,11,39,2.431
38,2,2,1,2016,4,20,11,39,5.48
39,2,1,1,2016,4,20,11,39,10.615
40,2,1,1,2016,4,20,11,39,14.14
41,2,1,1,2016,4,20,11,39,18.901
42,2,1,1,2016,4,20,11,39,22.014
43,2,2,1,2016,4,20,11,39,25.219
44,2,0,1,2016,4,20,11,39,25.455
45,2,0,1,2016,4,20,11,39,26.186
46,2,0,1,2016,4,20,11,39,27.122
47,2,2,1,2016,4,20,11,39,35.552
48,2,1,1,2016,4,20,11,39,39.852
49,2,0,1,2016,4,20,11,39,39.921
50,2,2,1,2016,4,20,11,39,44.304
51,2,0,1,2016,4,20,11,39,46.96
52,2,1,1,2016,4,20,11,39,50.41
53,2,2,1,2016,4,20,11,39,56.933
54,2,0,1,2016,4,20,11,39,57.767
55,2,0,1,2016,4,20,11,39,59.852
56,2,2,1,2016,4,20,11,40,0.172
57,2,0,1,2016,4,20,11,40,1.992
58,2,0,1,2016,4,20,11,40,2.602
59,2,2,1,2016,4,20,11,40,3.815
60,2,0,1,2016,4,20,11,40,4.922
61,2,0,1,2016,4,20,11,40,5.259
62,1,1,1,2016,4,20,11,50,49.841
63,2,2,1,2016,4,20,12,2,50.78
64,2,1,1,2016,4,20,12,2,54.968
65,2,1,1,2016,4,20,12,3,0.986
66,2,0,1,2016,4,20,12,3,1.475
67,2,0,1,2016,4,20,12,3,3.943
68,2,1,1,2016,4,20,12,3,21.064
69,2,0,1,2016,4,20,12,3,21.125
70,2,2,1,2016,4,20,12,3,24.235
71,2,0,1,2016,4,20,12,3,24.795
72,2,0,1,2016,4,20,12,3,27.231
73,2,2,1,2016,4,20,12,4,21.227
74,2,1,1,2016,4,20,12,4,24.349
75,2,2,1,2016,4,20,12,4,27.672
76,2,0,1,2016,4,20,12,4,29.044
77,2,1,1,2016,4,20,12,4,31.04
78,2,0,1,2016,4,20,12,4,31.563
79,2,2,1,2016,4,20,12,4,34.164
80,2,0,1,2016,4,20,12,4,35.706
81,2,0,1,2016,4,20,12,4,35.754
82,2,0,1,2016,4,20,12,4,36.868
83,2,2,1,2016,4,20,12,4,38.607
84,2,1,1,2016,4,20,12,4,42.602
85,2,0,1,2016,4,20,12,4,43.441
86,2,1,1,2016,4,20,12,4,46.549
87,2,0,1,2016,4,20,12,4,49.345
88,2,1,1,2016,4,20,12,4,50.017
89,2,1,1,2016,4,20,12,4,53.422
90,2,0,1,2016,4,20,12,4,54.407
91,2,0,1,2016,4,20,12,4,56.248
92,2,1,1,2016,4,20,12,4,57.202
93,2,1,1,2016,4,20,12,5,1.009
94,2,1,1,2016,4,20,12,5,9.283
95,2,0,1,2016,4,20,12,5,9.582
96,2,0,1,2016,4,20,12,5,11.029
97,2,0,1,2016,4,20,12,5,11.716
98,2,1,1,2016,4,20,12,5,12.635
99,2,1,1,2016,4,20,12,8,22.628
100,2,1,1,2016,4,20,12,8,51.777
101,2,0,1,2016,4,20,12,9,3.46
102,2,0,1,2016,4,20,12,9,4.754
103,2,0,1,2016,4,20,12,9,6.169
104,2,0,1,2016,4,20,12,9,6.344
105,2,0,1,2016,4,20,12,10,0.005
106,2,0,1,2016,4,20,12,10,1.29
107,2,0,1,2016,4,20,12,10,2.996
108,2,0,1,2016,4,20,12,10,3.41
109,1,0,1,2016,4,20,12,13,4.045
110,1,0,1,2016,4,20,12,23,30.218
111,2,0,1,2016,4,20,12,29,13.635
112,2,0,1,2016,4,20,12,29,20.11
113,2,0,1,2016,4,20,12,29,21.826
114,2,0,1,2016,4,20,12,29,29.33
115,2,0,1,2016,4,20,12,29,30.465
116,2,0,1,2016,4,20,12,29,31.028
117,2,0,1,2016,4,20,12,29,35.038
118,2,0,1,2016,4,20,12,29,35.919
119,2,0,1,2016,4,20,12,29,36.459
120,2,0,1,2016,4,20,12,32,4.061
121,2,0,1,2016,4,20,12,32,5.584
122,2,0,1,2016,4,20,12,32,15.05
123,2,0,1,2016,4,20,12,32,15.507
124,2,0,1,2016,4,20,12,32,17.006
125,2,0,1,2016,4,20,12,32,17.95
126,2,0,1,2016,4,20,12,35,58.413
127,2,0,1,2016,4,20,12,35,59.247
128,2,0,1,2016,4,20,12,36,0.137
129,2,0,1,2016,4,20,12,36,6.356
130,2,0,1,2016,4,20,12,36,7.153
131,2,0,1,2016,4,20,12,36,8.205
132,2,0,1,2016,4,20,12,36,30.501
133,2,0,1,2016,4,20,12,36,42.473
134,2,0,1,2016,4,20,12,36,43.436
135,2,0,1,2016,4,20,12,36,52.359
136,2,0,1,2016,4,20,12,36,53.415
137,2,0,1,2016,4,20,12,36,53.541
138,2,0,1,2016,4,20,12,36,53.656
139,2,0,1,2016,4,20,12,37,7.033
140,2,0,1,2016,4,20,12,37,8.476
141,2,0,1,2016,4,20,12,37,9.336
142,2,0,1,2016,4,20,12,37,10.586
143,2,0,1,2016,4,20,12,37,10.889
144,2,0,1,2016,4,20,12,37,11.842
145,1,0,1,2016,4,20,13,0,8.472
146,1,0,1,2016,4,20,13,0,19.15
147,1,0,1,2016,4,20,13,0,29.112
148,1,0,1,2016,4,20,13,0,29.721
149,1,0,1,2016,4,20,13,0,29.774
150,1,0,1,2016,4,20,13,0,30.354
151,1,0,1,2016,4,20,13,1,2.152
152,1,0,1,2016,4,20,13,1,2.994
153,1,0,1,2016,4,20,13,1,30.488
154,1,0,1,2016,4,20,13,4,4.974
155,1,0,1,2016,4,20,13,4,5.953
156,1,0,1,2016,4,20,13,4,6.584
157,1,0,1,2016,4,20,13,4,7.479
158,1,0,1,2016,4,20,13,5,8.119
159,1,0,1,2016,4,20,13,5,39.783
160,1,0,1,2016,4,20,13,5,51.926
161,1,0,1,2016,4,20,13,5,52.511
162,1,0,1,2016,4,20,13,5,52.571
163,1,0,1,2016,4,20,13,5,53.678
164,1,0,1,2016,4,20,13,5,54.401
165,1,0,1,2016,4,20,13,5,57.601
166,1,0,1,2016,4,20,13,5,59.725
167,1,0,1,2016,4,20,13,5,59.797
168,1,0,1,2016,4,20,13,6,0.082
169,1,0,1,2016,4,20,13,6,0.544
170,1,0,1,2016,4,20,13,6,5.739
171,1,0,1,2016,4,20,13,6,7.447
172,1,0,1,2016,4,20,13,6,8.145
173,1,0,1,2016,4,20,13,6,8.194
174,1,0,1,2016,4,20,13,6,32.82
175,2,0,1,2016,4,20,13,11,7.915
176,2,0,1,2016,4,20,13,11,16.525
177,2,0,1,2016,4,20,13,11,17.89
178,2,0,1,2016,4,20,13,11,18.247
179,2,0,1,2016,4,20,13,11,20.408
180,2,0,1,2016,4,20,13,11,21.19
181,2,0,1,2016,4,20,13,11,54.946
182,2,0,1,2016,4,20,13,11,56.942
183,2,0,1,2016,4,20,13,11,56.997
184,2,0,1,2016,4,20,13,11,59.151
185,2,0,1,2016,4,20,13,12,0.154
186,2,0,1,2016,4,20,13,12,1.81
187,2,0,1,2016,4,20,13,12,12.614
188,2,0,1,2016,4,20,13,12,13.394
189,2,0,1,2016,4,20,13,12,57.526
190,2,0,1,2016,4,20,13,12,58.354
191,2,0,1,2016,4,20,13,13,7.167
192,2,0,1,2016,4,20,13,13,8.553
193,2,0,1,2016,4,20,13,13,11.051
194,2,0,1,2016,4,20,13,13,11.844
195,2,0,1,2016,4,20,13,13,12.645
196,2,0,1,2016,4,20,13,13,13.077
197,2,0,1,2016,4,20,13,13,14.493
198,2,0,1,2016,4,20,13,13,14.586
199,2,0,1,2016,4,20,13,13,15.409
200,2,0,1,2016,4,20,13,13,16.538
201,2,0,1,2016,4,20,13,13,17.369
202,2,0,1,2016,4,20,13,13,18.739
203,2,0,1,2016,4,20,13,13,19.784
204,2,0,1,2016,4,20,13,13,20.936
205,2,0,1,2016,4,20,13,13,21.631
206,2,0,1,2016,4,20,13,13,24.216
207,2,0,1,2016,4,20,13,13,25.049
208,2,0,1,2016,4,20,13,13,26.141
209,2,0,1,2016,4,20,13,13,29.919
210,2,0,1,2016,4,20,13,13,30.301
211,2,0,1,2016,4,20,13,13,31.009
212,2,0,1,2016,4,20,13,13,31.886
213,2,0,1,2016,4,20,13,13,32.782
214,2,0,1,2016,4,20,13,13,34.683
215,2,0,1,2016,4,20,13,13,36.48
216,2,0,1,2016,4,20,13,13,37.059
217,2,0,1,2016,4,20,13,13,38.223
218,2,0,1,2016,4,20,13,13,39.736
219,2,0,1,2016,4,20,13,13,43.751
220,2,0,1,2016,4,20,13,13,45.895
221,2,0,1,2016,4,20,13,13,49.495
222,2,0,1,2016,4,20,13,13,50.345
223,2,0,1,2016,4,20,13,13,51.195
224,2,0,1,2016,4,20,13,18,57.477
225,2,0,1,2016,4,20,13,18,58.361
226,2,0,1,2016,4,20,13,18,59.342
227,2,0,1,2016,4,20,13,19,0.031
228,1,0,1,2016,4,20,13,24,40.455
229,1,0,1,2016,4,20,13,24,41.176
230,1,0,1,2016,4,20,13,24,41.951
231,1,0,1,2016,4,20,13,24,42.171
232,1,0,1,2016,4,20,13,24,45.882
233,1,0,1,2016,4,20,13,24,45.988
234,1,0,1,2016,4,20,13,24,46.47
235,1,0,1,2016,4,20,13,24,55.01
236,1,0,1,2016,4,20,13,24,57.732
237,1,0,1,2016,4,20,13,24,58.147
238,1,0,1,2016,4,20,13,24,59.434
239,1,0,1,2016,4,20,13,25,0.099
240,1,0,1,2016,4,20,13,25,0.204
241,1,0,1,2016,4,20,13,25,2.912
242,1,0,1,2016,4,20,13,25,2.953
243,1,0,1,2016,4,20,13,25,6.06
244,1,0,1,2016,4,20,13,25,11.675
245,1,0,1,2016,4,20,13,25,11.722
246,1,0,1,2016,4,20,13,25,12.735
247,1,0,1,2016,4,20,13,25,39.286
248,1,0,1,2016,4,20,13,25,40.187
249,1,0,1,2016,4,20,13,25,40.538
250,1,0,1,2016,4,20,13,25,41.329
251,1,0,1,2016,4,20,13,25,41.514
252,1,0,1,2016,4,20,13,25,42.852
253,1,0,1,2016,4,20,13,25,44.05
254,1,0,1,2016,4,20,13,26,0.724
255,1,0,1,2016,4,20,13,26,1.871
256,1,0,1,2016,4,20,13,26,1.96
257,1,0,1,2016,4,20,13,26,18.663
258,1,0,1,2016,4,20,13,26,18.783
259,1,0,1,2016,4,20,13,26,19.035
260,1,0,1,2016,4,20,13,26,19.612
261,1,0,1,2016,4,20,13,26,21.539
262,1,0,1,2016,4,20,13,26,22.834
263,1,0,1,2016,4,20,13,26,23.264
264,1,0,1,2016,4,20,13,26,23.501
265,1,0,1,2016,4,20,13,26,25.331
266,1,0,1,2016,4,20,13,26,25.371
267,1,0,1,2016,4,20,13,26,25.439
268,1,0,1,2016,4,20,13,26,26.294
269,1,0,1,2016,4,20,13,26,31.121
270,1,0,1,2016,4,20,13,26,32.009
271,1,0,1,2016,4,20,13,26,35.341
272,1,0,1,2016,4,20,13,26,35.407
273,1,0,1,2016,4,20,13,26,37.996
274,1,0,1,2016,4,20,13,26,49.276
275,1,0,1,2016,4,20,13,27,12.554
276,1,0,1,2016,4,20,13,27,20.322
277,1,0,1,2016,4,20,13,27,21.675
278,1,0,1,2016,4,20,13,27,21.936
279,1,0,1,2016,4,20,13,27,23.272
280,1,0,1,2016,4,20,13,27,28.455
281,1,0,1,2016,4,20,13,27,28.765
282,2,0,1,2016,4,20,13,34,35.509
283,2,0,1,2016,4,20,13,34,35.904
284,2,0,1,2016,4,20,13,34,36.91
285,2,0,1,2016,4,20,13,34,37.788
286,2,0,1,2016,4,20,13,34,47.059
287,2,0,1,2016,4,20,13,34,48.254
288,2,0,1,2016,4,20,13,34,48.976
289,2,0,1,2016,4,20,13,34,50.175
290,2,0,1,2016,4,20,13,34,52.964
291,2,0,1,2016,4,20,13,34,53.766
292,2,0,1,2016,4,20,13,34,54.844
293,2,0,1,2016,4,20,13,34,56.447
294,2,0,1,2016,4,20,13,35,3.468
295,2,0,1,2016,4,20,13,35,4.311
296,2,0,1,2016,4,20,13,35,6.105
297,2,0,1,2016,4,20,13,35,7.194
298,2,0,1,2016,4,20,13,35,7.686
299,2,0,1,2016,4,20,13,35,7.755
300,2,0,1,2016,4,20,13,35,8.181
301,2,0,1,2016,4,20,13,35,8.839
302,2,0,1,2016,4,20,13,35,8.945
303,2,0,1,2016,4,20,13,35,9.669
304,2,0,1,2016,4,20,13,35,10.517
305,2,0,1,2016,4,20,13,35,12.724
306,2,0,1,2016,4,20,13,35,15.468
307,2,0,1,2016,4,20,13,35,15.875
308,2,0,1,2016,4,20,13,35,16.779
309,2,0,1,2016,4,20,13,35,17.984
310,2,0,1,2016,4,20,13,35,18.394
311,2,0,1,2016,4,20,13,35,18.862
312,2,0,1,2016,4,20,13,35,19.954
313,2,0,1,2016,4,20,13,35,20.88
314,2,0,1,2016,4,20,13,35,22.978
315,2,0,1,2016,4,20,13,35,24.054
316,2,0,1,2016,4,20,13,35,26.654
317,2,0,1,2016,4,20,13,35,31.197
318,2,0,1,2016,4,20,13,35,32.196
319,2,0,1,2016,4,20,13,35,32.894
320,2,0,1,2016,4,20,13,35,33.841
321,2,0,1,2016,4,20,13,35,34.52
322,2,0,1,2016,4,20,13,35,35.493
323,2,0,1,2016,4,20,13,35,36.372
324,2,0,1,2016,4,20,13,35,37.185
325,2,0,1,2016,4,20,13,35,37.848
326,2,0,1,2016,4,20,13,35,39.098
327,2,0,1,2016,4,20,13,35,40.371
328,2,0,1,2016,4,20,13,35,41.884
329,2,0,1,2016,4,20,13,35,42.656
330,1,0,1,2016,4,20,13,35,56.692
331,1,0,1,2016,4,20,13,36,1.935
332,1,0,1,2016,4,20,13,36,5.491
333,1,0,1,2016,4,20,13,36,7.124
334,1,0,1,2016,4,20,13,36,25.87
335,1,0,1,2016,4,20,13,36,28.079
336,1,0,1,2016,4,20,13,36,29.016
337,1,0,1,2016,4,20,13,36,29.069
338,1,0,1,2016,4,20,13,36,29.123
339,1,0,1,2016,4,20,13,36,30.315
340,1,0,1,2016,4,20,13,36,30.375
341,1,0,1,2016,4,20,13,36,32.696
342,1,0,1,2016,4,20,13,36,35.568
343,1,0,1,2016,4,20,13,36,37.878
344,1,0,1,2016,4,20,13,36,40.801
345,1,0,1,2016,4,20,13,36,42.416
346,1,0,1,2016,4,20,13,36,49.185
347,1,0,1,2016,4,20,13,36,54.382
348,1,0,1,2016,4,20,13,37,8.348
349,1,0,1,2016,4,20,13,37,15.894
350,1,0,1,2016,4,20,13,37,16.457
351,1,0,1,2016,4,20,13,37,19.851
352,1,0,1,2016,4,20,13,37,26.11
353,1,0,1,2016,4,20,13,37,40.475
354,1,0,1,2016,4,20,13,37,42.022
355,1,0,1,2016,4,20,13,37,59.898
356,1,0,1,2016,4,20,13,38,0.562
357,1,0,1,2016,4,20,13,38,1.804
358,1,0,1,2016,4,20,13,38,3.374
359,1,0,1,2016,4,20,13,38,4.819
360,1,0,1,2016,4,20,13,38,5.355
361,1,0,1,2016,4,20,13,38,10.238
362,1,0,1,2016,4,20,13,38,15.011
363,1,0,1,2016,4,20,13,38,20.833
364,1,0,1,2016,4,20,13,38,26.149
365,1,0,1,2016,4,20,13,38,26.231
366,1,0,1,2016,4,20,13,38,26.827
367,1,0,1,2016,4,20,13,38,30.668
368,1,0,1,2016,4,20,13,38,35.418
369,1,0,1,2016,4,20,13,38,44.776
370,1,0,1,2016,4,20,13,38,46.9
371,1,0,1,2016,4,20,13,38,46.985
372,1,0,1,2016,4,20,13,38,50.013
373,1,0,1,2016,4,20,13,38,51.522
374,1,0,1,2016,4,20,13,38,51.657
375,1,0,1,2016,4,20,13,38,52.662
376,1,0,1,2016,4,20,13,38,52.752
377,1,0,1,2016,4,20,13,38,52.851
378,1,0,1,2016,4,20,13,38,54.934
379,1,0,1,2016,4,20,13,38,56.346
380,1,0,1,2016,4,20,13,38,57.011
381,1,0,1,2016,4,20,13,39,2.023
382,1,0,1,2016,4,20,13,39,2.453
383,1,0,1,2016,4,20,13,39,6.725
384,1,0,1,2016,4,20,13,39,8.352
385,1,0,1,2016,4,20,13,39,21.351
386,1,0,1,2016,4,20,13,39,29.982
387,1,0,1,2016,4,20,13,39,32.964
388,1,0,1,2016,4,20,13,39,35.321
389,1,0,1,2016,4,20,13,39,38.451
390,1,0,1,2016,4,20,13,40,3.461
391,1,0,1,2016,4,20,13,40,4.968
392,1,0,1,2016,4,20,13,40,13.003
393,1,0,1,2016,4,20,13,40,20.193
394,1,0,1,2016,4,20,13,40,23.645
395,1,0,1,2016,4,20,13,40,41.86
396,1,0,1,2016,4,20,13,40,46.611
397,1,0,1,2016,4,20,13,51,41.906
398,2,0,1,2016,4,20,14,17,38.475
399,2,0,1,2016,4,20,14,31,31.122
400,2,0,1,2016,4,20,14,31,31.69
401,2,0,1,2016,4,20,14,31,32.81
402,2,0,1,2016,4,20,14,31,33.596
403,2,0,1,2016,4,20,14,31,35.334
404,2,0,1,2016,4,20,14,31,36.286
405,2,0,1,2016,4,20,14,31,37.671
406,2,0,1,2016,4,20,14,31,38.906
407,2,0,1,2016,4,20,14,31,39.696
408,2,0,1,2016,4,20,14,31,40.556
409,2,0,1,2016,4,20,14,31,42.432
410,2,0,1,2016,4,20,14,31,45.369
411,2,0,1,2016,4,20,14,31,46.644
412,2,0,1,2016,4,20,14,31,47.619
413,2,0,1,2016,4,20,14,31,48.662
414,2,0,1,2016,4,20,14,31,49.445
415,2,0,1,2016,4,20,14,31,49.502
416,2,0,1,2016,4,20,14,32,54.341
417,2,0,1,2016,4,20,14,32,55.126
418,2,0,1,2016,4,20,14,32,55.97
419,2,0,1,2016,4,20,14,32,56.619
420,2,0,1,2016,4,20,14,32,57.861
421,2,0,1,2016,4,20,14,32,58.598
422,2,0,1,2016,4,20,14,32,59.475
423,2,0,1,2016,4,20,14,33,0.195
424,2,0,1,2016,4,20,14,33,0.996
425,2,0,1,2016,4,20,14,33,1.9
426,2,0,1,2016,4,20,14,33,2.674
427,2,0,1,2016,4,20,14,33,3.73
428,2,0,1,2016,4,20,14,33,4.557
429,2,0,1,2016,4,20,14,33,5.297
430,2,0,1,2016,4,20,14,33,6.394
431,2,0,1,2016,4,20,14,33,7.081
432,2,0,1,2016,4,20,14,33,8.848
433,2,0,1,2016,4,20,14,33,9.495
434,2,0,1,2016,4,20,14,33,11.051
435,2,0,1,2016,4,20,14,33,11.794
436,2,0,1,2016,4,20,14,33,13.328
437,2,0,1,2016,4,20,14,33,14.064
438,2,0,1,2016,4,20,14,33,15.895
439,2,0,1,2016,4,20,14,33,16.714
440,2,0,1,2016,4,20,14,33,17.998
441,2,0,1,2016,4,20,14,33,19.134
442,2,0,1,2016,4,20,14,33,19.663
443,2,0,1,2016,4,20,14,33,31.177
444,2,0,1,2016,4,20,14,33,32.114
445,2,0,1,2016,4,20,14,33,32.959
446,2,0,1,2016,4,20,14,33,34.256
447,2,0,1,2016,4,20,14,33,34.79
448,2,0,1,2016,4,20,14,33,36.269
449,2,0,1,2016,4,20,14,33,36.996
450,2,0,1,2016,4,20,14,33,37.731
451,2,0,1,2016,4,20,14,33,38.353
452,2,0,1,2016,4,20,14,33,39.175
453,2,0,1,2016,4,20,14,33,52.079
454,2,0,1,2016,4,20,14,33,52.611
455,2,0,1,2016,4,20,14,33,54.066
456,2,0,1,2016,4,20,14,33,55.046
457,2,0,1,2016,4,20,14,33,55.895
458,2,0,1,2016,4,20,14,33,56.841
459,2,0,1,2016,4,20,14,33,57.511
460,2,0,1,2016,4,20,14,33,58.846
461,2,0,1,2016,4,20,14,33,58.908
462,2,0,1,2016,4,20,14,34,0.057
463,2,0,1,2016,4,20,14,34,1.44
464,2,0,1,2016,4,20,14,34,2.444
465,2,0,1,2016,4,20,14,34,3.134
466,2,0,1,2016,4,20,14,34,3.777
467,2,0,1,2016,4,20,14,34,4.985
468,2,0,1,2016,4,20,14,34,5.745
469,2,0,1,2016,4,20,14,34,7.058
470,2,0,1,2016,4,20,14,34,7.925
471,2,0,1,2016,4,20,14,34,9.486
472,2,0,1,2016,4,20,14,34,10.235
473,2,0,1,2016,4,20,14,34,11.961
474,2,0,1,2016,4,20,14,34,12.908
475,1,0,1,2016,4,20,14,36,41.597
476,1,0,1,2016,4,20,14,36,44.022
477,1,0,1,2016,4,20,14,36,45.035
478,1,0,1,2016,4,20,14,36,45.853
479,1,0,1,2016,4,20,14,36,47.496
480,2,0,1,2016,4,20,14,41,40.71
481,2,0,1,2016,4,20,14,41,43.857
482,2,0,1,2016,4,20,14,41,44.077
483,2,0,1,2016,4,20,14,41,44.87
484,2,0,1,2016,4,20,14,41,45.41
485,2,0,1,2016,4,20,14,41,57.647
486,2,0,1,2016,4,20,14,41,58.289
487,2,0,1,2016,4,20,14,41,59.053
488,2,0,1,2016,4,20,14,42,0.152
489,2,0,1,2016,4,20,14,42,1.097
490,2,0,1,2016,4,20,14,42,1.628
491,2,0,1,2016,4,20,14,42,2.34
492,1,0,1,2016,4,20,14,47,20.063
493,1,0,1,2016,4,20,14,47,26.764
494,1,0,1,2016,4,20,14,47,28.051
495,1,0,1,2016,4,20,14,47,28.136
496,1,0,1,2016,4,20,14,47,28.309
497,1,0,1,2016,4,20,14,47,31.539
498,1,0,1,2016,4,20,14,47,37.785
499,1,0,1,2016,4,20,14,47,37.922
500,1,0,1,2016,4,20,14,47,38.793
501,1,0,1,2016,4,20,14,47,41.867
502,1,0,1,2016,4,20,14,47,42.56
503,1,0,1,2016,4,20,14,47,44.306
504,1,0,1,2016,4,20,14,47,45.08
505,1,0,1,2016,4,20,14,47,55.366
506,1,0,1,2016,4,20,14,48,1.535
507,1,0,1,2016,4,20,14,48,2.084
508,1,0,1,2016,4,20,14,48,2.148
509,1,0,1,2016,4,20,14,48,3.197
510,1,0,1,2016,4,20,14,48,20.644
511,1,0,1,2016,4,20,14,48,21.596
512,1,0,1,2016,4,20,14,48,23.409
513,1,0,1,2016,4,20,14,48,25.161
514,1,0,1,2016,4,20,14,48,32.187
515,1,0,1,2016,4,20,14,48,32.742
516,1,0,1,2016,4,20,14,48,36.724
517,1,0,1,2016,4,20,14,48,36.78
518,2,0,1,2016,4,20,14,49,15.062
519,2,0,1,2016,4,20,14,49,15.704
520,2,0,1,2016,4,20,14,49,27.672
521,2,0,1,2016,4,20,14,49,28.286
522,2,0,1,2016,4,20,14,49,30.119
523,2,0,1,2016,4,20,14,49,30.808
524,2,0,1,2016,4,20,14,49,31.804
525,2,0,1,2016,4,20,14,49,32.969
526,2,0,1,2016,4,20,14,49,34.037
527,2,0,1,2016,4,20,15,7,30.406
528,2,0,1,2016,4,20,15,7,32.62
529,2,0,1,2016,4,20,15,7,33.65
530,2,0,1,2016,4,20,15,7,34.535
531,2,0,1,2016,4,20,15,7,35.359
532,2,0,1,2016,4,20,15,7,37.664
533,2,0,1,2016,4,20,15,7,41.669
534,2,0,1,2016,4,20,15,7,43.001
535,2,0,1,2016,4,20,15,7,44.345
536,2,0,1,2016,4,20,15,7,45.27
537,2,0,1,2016,4,20,15,7,46.238
538,2,0,1,2016,4,20,15,7,47.169
539,2,0,1,2016,4,20,15,7,48.18
540,2,0,1,2016,4,20,15,7,50.022
541,2,0,1,2016,4,20,15,7,50.931
542,2,0,1,2016,4,20,15,7,52.86
543,2,0,1,2016,4,20,15,7,53.762
544,2,0,1,2016,4,20,15,7,54.564
545,2,0,1,2016,4,20,15,7,55.433
546,2,0,1,2016,4,20,15,7,57.091
547,2,0,1,2016,4,20,15,7,57.935
548,2,0,1,2016,4,20,15,7,59.701
549,2,0,1,2016,4,20,15,8,0.34
550,2,0,1,2016,4,20,15,8,1.003
551,2,0,1,2016,4,20,15,8,2.041
552,2,0,1,2016,4,20,15,8,3.05
553,2,0,1,2016,4,20,15,8,4.046
554,2,0,1,2016,4,20,15,8,10.259
555,2,0,1,2016,4,20,15,8,10.683
556,2,0,1,2016,4,20,15,8,11.714
557,2,0,1,2016,4,20,15,8,12.365
558,2,0,1,2016,4,20,15,8,13.37
559,2,0,1,2016,4,20,15,8,14.691
560,2,0,1,2016,4,20,15,8,15.342
561,2,0,1,2016,4,20,15,8,16.197
562,2,0,1,2016,4,20,15,8,17.632
563,2,0,1,2016,4,20,15,8,21.693
564,2,0,1,2016,4,20,15,8,22.925
565,2,0,1,2016,4,20,15,8,23.862
566,2,0,1,2016,4,20,15,8,24.746
567,2,0,1,2016,4,20,15,8,25.55
568,2,0,1,2016,4,20,15,8,26.445
569,2,0,1,2016,4,20,15,8,27.629
570,2,0,1,2016,4,20,15,8,32.595
571,2,0,1,2016,4,20,15,8,33.525
572,2,0,1,2016,4,20,15,8,34.536
573,2,0,1,2016,4,20,15,8,35.206
574,2,0,1,2016,4,20,15,8,36.637
575,2,0,1,2016,4,20,15,8,37.562
576,2,0,1,2016,4,20,15,8,38.197
577,2,0,1,2016,4,20,15,8,39.231
578,2,0,1,2016,4,20,15,8,40.477
579,2,0,1,2016,4,20,15,8,41.351
580,2,0,1,2016,4,20,15,8,42.555
581,2,0,1,2016,4,20,15,8,43.904
582,2,0,1,2016,4,20,15,8,44.489
583,2,0,1,2016,4,20,15,8,46.57
584,2,0,1,2016,4,20,15,8,47.13
585,2,0,1,2016,4,20,15,8,47.838
586,2,0,1,2016,4,20,15,9,6.571
587,2,0,1,2016,4,20,15,9,7.124
588,2,0,1,2016,4,20,15,17,33.856
589,1,0,1,2016,4,20,15,25,47.469
590,1,0,1,2016,4,20,15,25,49.126
591,1,0,1,2016,4,20,15,25,49.912
592,1,0,1,2016,4,20,15,25,50.036
593,1,0,1,2016,4,20,15,25,50.515
594,1,0,1,2016,4,20,15,25,50.593
595,1,0,1,2016,4,20,15,25,58.004
596,1,0,1,2016,4,20,15,25,58.082
597,1,0,1,2016,4,20,15,25,58.852
598,1,0,1,2016,4,20,15,25,58.974
599,1,0,1,2016,4,20,15,26,0.737
600,1,0,1,2016,4,20,15,26,1.477
601,1,0,1,2016,4,20,15,26,6.086
602,1,0,1,2016,4,20,15,26,10.279
603,1,0,1,2016,4,20,15,26,10.701
604,1,0,1,2016,4,20,15,26,10.777
605,2,0,1,2016,4,20,15,29,15.087
606,2,0,1,2016,4,20,15,29,16.195
607,2,0,1,2016,4,20,15,29,16.995
608,2,0,1,2016,4,20,15,29,18.368
609,2,0,1,2016,4,20,15,29,47.46
610,2,0,1,2016,4,20,15,29,48.622
611,2,0,1,2016,4,20,15,29,48.791
612,2,0,1,2016,4,20,15,29,49.836
613,2,0,1,2016,4,20,15,29,50.75
614,2,0,1,2016,4,20,15,29,51.528
615,1,0,1,2016,4,20,15,40,31.694
616,1,0,1,2016,4,20,15,40,31.779
617,1,0,1,2016,4,20,15,40,32.438
618,1,0,1,2016,4,20,15,40,32.998
619,1,0,1,2016,4,20,15,40,33.722
620,1,0,1,2016,4,20,15,40,33.817
621,1,0,1,2016,4,20,15,40,37.9
622,1,0,1,2016,4,20,15,40,39.407
623,1,0,1,2016,4,20,15,40,39.913
624,1,0,1,2016,4,20,15,40,45.437
625,1,0,1,2016,4,20,15,40,46.155
626,1,0,1,2016,4,20,15,40,46.425
627,1,0,1,2016,4,20,15,40,51.319
628,1,0,1,2016,4,20,15,40,54.859
629,1,0,1,2016,4,20,15,40,59.798
630,1,0,1,2016,4,20,15,40,59.929
631,1,0,1,2016,4,20,15,41,5.204
632,1,0,1,2016,4,20,15,41,9.337
633,1,0,1,2016,4,20,15,41,11.59
634,1,0,1,2016,4,20,15,41,12.824
635,1,0,1,2016,4,20,15,41,14.032
636,1,0,1,2016,4,20,15,41,14.129
637,1,0,1,2016,4,20,15,41,15.402
638,1,0,1,2016,4,20,15,41,49.183
639,1,0,1,2016,4,20,15,41,49.567
640,1,0,1,2016,4,20,15,41,51.086
641,1,0,1,2016,4,20,15,41,52.34
642,1,0,1,2016,4,20,15,41,53.624
643,1,0,1,2016,4,20,15,41,56.007
644,1,0,1,2016,4,20,15,41,58.464
645,1,0,1,2016,4,20,15,41,59.193
646,1,0,1,2016,4,20,15,41,59.356
647,1,0,1,2016,4,20,15,42,1.324
648,1,0,1,2016,4,20,15,42,2.061
649,1,0,1,2016,4,20,15,42,5.078
650,1,0,1,2016,4,20,15,42,5.384
651,1,0,1,2016,4,20,15,42,13.663
652,1,0,1,2016,4,20,15,42,14.386
653,1,0,1,2016,4,20,15,42,15.095
654,1,0,1,2016,4,20,15,42,15.27
655,1,0,1,2016,4,20,15,42,15.339
656,1,0,1,2016,4,20,15,42,16.51
657,1,0,1,2016,4,20,15,42,16.89
658,1,0,1,2016,4,20,15,42,19.704
659,1,0,1,2016,4,20,15,42,39.098
660,1,0,1,2016,4,20,15,42,39.751
661,1,0,1,2016,4,20,15,42,42.09
662,1,0,1,2016,4,20,15,42,54.532
663,2,0,1,2016,4,20,15,43,44.041
664,1,0,1,2016,4,20,15,47,14.304
665,1,0,1,2016,4,20,15,47,17.278
666,1,0,1,2016,4,20,15,47,18.034
667,1,0,1,2016,4,20,15,47,18.824
668,1,0,1,2016,4,20,15,47,18.903
669,1,0,1,2016,4,20,15,47,25.968
670,1,0,1,2016,4,20,15,47,27.089
671,1,0,1,2016,4,20,15,47,30.691
672,1,0,1,2016,4,20,15,47,33.604
673,1,0,1,2016,4,20,15,47,34.787
674,1,0,1,2016,4,20,15,47,36.551
675,1,0,1,2016,4,20,15,47,49.514
676,2,0,1,2016,4,20,15,48,27.384
677,2,0,1,2016,4,20,15,48,30.163
678,2,0,1,2016,4,20,15,48,30.601
679,2,0,1,2016,4,20,15,48,37.656
680,2,0,1,2016,4,20,15,48,38.04
681,2,0,1,2016,4,20,15,48,39.845
682,2,0,1,2016,4,20,15,48,41.325
683,2,0,1,2016,4,20,15,48,44.124
684,2,0,1,2016,4,20,15,48,45.889
685,2,0,1,2016,4,20,15,48,47.357
686,2,0,1,2016,4,20,15,48,48.346
687,2,0,1,2016,4,20,15,48,49.191
688,2,0,1,2016,4,20,16,19,38.006
689,2,0,1,2016,4,20,16,19,39.298
690,2,0,1,2016,4,20,16,19,40.743
691,2,0,1,2016,4,20,16,19,49.726
692,2,0,1,2016,4,20,16,19,55.278
693,2,0,1,2016,4,20,16,19,56.031
694,2,0,1,2016,4,20,16,19,56.979
695,2,0,1,2016,4,20,16,20,8.208
696,2,0,1,2016,4,20,16,20,9.59
697,2,0,1,2016,4,20,16,20,10.961
698,2,0,1,2016,4,20,16,20,12.711
699,2,0,1,2016,4,20,16,20,14.926
700,1,0,1,2016,4,20,16,20,28.301
701,1,0,1,2016,4,20,16,20,29.116
702,1,0,1,2016,4,20,16,20,29.331
703,1,0,1,2016,4,20,16,20,32.651
704,1,0,1,2016,4,20,16,20,33.72
705,1,0,1,2016,4,20,16,20,34.17
706,1,0,1,2016,4,20,16,20,36.599
707,1,0,1,2016,4,20,16,20,39.037
708,1,0,1,2016,4,20,16,20,39.316
709,1,0,1,2016,4,20,16,20,45.283
710,1,0,1,2016,4,20,16,20,47.496
711,2,0,1,2016,4,20,16,21,9.886
712,2,0,1,2016,4,20,16,21,10.769
713,2,0,1,2016,4,20,16,21,11.865
714,2,0,1,2016,4,20,16,21,13.156
715,2,0,1,2016,4,20,16,21,14.626
716,2,0,1,2016,4,20,16,21,15.17
717,2,0,1,2016,4,20,16,21,15.902
718,2,0,1,2016,4,20,16,21,17.248
719,2,0,1,2016,4,20,16,21,17.871
720,2,0,1,2016,4,20,16,21,18.697
721,2,0,1,2016,4,20,16,21,19.81
722,2,0,1,2016,4,20,16,21,21.431
723,2,0,1,2016,4,20,16,21,22.675
724,2,0,1,2016,4,20,16,21,23.883
725,2,0,1,2016,4,20,16,21,24.741
726,2,0,1,2016,4,20,16,21,25.869
727,2,0,1,2016,4,20,16,21,32.376
728,2,0,1,2016,4,20,16,21,33.079
729,2,0,1,2016,4,20,16,21,34.215
730,2,0,1,2016,4,20,16,21,34.94
731,2,0,1,2016,4,20,16,21,36.095
732,2,0,1,2016,4,20,16,21,37.583
733,2,0,1,2016,4,20,16,21,39.071
734,2,0,1,2016,4,20,16,21,39.73
735,2,0,1,2016,4,20,16,21,41.13
736,2,0,1,2016,4,20,16,21,41.808
737,2,0,1,2016,4,20,16,21,42.668
738,2,0,1,2016,4,20,16,21,43.792
739,2,0,1,2016,4,20,16,21,44.871
740,2,0,1,2016,4,20,16,21,45.603
741,2,0,1,2016,4,20,16,21,48.631
742,2,0,1,2016,4,20,16,21,49.274
743,2,0,1,2016,4,20,16,21,50.055
744,2,0,1,2016,4,20,16,21,50.911
745,2,0,1,2016,4,20,16,21,51.392
746,2,0,1,2016,4,20,16,21,52.68
747,2,0,1,2016,4,20,16,21,54.127
748,2,0,1,2016,4,20,16,21,55.173
749,2,0,1,2016,4,20,16,22,0.879
750,2,0,1,2016,4,20,16,22,1.735
751,2,0,1,2016,4,20,16,22,4.427
752,2,0,1,2016,4,20,16,22,5.272
753,2,0,1,2016,4,20,16,22,6.446
754,2,0,1,2016,4,20,16,22,7.654
755,2,0,1,2016,4,20,16,22,9.116
756,2,0,1,2016,4,20,16,22,10.158
757,2,0,1,2016,4,20,16,22,10.776
758,2,0,1,2016,4,20,16,22,12.118
759,2,0,1,2016,4,20,16,22,12.852
760,2,0,1,2016,4,20,16,22,13.709
761,2,0,1,2016,4,20,16,22,14.551
762,2,0,1,2016,4,20,16,22,15.826
763,2,0,1,2016,4,20,16,22,19.339
764,2,0,1,2016,4,20,16,22,23.971
765,2,0,1,2016,4,20,16,22,24.89
766,2,0,1,2016,4,20,16,22,26.495
767,2,0,1,2016,4,20,16,22,27.434
768,2,0,1,2016,4,20,16,22,31.616
769,2,0,1,2016,4,20,16,22,32.712
770,2,0,1,2016,4,20,16,22,33.69
771,2,0,1,2016,4,20,16,22,35.305
772,2,0,1,2016,4,20,16,22,36.025
773,2,0,1,2016,4,20,16,23,21.22
774,2,0,1,2016,4,20,16,23,22.09
775,2,0,1,2016,4,20,16,23,23.193
776,2,0,1,2016,4,20,16,23,23.994
777,2,0,1,2016,4,20,16,23,25.217
778,2,0,1,2016,4,20,16,23,27.905
779,2,0,1,2016,4,20,16,23,28.874
780,2,0,1,2016,4,20,16,23,29.494
781,2,0,1,2016,4,20,16,23,30.815
782,2,0,1,2016,4,20,16,23,33
783,2,0,1,2016,4,20,16,23,34.081
784,2,0,1,2016,4,20,16,24,41.289
785,2,0,1,2016,4,20,16,24,42.085
786,2,0,1,2016,4,20,16,24,43.334
787,2,0,1,2016,4,20,16,24,44.191
788,2,0,1,2016,4,20,16,24,45.028
789,2,0,1,2016,4,20,16,24,46.066
790,2,0,1,2016,4,20,16,24,47.883
791,2,0,1,2016,4,20,16,24,48.807
792,2,0,1,2016,4,20,16,24,49.607
793,2,0,1,2016,4,20,16,24,50.56
794,1,0,1,2016,4,20,16,41,50.989
795,1,0,1,2016,4,20,16,41,51.705
796,1,0,1,2016,4,20,16,41,54.967
797,1,0,1,2016,4,20,16,41,55.932
798,1,0,1,2016,4,20,16,42,2.691
799,1,0,1,2016,4,20,16,42,7.282
800,1,0,1,2016,4,20,16,42,9.505
801,1,0,1,2016,4,20,16,42,9.83
802,1,0,1,2016,4,20,16,42,11.081
803,1,0,1,2016,4,20,16,42,11.472
804,1,0,1,2016,4,20,16,42,23.342
805,1,0,1,2016,4,20,16,42,23.466
806,1,0,1,2016,4,20,16,42,24.211
807,1,0,1,2016,4,20,16,42,24.315
808,1,0,1,2016,4,20,16,42,24.436
809,1,0,1,2016,4,20,16,42,36.184
810,1,0,1,2016,4,20,16,42,45.708
811,1,0,1,2016,4,20,16,42,49.422
812,1,0,1,2016,4,20,16,42,51.723
813,1,0,1,2016,4,20,16,42,57.289
814,1,0,1,2016,4,20,16,42,58.252
815,1,0,1,2016,4,20,16,42,59.724
816,1,0,1,2016,4,20,16,43,10.539
817,1,0,1,2016,4,20,16,43,20.372
818,1,0,1,2016,4,20,16,43,21.746
819,1,0,1,2016,4,20,16,43,32.196
820,1,0,1,2016,4,20,16,43,34.402
821,1,0,1,2016,4,20,16,43,35.552
822,1,0,1,2016,4,20,16,43,36.307
823,1,0,1,2016,4,20,16,43,37.195
824,1,0,1,2016,4,20,16,43,37.28
825,1,0,1,2016,4,20,16,43,38.381
826,1,0,1,2016,4,20,16,43,39.944
827,1,0,1,2016,4,20,16,43,40.088
828,1,0,1,2016,4,20,16,43,48.504
829,1,0,1,2016,4,20,16,43,50.274
830,1,0,1,2016,4,20,16,43,58.198
831,1,0,1,2016,4,20,16,44,0.106
832,1,0,1,2016,4,20,16,44,2.185
833,1,0,1,2016,4,20,16,44,3.955
834,1,0,1,2016,4,20,16,44,4.372
835,1,0,1,2016,4,20,16,44,4.596
836,1,0,1,2016,4,20,16,44,4.727
837,1,0,1,2016,4,20,16,44,8.679
838,1,0,1,2016,4,20,16,44,8.933
839,1,0,1,2016,4,20,16,44,10.245
840,1,0,1,2016,4,20,16,44,28.321
841,1,0,1,2016,4,20,16,44,28.45
842,1,0,1,2016,4,20,16,44,31.938
843,1,0,1,2016,4,20,16,44,32.398
844,1,0,1,2016,4,20,16,44,32.865
845,1,0,1,2016,4,20,16,44,38.301
846,1,0,1,2016,4,20,16,44,38.458
847,1,0,1,2016,4,20,16,44,38.731
848,1,0,1,2016,4,20,16,44,40.98
849,1,0,1,2016,4,20,16,44,41.07
850,1,0,1,2016,4,20,16,44,44.914
851,1,0,1,2016,4,20,16,44,45.631
852,1,0,1,2016,4,20,16,45,0.654
853,1,0,1,2016,4,20,16,45,1.269
854,1,0,1,2016,4,20,16,45,3.272
855,1,0,1,2016,4,20,16,45,3.362
856,1,0,1,2016,4,20,16,45,9.511
857,1,0,1,2016,4,20,16,45,9.977
858,1,0,1,2016,4,20,16,45,11.475
859,1,0,1,2016,4,20,16,45,12.632
860,1,0,1,2016,4,20,16,45,13.868
861,1,0,1,2016,4,20,16,45,16.714
862,1,0,1,2016,4,20,16,45,18.835
863,1,0,1,2016,4,20,16,45,24.265
864,1,0,1,2016,4,20,16,45,24.876
865,1,0,1,2016,4,20,16,45,27.752
866,1,0,1,2016,4,20,16,45,30.342
867,1,0,1,2016,4,20,16,45,30.611
868,1,0,1,2016,4,20,16,45,30.789
869,1,0,1,2016,4,20,16,45,36.774
870,1,0,1,2016,4,20,16,45,37.581
871,1,0,1,2016,4,20,16,45,40.391
872,1,0,1,2016,4,20,16,45,41.563
873,1,0,1,2016,4,20,16,48,25.097
874,1,0,1,2016,4,20,16,48,26.375
875,1,0,1,2016,4,20,16,48,28.155
876,1,0,1,2016,4,20,16,49,1.491
877,1,0,1,2016,4,20,16,49,1.693
878,1,0,1,2016,4,20,16,49,1.891
879,1,0,1,2016,4,20,16,49,2.625
880,1,0,1,2016,4,20,16,49,2.731
881,1,0,1,2016,4,20,16,49,4.254
882,1,0,1,2016,4,20,16,49,7.795
883,1,0,1,2016,4,20,16,49,10.399
884,1,0,1,2016,4,20,16,49,13.43
885,1,0,1,2016,4,20,16,49,26.014
886,1,0,1,2016,4,20,16,50,26.62
887,1,0,1,2016,4,20,16,50,37.551
888,1,0,1,2016,4,20,16,50,39.447
889,1,0,1,2016,4,20,16,50,39.762
890,1,0,1,2016,4,20,16,51,53.263
891,1,0,1,2016,4,20,16,52,7.535
892,1,0,1,2016,4,20,16,52,50.069
893,1,0,1,2016,4,20,16,52,53.279
894,1,0,1,2016,4,20,16,52,55.812
895,1,0,1,2016,4,20,16,52,55.922
896,1,0,1,2016,4,20,16,52,56.147
897,1,0,1,2016,4,20,16,52,57.099
898,1,0,1,2016,4,20,16,52,57.29
899,1,0,1,2016,4,20,16,53,5.324
900,1,0,1,2016,4,20,16,53,5.536
901,1,0,1,2016,4,20,16,53,17.039
902,1,0,1,2016,4,20,16,53,27.9
903,1,0,1,2016,4,20,16,53,29.565
904,1,0,1,2016,4,20,16,53,29.69
905,1,0,1,2016,4,20,16,53,31.88
906,1,0,1,2016,4,20,16,53,41.657
907,1,0,1,2016,4,20,16,53,49.821
908,1,0,1,2016,4,20,16,53,50.493
909,1,0,1,2016,4,20,16,53,58.662
910,1,0,1,2016,4,20,16,54,0.065
911,1,0,1,2016,4,20,16,54,0.464
912,1,0,1,2016,4,20,16,54,3.878
913,1,0,1,2016,4,20,16,54,5.12
914,1,0,1,2016,4,20,16,54,5.999
915,1,0,1,2016,4,20,16,54,6.305
916,1,0,1,2016,4,20,16,54,38.579
917,1,0,1,2016,4,20,16,54,50.639
918,1,0,1,2016,4,20,16,54,51.879
919,1,0,1,2016,4,20,16,54,57.363
920,1,0,1,2016,4,20,16,54,59.276
921,1,0,1,2016,4,20,16,55,11.08
922,1,0,1,2016,4,20,16,55,23.113
923,2,0,1,2016,4,20,16,57,27.279
924,2,0,1,2016,4,20,16,57,28.764
925,2,0,1,2016,4,20,16,57,30.863
926,2,0,1,2016,4,20,17,2,44.842
927,1,0,1,2016,4,20,17,6,20.404
928,1,0,1,2016,4,20,17,6,22.136
929,1,0,1,2016,4,20,17,6,25.095
930,1,0,1,2016,4,20,17,6,36.319
931,1,0,1,2016,4,20,17,6,39.411
932,1,0,1,2016,4,20,17,7,2.289
933,1,0,1,2016,4,20,17,7,3.554
934,1,0,1,2016,4,20,17,7,4.156
935,1,0,1,2016,4,20,17,7,14.335
936,1,0,1,2016,4,20,17,7,18.47
937,1,0,1,2016,4,20,17,7,19.637
938,1,0,1,2016,4,20,17,7,35.305
939,1,0,1,2016,4,20,17,7,44.039
940,2,0,1,2016,4,20,17,8,13.099
941,2,0,1,2016,4,20,17,8,14.406
942,2,0,1,2016,4,20,17,8,15.422
943,2,0,1,2016,4,20,17,8,17.25
944,1,0,1,2016,4,20,17,8,20.734
945,1,0,1,2016,4,20,17,8,20.914
946,1,0,1,2016,4,20,17,8,23.231
947,1,0,1,2016,4,20,17,8,23.37
948,1,0,1,2016,4,20,17,8,24.244
949,1,0,1,2016,4,20,17,8,24.488
950,1,0,1,2016,4,20,17,8,25.204
951,1,0,1,2016,4,20,17,8,27.822
952,1,0,1,2016,4,20,17,8,42.628
953,1,0,1,2016,4,20,17,8,43.135
954,1,0,1,2016,4,20,17,8,43.505
955,1,0,1,2016,4,20,17,8,44.706
956,1,0,1,2016,4,20,17,41,38.002
957,1,0,1,2016,4,20,17,41,47.316
958,1,0,1,2016,4,20,17,41,48.802
959,1,0,1,2016,4,20,17,41,50.486
960,1,0,1,2016,4,20,17,41,51.476
961,1,0,1,2016,4,20,17,41,52.949
962,1,0,1,2016,4,20,17,41,56.16
963,1,0,1,2016,4,20,17,42,4.76
964,1,0,1,2016,4,20,17,42,5.806
965,1,0,1,2016,4,20,17,42,9.062
966,1,0,1,2016,4,20,17,42,9.894
967,1,0,1,2016,4,20,17,42,10.909
968,1,0,1,2016,4,20,17,42,13.957
969,1,0,1,2016,4,20,17,42,14.575
970,1,0,1,2016,4,20,17,42,16.353
971,1,0,1,2016,4,20,17,42,17.961
972,1,0,1,2016,4,20,17,42,22.205
973,1,0,1,2016,4,20,17,42,23.529
974,1,0,1,2016,4,20,17,42,23.906
975,1,0,1,2016,4,20,17,42,26.68
976,1,0,1,2016,4,20,17,42,29.535
977,1,0,1,2016,4,20,17,42,51.499
978,1,0,1,2016,4,20,17,42,55.719
979,1,0,1,2016,4,20,17,42,58.097
980,1,0,1,2016,4,20,17,42,58.307
981,1,0,1,2016,4,20,17,42,59.018
982,1,0,1,2016,4,20,17,42,59.924
983,1,0,1,2016,4,20,17,43,1.906
984,1,0,1,2016,4,20,17,43,3.124
985,1,0,1,2016,4,20,17,43,4.129
986,1,0,1,2016,4,20,17,43,18.97
987,1,0,1,2016,4,20,17,43,19.84
988,1,0,1,2016,4,20,17,43,21.084
989,1,0,1,2016,4,20,17,43,28.851
990,1,0,1,2016,4,20,17,43,30.273
991,1,0,1,2016,4,20,17,43,33.354
992,1,0,1,2016,4,20,17,43,34.496
993,1,0,1,2016,4,20,17,43,37.168
994,1,0,1,2016,4,20,17,43,47.145
995,1,0,1,2016,4,20,17,43,48.552
996,1,0,1,2016,4,20,17,54,42.023
997,1,0,1,2016,4,20,18,9,31.096
998,1,0,1,2016,4,20,18,10,32.965
999,1,0,1,2016,4,20,18,10,52.392
1000,1,0,1,2016,4,20,18,10,52.862
1001,2,0,1,2016,4,20,18,38,17.676
1002,2,0,1,2016,4,20,18,52,23.506
