Var1_ 1,Var1_ 2,Var1_ 3,Var1_ 4,Var1_ 5,Var1_ 6,Var1_ 7,Var1_ 8,Var1_ 9,Var1_10
0,0,0,0,2016,4,6,10,0,22.611
1,2,2,1,2016,4,6,10,0,57.459
2,2,2,1,2016,4,6,11,16,59.813
3,2,0,1,2016,4,6,11,17,0.263
4,2,2,1,2016,4,6,11,17,14.221
5,2,2,1,2016,4,6,11,17,23.02
6,2,0,1,2016,4,6,11,17,24.347
7,2,0,1,2016,4,6,11,17,25.714
8,2,1,1,2016,4,6,11,17,27.263
9,1,1,1,2016,4,6,12,18,55.758
10,1,1,1,2016,4,6,12,19,8.228
11,1,1,1,2016,4,6,12,19,15.761
12,1,2,1,2016,4,6,12,19,43.826
13,1,0,1,2016,4,6,12,19,46.332
14,1,1,1,2016,4,6,12,19,47.4
15,1,0,1,2016,4,6,12,19,47.627
16,1,1,1,2016,4,6,12,20,13.207
17,1,1,1,2016,4,6,12,20,24.661
18,1,1,1,2016,4,6,12,20,34.191
19,1,1,1,2016,4,6,12,20,46.231
20,1,1,1,2016,4,6,12,21,0.982
21,1,1,1,2016,4,6,12,21,6.935
22,1,2,1,2016,4,6,12,22,37.666
23,1,2,1,2016,4,6,12,22,48.572
24,1,1,1,2016,4,6,12,22,55.828
25,1,2,1,2016,4,6,12,23,1.1
26,2,2,1,2016,4,6,12,40,36.328
27,2,2,1,2016,4,6,12,40,50.555
28,2,0,1,2016,4,6,12,40,50.866
29,2,0,1,2016,4,6,12,40,51.538
30,2,0,1,2016,4,6,12,40,52.088
31,1,1,1,2016,4,6,12,41,24.169
32,1,1,1,2016,4,6,12,41,47.433
33,1,2,1,2016,4,6,12,41,51.205
34,1,0,1,2016,4,6,12,41,51.279
35,1,2,1,2016,4,6,12,42,29.472
36,1,1,1,2016,4,6,12,42,46.054
37,1,2,1,2016,4,6,12,43,2.053
38,1,1,1,2016,4,6,12,43,9.196
39,1,1,1,2016,4,6,12,43,16.046
40,1,1,1,2016,4,6,12,43,19.971
41,1,1,1,2016,4,6,12,43,25.1
42,2,2,1,2016,4,6,13,1,50.06
43,2,2,1,2016,4,6,13,2,21.302
44,2,2,1,2016,4,6,13,2,29.046
45,2,2,1,2016,4,6,13,2,32.213
46,2,0,1,2016,4,6,13,2,32.716
47,2,0,1,2016,4,6,13,2,32.988
48,2,0,1,2016,4,6,13,2,33.521
49,2,2,1,2016,4,6,13,11,22.017
50,2,2,1,2016,4,6,13,11,27.411
51,1,1,1,2016,4,6,13,25,14.454
52,2,2,1,2016,4,6,13,28,0.189
53,2,1,1,2016,4,6,13,28,6.226
54,2,2,1,2016,4,6,13,28,10.638
55,2,0,1,2016,4,6,13,28,10.817
56,2,0,1,2016,4,6,13,28,11.445
57,2,1,1,2016,4,6,13,28,14.683
58,2,2,1,2016,4,6,13,28,18.265
59,2,2,1,2016,4,6,13,28,31.011
60,2,2,1,2016,4,6,13,28,35.877
61,2,0,1,2016,4,6,13,28,37.927
62,2,2,1,2016,4,6,13,28,47.128
63,2,2,1,2016,4,6,13,28,51.95
64,2,1,1,2016,4,6,13,34,0.87
65,2,2,1,2016,4,6,13,43,31.156
66,2,2,1,2016,4,6,13,43,42.751
67,2,1,1,2016,4,6,13,43,54.547
68,2,1,1,2016,4,6,13,43,58.792
69,2,1,1,2016,4,6,13,44,3.922
70,2,1,1,2016,4,6,14,31,19.352
71,2,2,1,2016,4,6,14,31,29.243
72,2,2,1,2016,4,6,14,31,34.873
73,2,1,1,2016,4,6,14,31,39.572
74,2,1,1,2016,4,6,14,32,35.927
75,2,0,1,2016,4,6,14,32,38.809
76,2,1,1,2016,4,6,14,32,39.415
77,2,0,1,2016,4,6,14,32,39.575
78,2,0,1,2016,4,6,14,33,11.156
79,2,0,1,2016,4,6,14,33,18.508
80,2,0,1,2016,4,6,14,33,19.979
81,2,0,1,2016,4,6,14,33,26.433
82,1,0,1,2016,4,6,14,34,48.303
83,1,0,1,2016,4,6,14,34,49.377
84,2,0,1,2016,4,6,14,55,10.354
85,2,0,1,2016,4,6,14,55,10.99
86,2,0,1,2016,4,6,14,55,18.928
87,2,0,1,2016,4,6,14,55,19.019
88,2,0,1,2016,4,6,14,55,24.861
89,2,0,1,2016,4,6,14,55,33.486
90,2,0,1,2016,4,6,14,55,39.891
91,2,0,1,2016,4,6,14,55,41.371
92,2,0,1,2016,4,6,14,56,0.901
93,2,0,1,2016,4,6,15,0,24.166
94,2,0,1,2016,4,6,15,0,24.227
95,1,0,1,2016,4,6,15,1,32.406
96,1,0,1,2016,4,6,15,1,33.371
97,1,0,1,2016,4,6,15,3,13.855
98,1,0,1,2016,4,6,15,3,14.869
99,1,0,1,2016,4,6,15,3,32.882
100,1,0,1,2016,4,6,15,3,35.149
101,1,0,1,2016,4,6,15,3,40.842
102,1,0,1,2016,4,6,15,3,41.768
103,1,0,1,2016,4,6,15,3,49.718
104,1,0,1,2016,4,6,15,3,52.098
105,1,0,1,2016,4,6,15,3,54.071
106,1,0,1,2016,4,6,15,3,56.016
107,1,0,1,2016,4,6,15,3,59.842
108,1,0,1,2016,4,6,15,4,4.7
109,1,0,1,2016,4,6,15,4,6.352
110,1,0,1,2016,4,6,15,4,6.898
111,1,0,1,2016,4,6,15,4,11.574
112,1,0,1,2016,4,6,15,4,17.92
113,1,0,1,2016,4,6,15,4,20.074
114,1,0,1,2016,4,6,15,4,24.837
115,1,0,1,2016,4,6,15,4,28.926
116,1,0,1,2016,4,6,15,4,29.599
117,1,0,1,2016,4,6,15,4,36.119
118,1,0,1,2016,4,6,15,4,36.502
119,1,0,1,2016,4,6,15,4,36.757
120,1,0,1,2016,4,6,15,4,39.829
121,1,0,1,2016,4,6,15,4,41.731
122,1,0,1,2016,4,6,15,5,10.411
123,2,0,1,2016,4,6,15,12,52.687
124,2,0,1,2016,4,6,15,12,59.653
125,2,0,1,2016,4,6,15,13,0.087
126,2,0,1,2016,4,6,15,13,17.566
127,2,0,1,2016,4,6,15,13,18.736
128,2,0,1,2016,4,6,15,13,19.521
129,2,0,1,2016,4,6,15,13,26.444
130,2,0,1,2016,4,6,15,13,28.82
131,2,0,1,2016,4,6,15,13,37.547
132,2,0,1,2016,4,6,15,13,38.885
133,2,0,1,2016,4,6,15,13,49.699
134,1,0,1,2016,4,6,15,15,24.361
135,1,0,1,2016,4,6,15,22,14.162
136,1,0,1,2016,4,6,15,36,13.711
137,1,0,1,2016,4,6,15,36,30.128
138,1,0,1,2016,4,6,15,36,51.843
139,1,0,1,2016,4,6,15,37,45.445
140,1,0,1,2016,4,6,15,37,47.447
141,1,0,1,2016,4,6,15,37,49.867
142,1,0,1,2016,4,6,15,37,51.809
143,1,0,1,2016,4,6,15,37,53.068
144,2,0,1,2016,4,6,15,38,28.894
145,2,0,1,2016,4,6,15,38,29.654
146,2,0,1,2016,4,6,16,0,1.558
147,1,0,1,2016,4,6,16,30,45.901
148,1,0,1,2016,4,6,16,33,57.407
149,1,0,1,2016,4,6,16,33,57.567
150,1,0,1,2016,4,6,16,33,58.434
151,2,0,1,2016,4,6,16,40,1.602
152,2,0,1,2016,4,6,16,40,52.958
153,2,0,1,2016,4,6,16,44,11.691
154,2,0,1,2016,4,6,16,44,37.513
155,2,0,1,2016,4,6,16,44,37.568
156,2,0,1,2016,4,6,16,44,37.888
157,2,0,1,2016,4,6,16,44,38.472
158,2,0,1,2016,4,6,16,44,38.551
159,2,0,1,2016,4,6,16,44,39.206
160,2,0,1,2016,4,6,16,44,40.001
161,2,0,1,2016,4,6,16,44,40.83
162,2,0,1,2016,4,6,16,44,47.207
163,2,0,1,2016,4,6,16,45,2.159
164,2,0,1,2016,4,6,16,45,10.04
165,2,0,1,2016,4,6,16,45,10.636
166,2,0,1,2016,4,6,16,45,10.768
167,2,0,1,2016,4,6,16,45,13.01
168,2,0,1,2016,4,6,16,45,14.108
169,2,0,1,2016,4,6,16,45,15.476
170,2,0,1,2016,4,6,16,45,17.367
171,2,0,1,2016,4,6,16,45,17.775
172,2,0,1,2016,4,6,16,45,25.372
173,1,0,1,2016,4,6,16,51,23.812
174,1,0,1,2016,4,6,16,51,25.462
175,1,0,1,2016,4,6,16,51,58.371
176,1,0,1,2016,4,6,16,52,4.782
177,1,0,1,2016,4,6,16,52,41.596
178,1,0,1,2016,4,6,16,52,43.062
179,1,0,1,2016,4,6,16,52,43.89
180,1,0,1,2016,4,6,16,52,58.541
181,1,0,1,2016,4,6,16,53,7.064
182,1,0,1,2016,4,6,16,53,17.803
183,1,0,1,2016,4,6,16,53,17.967
184,1,0,1,2016,4,6,16,56,35.441
185,1,0,1,2016,4,6,16,56,43.47
186,1,0,1,2016,4,6,16,57,7.118
187,1,0,1,2016,4,6,16,57,8.863
188,1,0,1,2016,4,6,16,57,22.756
189,1,0,1,2016,4,6,16,57,24.186
190,1,0,1,2016,4,6,16,57,30.566
191,1,0,1,2016,4,6,16,57,32.576
192,1,0,1,2016,4,6,16,57,34.052
193,1,0,1,2016,4,6,16,57,45.749
194,1,0,1,2016,4,6,16,57,48.043
195,1,0,1,2016,4,6,16,57,53.342
196,1,0,1,2016,4,6,16,58,3.143
197,1,0,1,2016,4,6,16,58,9.778
198,1,0,1,2016,4,6,16,58,20.422
199,1,0,1,2016,4,6,16,58,24.8
200,1,0,1,2016,4,6,16,58,26.297
201,1,0,1,2016,4,6,16,58,32.427
202,1,0,1,2016,4,6,16,59,4.255
203,1,0,1,2016,4,6,16,59,10.144
204,1,0,1,2016,4,6,16,59,11.293
205,1,0,1,2016,4,6,16,59,18.476
206,1,0,1,2016,4,6,16,59,20.811
207,1,0,1,2016,4,6,16,59,20.91
208,1,0,1,2016,4,6,16,59,32.834
209,1,0,1,2016,4,6,16,59,56.475
210,1,0,1,2016,4,6,17,0,11.633
211,1,0,1,2016,4,6,17,1,5.93
212,1,0,1,2016,4,6,17,1,9.548
213,1,0,1,2016,4,6,17,1,16.597
214,1,0,1,2016,4,6,17,1,33.415
215,1,0,1,2016,4,6,17,2,1.593
216,1,0,1,2016,4,6,17,2,8.753
217,1,0,1,2016,4,6,17,3,12.083
218,1,0,1,2016,4,6,17,5,25.701
219,1,0,1,2016,4,6,17,5,35.534
220,1,0,1,2016,4,6,17,5,57.074
221,1,0,1,2016,4,6,17,7,34.969
222,1,0,1,2016,4,6,17,7,35.031
223,1,0,1,2016,4,6,17,7,35.079
224,1,0,1,2016,4,6,17,7,35.395
225,1,0,1,2016,4,6,17,9,33.191
226,1,0,1,2016,4,6,17,11,33.882
227,1,0,1,2016,4,6,17,11,53.929
228,1,0,1,2016,4,6,17,12,32.931
229,2,0,1,2016,4,6,17,54,46.007
230,2,0,1,2016,4,6,17,55,2.024
231,2,0,1,2016,4,6,17,55,7.714
232,2,0,1,2016,4,6,17,55,59.178
233,2,0,1,2016,4,6,17,56,2.928
234,2,0,1,2016,4,6,17,56,31.78
235,2,0,1,2016,4,6,17,56,39.087
236,2,0,1,2016,4,6,17,57,2.092
237,2,0,1,2016,4,6,17,57,5.567
238,2,0,1,2016,4,6,17,57,7.956
239,2,0,1,2016,4,6,18,1,50.065
240,2,0,1,2016,4,6,18,2,0.795
241,2,0,1,2016,4,6,18,2,20.779
242,2,0,1,2016,4,6,18,3,23.453
243,2,0,1,2016,4,6,18,3,49.583
244,2,0,1,2016,4,6,18,3,56.208
245,2,0,1,2016,4,6,18,4,26.693
246,2,0,1,2016,4,6,18,4,31.213
247,2,0,1,2016,4,6,18,4,32.766
248,1,0,1,2016,4,6,18,6,18.3
249,1,0,1,2016,4,6,18,6,20.74
250,1,0,1,2016,4,6,18,6,21.128
251,1,0,1,2016,4,6,18,6,24.43
252,2,0,1,2016,4,6,18,23,18.873
253,2,0,1,2016,4,6,18,23,22.058
254,2,0,1,2016,4,6,18,23,47.416
255,2,0,1,2016,4,6,18,23,50.427
256,2,0,1,2016,4,6,18,24,10.681
257,2,0,1,2016,4,6,18,24,13.998
258,2,0,1,2016,4,6,18,24,14.634
259,2,0,1,2016,4,6,18,24,17.19
260,2,0,1,2016,4,6,18,24,26.187
261,2,0,1,2016,4,6,18,24,33.811
262,2,0,1,2016,4,6,18,25,4.747
263,2,0,1,2016,4,6,18,25,7.02
264,2,0,1,2016,4,6,18,26,36.654
265,2,0,1,2016,4,6,18,27,12.309
266,1,0,1,2016,4,6,18,27,41.862
267,1,0,1,2016,4,6,18,28,16.692
268,1,0,1,2016,4,6,18,28,51.312
269,1,0,1,2016,4,6,18,29,20.897
270,1,0,1,2016,4,6,18,29,27.797
271,1,0,1,2016,4,6,18,29,30.636
272,1,0,1,2016,4,6,18,29,54.478
273,1,0,1,2016,4,6,18,30,12.811
274,1,0,1,2016,4,6,18,35,29.28
275,1,0,1,2016,4,6,18,37,8.983
