Var1_ 1,Var1_ 2,Var1_ 3,Var1_ 4,Var1_ 5,Var1_ 6,Var1_ 7,Var1_ 8,Var1_ 9,Var1_10
0,0,0,0,2016,4,3,10,0,8.929
1,2,2,1,2016,4,3,11,37,46.458
2,2,2,1,2016,4,3,11,37,51.25
3,2,0,1,2016,4,3,11,37,52.725
4,2,2,1,2016,4,3,11,37,54.32
5,2,0,1,2016,4,3,11,37,54.377
6,2,2,1,2016,4,3,11,38,42.909
7,2,0,1,2016,4,3,11,38,44.164
8,2,0,1,2016,4,3,11,38,44.985
9,2,1,1,2016,4,3,11,38,46.467
10,2,0,1,2016,4,3,11,38,46.548
11,2,0,1,2016,4,3,11,38,47.058
12,2,2,1,2016,4,3,11,38,51.651
13,2,0,1,2016,4,3,11,38,52.003
14,2,2,1,2016,4,3,11,39,1.103
15,2,0,1,2016,4,3,11,39,2.192
16,2,0,1,2016,4,3,11,39,2.42
17,2,0,1,2016,4,3,11,39,2.46
18,2,0,1,2016,4,3,11,39,3.34
19,2,1,1,2016,4,3,11,39,5.173
20,2,0,1,2016,4,3,11,39,6.759
21,2,2,1,2016,4,3,11,39,9.937
22,2,2,1,2016,4,3,11,39,18.382
23,2,2,1,2016,4,3,11,39,22.625
24,2,1,1,2016,4,3,11,39,31.333
25,2,2,1,2016,4,3,11,39,40.911
26,2,0,1,2016,4,3,11,39,41.957
27,2,1,1,2016,4,3,11,39,45.74
28,2,2,1,2016,4,3,11,40,3.599
29,2,1,1,2016,4,3,11,40,59.653
30,2,0,1,2016,4,3,11,41,1.337
31,2,0,1,2016,4,3,11,41,1.973
32,2,2,1,2016,4,3,11,41,4.134
33,2,0,1,2016,4,3,11,41,4.208
34,2,2,1,2016,4,3,11,41,9.253
35,2,2,1,2016,4,3,11,41,12.809
36,1,1,1,2016,4,3,11,49,51.436
37,1,1,1,2016,4,3,11,56,37.846
38,2,2,1,2016,4,3,12,34,55.577
39,2,0,1,2016,4,3,12,34,55.629
40,2,0,1,2016,4,3,12,34,55.689
41,2,1,1,2016,4,3,12,38,2.157
42,2,0,1,2016,4,3,12,38,3.517
43,2,2,1,2016,4,3,12,38,5.53
44,2,0,1,2016,4,3,12,38,5.65
45,2,1,1,2016,4,3,12,38,21.42
46,2,2,1,2016,4,3,12,38,34.91
47,2,2,1,2016,4,3,12,38,41.853
48,2,0,1,2016,4,3,12,38,42.959
49,2,2,1,2016,4,3,12,38,45.627
50,2,2,1,2016,4,3,12,38,52.622
51,2,2,1,2016,4,3,12,39,1.2
52,2,1,1,2016,4,3,12,39,8.729
53,2,0,1,2016,4,3,12,39,11.533
54,2,2,1,2016,4,3,12,39,16.662
55,2,0,1,2016,4,3,12,39,17.221
56,2,0,1,2016,4,3,12,39,17.291
57,2,0,1,2016,4,3,12,39,17.362
58,2,0,1,2016,4,3,12,39,17.45
59,2,0,1,2016,4,3,12,39,17.753
60,2,2,1,2016,4,3,12,39,29.12
61,2,1,1,2016,4,3,12,39,51.151
62,2,0,1,2016,4,3,12,39,51.561
63,2,1,1,2016,4,3,12,40,3.062
64,2,1,1,2016,4,3,12,40,18.684
65,2,1,1,2016,4,3,12,40,22.029
66,2,2,1,2016,4,3,12,40,25.665
67,2,2,1,2016,4,3,12,40,34.77
68,2,1,1,2016,4,3,13,0,9.188
69,2,2,1,2016,4,3,13,35,35.644
70,2,0,1,2016,4,3,13,35,35.827
71,2,1,1,2016,4,3,13,36,16.38
72,2,0,1,2016,4,3,13,36,16.51
73,2,0,1,2016,4,3,13,36,16.845
74,2,0,1,2016,4,3,13,36,17.839
75,2,2,1,2016,4,3,13,36,20.023
76,2,2,1,2016,4,3,13,36,25.833
77,2,0,1,2016,4,3,13,36,27.877
78,2,2,1,2016,4,3,13,36,34.345
79,2,0,1,2016,4,3,13,36,34.501
80,2,0,1,2016,4,3,13,36,34.57
81,2,0,1,2016,4,3,13,36,34.654
82,2,0,1,2016,4,3,13,36,34.752
83,2,1,1,2016,4,3,13,36,43.75
84,2,2,1,2016,4,3,13,36,46.904
85,2,0,1,2016,4,3,13,36,49.236
86,2,1,1,2016,4,3,13,36,50.372
87,2,1,1,2016,4,3,13,36,54.139
88,2,0,1,2016,4,3,13,36,54.863
89,2,1,1,2016,4,3,13,37,11.908
90,2,1,1,2016,4,3,13,46,30.098
91,2,1,1,2016,4,3,13,47,0.814
92,2,1,1,2016,4,3,14,0,35.061
93,2,1,1,2016,4,3,14,37,1.607
94,2,1,1,2016,4,3,14,37,6.944
95,2,1,1,2016,4,3,14,37,20.706
96,2,1,1,2016,4,3,14,37,33.507
97,2,1,1,2016,4,3,14,37,48.449
98,2,1,1,2016,4,3,14,37,58.026
99,2,1,1,2016,4,3,14,38,6.021
100,2,0,1,2016,4,3,14,38,6.557
101,2,0,1,2016,4,3,14,38,11.832
102,2,0,1,2016,4,3,14,38,14.737
103,2,0,1,2016,4,3,14,38,15.021
104,2,0,1,2016,4,3,14,38,15.15
105,2,0,1,2016,4,3,14,38,23.884
106,2,0,1,2016,4,3,14,38,25.027
107,2,0,1,2016,4,3,14,38,25.061
108,1,0,1,2016,4,3,14,39,21.156
109,1,0,1,2016,4,3,14,39,21.685
110,1,0,1,2016,4,3,14,39,22.925
111,1,0,1,2016,4,3,14,39,26.172
112,1,0,1,2016,4,3,14,39,26.742
113,1,0,1,2016,4,3,14,39,31.993
114,1,0,1,2016,4,3,14,39,34.8
115,1,0,1,2016,4,3,14,39,36.78
116,1,0,1,2016,4,3,14,39,55.145
117,1,0,1,2016,4,3,14,40,4.277
118,1,0,1,2016,4,3,14,40,5.083
119,2,0,1,2016,4,3,15,7,1.703
120,2,0,1,2016,4,3,15,7,19.824
121,2,0,1,2016,4,3,15,7,22.422
122,2,0,1,2016,4,3,15,7,25.828
123,2,0,1,2016,4,3,15,7,26.771
124,2,0,1,2016,4,3,15,7,36.56
125,2,0,1,2016,4,3,15,7,38.18
126,2,0,1,2016,4,3,15,7,38.222
127,2,0,1,2016,4,3,15,8,7.643
128,2,0,1,2016,4,3,15,9,1.087
129,2,0,1,2016,4,3,15,9,1.277
130,2,0,1,2016,4,3,15,9,2.035
131,2,0,1,2016,4,3,15,9,5.125
132,2,0,1,2016,4,3,15,9,6.353
133,2,0,1,2016,4,3,15,9,7.835
134,2,0,1,2016,4,3,15,9,8.981
135,1,0,1,2016,4,3,15,37,55.511
136,1,0,1,2016,4,3,15,37,56.714
137,1,0,1,2016,4,3,15,38,0.136
138,2,0,1,2016,4,3,16,15,1.351
139,2,0,1,2016,4,3,16,15,1.65
140,2,0,1,2016,4,3,16,15,2.329
141,2,0,1,2016,4,3,16,15,6.487
142,2,0,1,2016,4,3,16,15,11.481
143,1,0,1,2016,4,3,16,26,24.738
144,1,0,1,2016,4,3,16,26,25.365
145,1,0,1,2016,4,3,16,27,35.617
146,1,0,1,2016,4,3,16,27,36.739
147,1,0,1,2016,4,3,16,27,38.27
148,1,0,1,2016,4,3,16,27,40.123
149,1,0,1,2016,4,3,16,27,40.573
150,1,0,1,2016,4,3,16,27,43.257
151,1,0,1,2016,4,3,16,27,43.433
152,1,0,1,2016,4,3,16,27,50.164
153,1,0,1,2016,4,3,16,28,11.467
154,1,0,1,2016,4,3,16,28,12.233
155,1,0,1,2016,4,3,16,28,13.401
156,1,0,1,2016,4,3,16,41,17.512
157,1,0,1,2016,4,3,16,41,19.365
158,1,0,1,2016,4,3,16,41,22.766
159,1,0,1,2016,4,3,16,42,14.226
160,1,0,1,2016,4,3,16,42,16.088
161,1,0,1,2016,4,3,16,42,21.045
162,1,0,1,2016,4,3,16,42,23.176
163,1,0,1,2016,4,3,16,42,40.284
164,1,0,1,2016,4,3,16,42,41.065
165,1,0,1,2016,4,3,16,43,7.129
166,2,0,1,2016,4,3,16,44,58.009
167,2,0,1,2016,4,3,16,45,1.043
168,2,0,1,2016,4,3,16,45,4.459
169,2,0,1,2016,4,3,16,46,15.42
170,2,0,1,2016,4,3,16,46,15.473
171,2,0,1,2016,4,3,16,46,19.133
172,2,0,1,2016,4,3,16,48,25.584
173,2,0,1,2016,4,3,16,48,37.15
174,2,0,1,2016,4,3,16,48,45.968
175,2,0,1,2016,4,3,16,48,54.027
176,2,0,1,2016,4,3,16,48,55.583
177,2,0,1,2016,4,3,16,48,56.433
178,2,0,1,2016,4,3,16,48,58.979
179,2,0,1,2016,4,3,16,49,12.445
180,2,0,1,2016,4,3,16,49,13.915
181,2,0,1,2016,4,3,16,49,14.728
182,2,0,1,2016,4,3,16,49,17.342
183,2,0,1,2016,4,3,16,49,19.371
184,2,0,1,2016,4,3,16,49,21.816
185,2,0,1,2016,4,3,16,49,22.01
186,2,0,1,2016,4,3,16,49,24.534
187,2,0,1,2016,4,3,16,49,28.24
188,2,0,1,2016,4,3,16,49,34.175
189,2,0,1,2016,4,3,16,49,41.016
190,2,0,1,2016,4,3,16,49,52.803
191,2,0,1,2016,4,3,16,49,53.641
192,2,0,1,2016,4,3,16,49,54.705
193,2,0,1,2016,4,3,16,50,6.466
194,2,0,1,2016,4,3,16,50,16.392
195,2,0,1,2016,4,3,16,50,16.455
196,2,0,1,2016,4,3,16,50,16.619
197,2,0,1,2016,4,3,16,50,46.778
198,2,0,1,2016,4,3,16,50,47.502
199,2,0,1,2016,4,3,16,50,48.507
200,2,0,1,2016,4,3,17,30,47.02
201,2,0,1,2016,4,3,17,30,50.04
202,2,0,1,2016,4,3,17,30,51.304
203,2,0,1,2016,4,3,17,30,53.616
204,2,0,1,2016,4,3,17,30,54.536
205,2,0,1,2016,4,3,17,30,55.541
206,2,0,1,2016,4,3,17,30,56.867
207,2,0,1,2016,4,3,17,30,58.093
208,2,0,1,2016,4,3,17,30,59.492
209,2,0,1,2016,4,3,17,31,2.141
210,2,0,1,2016,4,3,17,31,5.09
211,2,0,1,2016,4,3,17,31,6.638
212,2,0,1,2016,4,3,17,31,9.614
213,2,0,1,2016,4,3,17,31,11.027
214,2,0,1,2016,4,3,17,31,13.657
215,2,0,1,2016,4,3,17,31,21.66
216,2,0,1,2016,4,3,17,31,25.762
217,2,0,1,2016,4,3,17,31,31.507
218,1,0,1,2016,4,3,18,51,52.437
219,1,0,1,2016,4,3,18,51,55.432
220,1,0,1,2016,4,3,18,52,5.803
221,1,0,1,2016,4,3,18,52,8.376
222,1,0,1,2016,4,3,18,52,18.546
223,1,0,1,2016,4,3,18,52,27.214
224,1,0,1,2016,4,3,18,52,34.242
225,1,0,1,2016,4,3,18,52,39.734
226,1,0,1,2016,4,3,18,52,48.781
227,1,0,1,2016,4,3,18,52,50.467
228,1,0,1,2016,4,3,18,53,4.462
229,1,0,1,2016,4,3,18,53,7.665
230,1,0,1,2016,4,3,18,53,10.528
231,1,0,1,2016,4,3,18,55,51.4
232,1,0,1,2016,4,3,18,55,55.902
233,2,0,1,2016,4,3,18,58,9.451
234,2,0,1,2016,4,3,18,58,28.091
235,2,0,1,2016,4,3,18,58,28.64
