Var1_ 1,Var1_ 2,Var1_ 3,Var1_ 4,Var1_ 5,Var1_ 6,Var1_ 7,Var1_ 8,Var1_ 9,Var1_10
0,0,0,0,2016,2,13,8,5,8.965
1,1,1,1,2016,2,13,9,52,57.794
2,1,1,1,2016,2,13,9,53,36.817
3,1,1,1,2016,2,13,9,53,41.356
4,1,2,1,2016,2,13,9,53,46.949
5,1,0,1,2016,2,13,9,53,47.243
6,1,1,1,2016,2,13,9,53,51.661
7,1,1,1,2016,2,13,9,53,54.693
8,1,0,1,2016,2,13,9,53,57.55
9,1,1,1,2016,2,13,9,53,58.549
10,1,0,1,2016,2,13,9,53,58.585
11,1,0,1,2016,2,13,9,53,58.73
12,1,1,1,2016,2,13,9,54,2.666
13,1,1,1,2016,2,13,9,54,6.958
14,1,0,1,2016,2,13,9,54,7.16
15,1,0,1,2016,2,13,9,54,9.73
16,1,1,1,2016,2,13,9,54,12.603
17,1,0,1,2016,2,13,9,54,15.378
18,1,0,1,2016,2,13,9,54,15.404
19,1,1,1,2016,2,13,9,54,17.34
20,1,0,1,2016,2,13,9,54,18.048
21,1,2,1,2016,2,13,9,56,37.714
22,1,2,1,2016,2,13,9,57,9.007
23,1,0,1,2016,2,13,9,57,9.259
24,1,1,1,2016,2,13,9,57,17.796
25,1,2,1,2016,2,13,9,57,24.639
26,1,2,1,2016,2,13,9,57,27.675
27,1,1,1,2016,2,13,9,57,31.054
28,1,0,1,2016,2,13,9,57,31.338
29,1,2,1,2016,2,13,9,57,34.427
30,1,1,1,2016,2,13,9,57,37.558
31,1,0,1,2016,2,13,9,57,38.191
32,1,1,1,2016,2,13,9,57,40.767
33,1,0,1,2016,2,13,9,57,43.647
34,1,1,1,2016,2,13,9,57,46.12
35,1,0,1,2016,2,13,9,57,47.206
36,1,1,1,2016,2,13,9,57,53.168
37,1,1,1,2016,2,13,9,57,59.448
38,1,0,1,2016,2,13,9,57,59.817
39,1,1,1,2016,2,13,9,58,3.353
40,1,0,1,2016,2,13,9,58,4.085
41,1,2,1,2016,2,13,9,58,7.63
42,1,1,1,2016,2,13,9,58,10.869
43,1,0,1,2016,2,13,9,58,11.959
44,1,2,1,2016,2,13,9,58,17.342
45,1,0,1,2016,2,13,9,58,19.864
46,1,0,1,2016,2,13,9,58,19.898
47,1,2,1,2016,2,13,9,58,20.954
48,1,0,1,2016,2,13,9,58,23.856
49,1,1,1,2016,2,13,9,58,24.804
50,1,0,1,2016,2,13,9,58,27.506
51,1,0,1,2016,2,13,9,58,27.805
52,1,2,1,2016,2,13,9,58,28.842
53,1,0,1,2016,2,13,9,58,31.595
54,1,0,1,2016,2,13,9,58,31.793
55,1,1,1,2016,2,13,9,58,32.578
56,1,0,1,2016,2,13,9,58,33.226
57,1,2,1,2016,2,13,9,58,35.864
58,1,0,1,2016,2,13,9,58,38.75
59,1,2,1,2016,2,13,9,58,39.358
60,1,0,1,2016,2,13,9,58,42.115
61,1,2,1,2016,2,13,9,58,42.752
62,1,0,1,2016,2,13,9,58,42.978
63,1,1,1,2016,2,13,9,58,46.167
64,1,0,1,2016,2,13,9,58,46.843
65,1,0,1,2016,2,13,9,58,49.157
66,1,2,1,2016,2,13,9,58,50.301
67,1,1,1,2016,2,13,9,58,53.58
68,1,0,1,2016,2,13,9,58,54.102
69,1,0,1,2016,2,13,9,58,55.287
70,1,1,1,2016,2,13,9,58,59.834
71,1,0,1,2016,2,13,9,59,0.065
72,1,0,1,2016,2,13,9,59,0.989
73,1,2,1,2016,2,13,9,59,3.194
74,1,0,1,2016,2,13,9,59,3.464
75,1,2,1,2016,2,13,10,1,43.585
76,1,2,1,2016,2,13,10,2,3.581
77,1,1,1,2016,2,13,10,2,10.058
78,1,0,1,2016,2,13,10,2,13.031
79,1,1,1,2016,2,13,10,2,13.218
80,1,0,1,2016,2,13,10,2,14.303
81,1,2,1,2016,2,13,10,2,17.003
82,1,0,1,2016,2,13,10,2,17.332
83,1,2,1,2016,2,13,10,2,20.855
84,1,0,1,2016,2,13,10,2,21.3
85,1,2,1,2016,2,13,10,2,36.957
86,1,1,1,2016,2,13,10,2,40.859
87,1,0,1,2016,2,13,10,2,41.099
88,1,0,1,2016,2,13,10,2,43.519
89,1,0,1,2016,2,13,10,2,43.706
90,1,2,1,2016,2,13,10,2,44.459
91,1,1,1,2016,2,13,10,2,48.426
92,1,0,1,2016,2,13,10,2,48.724
93,1,0,1,2016,2,13,10,2,51.077
94,1,1,1,2016,2,13,10,2,52.437
95,1,0,1,2016,2,13,10,2,52.519
96,1,0,1,2016,2,13,10,2,54.662
97,1,1,1,2016,2,13,10,2,57.238
98,1,0,1,2016,2,13,10,2,58.341
99,1,0,1,2016,2,13,10,2,58.946
100,1,2,1,2016,2,13,10,3,4.49
101,1,0,1,2016,2,13,10,3,6.119
102,1,0,1,2016,2,13,10,3,6.331
103,1,2,1,2016,2,13,10,3,17.993
104,1,2,1,2016,2,13,10,3,22.075
105,1,0,1,2016,2,13,10,3,24.894
106,1,2,1,2016,2,13,10,3,25.183
107,1,0,1,2016,2,13,10,3,25.745
108,1,0,1,2016,2,13,10,3,25.882
109,1,2,1,2016,2,13,10,3,28.369
110,1,2,1,2016,2,13,10,3,31.971
111,1,0,1,2016,2,13,10,3,33.69
112,1,2,1,2016,2,13,10,3,41.486
113,1,2,1,2016,2,13,10,3,44.588
114,1,0,1,2016,2,13,10,3,47.419
115,1,0,1,2016,2,13,10,3,47.46
116,1,2,1,2016,2,13,10,3,47.775
117,1,0,1,2016,2,13,10,3,47.84
118,1,0,1,2016,2,13,10,3,47.884
119,1,0,1,2016,2,13,10,3,51.562
120,1,0,1,2016,2,13,10,3,52.037
121,1,0,1,2016,2,13,10,3,52.076
122,1,0,1,2016,2,13,10,3,52.769
123,1,0,1,2016,2,13,10,3,53.404
124,1,0,1,2016,2,13,10,3,56.368
125,1,0,1,2016,2,13,10,3,56.579
126,1,0,1,2016,2,13,10,3,57.265
127,1,0,1,2016,2,13,10,4,1.169
128,1,0,1,2016,2,13,10,4,1.821
129,1,0,1,2016,2,13,10,4,2.529
130,1,0,1,2016,2,13,10,4,2.805
131,1,0,1,2016,2,13,10,4,3.62
132,1,0,1,2016,2,13,10,4,5.329
133,1,0,1,2016,2,13,10,4,5.557
134,1,0,1,2016,2,13,10,4,6.566
135,1,0,1,2016,2,13,10,4,6.944
136,1,0,1,2016,2,13,10,4,7.609
137,1,0,1,2016,2,13,10,4,8.571
138,1,0,1,2016,2,13,10,4,11.249
139,1,0,1,2016,2,13,10,4,12.415
140,1,0,1,2016,2,13,10,4,16.339
141,1,0,1,2016,2,13,10,4,18.49
142,1,0,1,2016,2,13,10,4,22.809
143,1,0,1,2016,2,13,10,4,24.369
144,1,0,1,2016,2,13,10,4,25.087
145,1,0,1,2016,2,13,10,4,31.078
146,1,0,1,2016,2,13,10,4,31.681
147,1,0,1,2016,2,13,10,4,33.715
148,1,0,1,2016,2,13,10,4,35.249
149,1,0,1,2016,2,13,10,4,36.033
150,1,0,1,2016,2,13,10,4,37.855
151,1,0,1,2016,2,13,10,4,38.942
152,1,0,1,2016,2,13,10,4,43.058
153,1,0,1,2016,2,13,10,4,44.377
154,1,0,1,2016,2,13,10,4,44.589
155,1,0,1,2016,2,13,10,4,45.31
156,1,0,1,2016,2,13,10,4,46.525
157,1,0,1,2016,2,13,10,4,46.713
158,1,0,1,2016,2,13,10,4,48.068
159,1,0,1,2016,2,13,10,4,48.097
160,1,0,1,2016,2,13,10,4,48.699
161,1,0,1,2016,2,13,10,4,49.339
162,1,0,1,2016,2,13,10,4,50.215
163,1,0,1,2016,2,13,10,4,50.811
164,1,0,1,2016,2,13,10,4,51.01
165,1,0,1,2016,2,13,10,4,54.241
166,1,0,1,2016,2,13,10,4,54.475
167,1,0,1,2016,2,13,10,4,55.149
168,1,0,1,2016,2,13,10,4,56.276
169,1,0,1,2016,2,13,10,4,56.58
170,1,0,1,2016,2,13,10,4,57.596
171,1,0,1,2016,2,13,10,4,57.708
172,1,0,1,2016,2,13,10,4,57.759
173,1,0,1,2016,2,13,10,4,58.278
174,1,0,1,2016,2,13,10,4,59.036
175,1,0,1,2016,2,13,10,5,1.684
176,1,0,1,2016,2,13,10,5,2.292
177,1,0,1,2016,2,13,10,5,2.696
178,1,0,1,2016,2,13,10,5,3.426
179,1,0,1,2016,2,13,10,5,4.238
180,1,0,1,2016,2,13,10,5,4.648
181,1,0,1,2016,2,13,10,5,4.691
182,1,0,1,2016,2,13,10,5,11.839
183,1,0,1,2016,2,13,10,5,16.823
184,1,0,1,2016,2,13,10,5,19.976
185,1,0,1,2016,2,13,10,5,23.267
186,1,0,1,2016,2,13,10,5,23.845
187,1,0,1,2016,2,13,10,5,24.171
188,1,0,1,2016,2,13,10,5,24.22
189,1,0,1,2016,2,13,10,5,24.726
190,1,0,1,2016,2,13,10,5,45.248
191,1,0,1,2016,2,13,10,5,51.169
192,1,0,1,2016,2,13,10,5,51.214
193,1,0,1,2016,2,13,10,5,59.634
194,1,0,1,2016,2,13,10,6,3.389
195,1,0,1,2016,2,13,10,6,4.798
196,1,0,1,2016,2,13,10,6,5.949
197,1,0,1,2016,2,13,10,6,5.989
198,1,0,1,2016,2,13,10,6,18.323
199,1,0,1,2016,2,13,10,6,26.967
200,1,0,1,2016,2,13,10,6,28.307
201,1,0,1,2016,2,13,10,6,46.075
202,1,0,1,2016,2,13,10,7,3.396
203,1,0,1,2016,2,13,10,7,3.681
204,1,0,1,2016,2,13,10,7,3.843
205,1,0,1,2016,2,13,10,7,5.96
206,1,0,1,2016,2,13,10,7,6.242
207,1,0,1,2016,2,13,10,7,6.33
208,1,0,1,2016,2,13,10,7,6.515
209,1,0,1,2016,2,13,10,7,6.932
210,1,0,1,2016,2,13,10,7,7.97
211,1,0,1,2016,2,13,10,7,12.842
212,1,0,1,2016,2,13,10,7,12.967
213,1,0,1,2016,2,13,10,7,20.296
214,1,0,1,2016,2,13,10,7,35.585
215,1,0,1,2016,2,13,10,7,35.645
216,1,0,1,2016,2,13,10,7,38.352
217,1,0,1,2016,2,13,10,7,47.041
218,1,0,1,2016,2,13,10,7,47.582
219,1,0,1,2016,2,13,10,7,47.831
220,1,0,1,2016,2,13,10,8,4.253
221,1,0,1,2016,2,13,10,8,4.311
222,1,0,1,2016,2,13,10,8,4.467
223,1,0,1,2016,2,13,10,8,42.33
224,1,0,1,2016,2,13,10,8,42.4
225,1,0,1,2016,2,13,10,8,42.513
226,1,0,1,2016,2,13,10,8,42.567
227,1,0,1,2016,2,13,10,8,42.65
228,1,0,1,2016,2,13,10,8,51.579
229,1,0,1,2016,2,13,10,9,6.423
230,1,0,1,2016,2,13,10,9,6.484
231,1,0,1,2016,2,13,10,9,6.565
232,1,0,1,2016,2,13,10,9,6.725
233,2,0,1,2016,2,13,10,10,1.816
234,2,0,1,2016,2,13,10,10,1.888
235,2,0,1,2016,2,13,10,10,13.388
236,1,0,1,2016,2,13,10,11,45.571
237,1,0,1,2016,2,13,10,11,57.757
238,1,0,1,2016,2,13,10,12,1.45
239,1,0,1,2016,2,13,10,12,1.533
240,1,0,1,2016,2,13,10,12,1.608
241,1,0,1,2016,2,13,10,12,1.692
242,1,0,1,2016,2,13,10,12,1.777
243,1,0,1,2016,2,13,10,12,2.005
244,1,0,1,2016,2,13,10,12,2.306
245,1,0,1,2016,2,13,10,12,2.646
246,1,0,1,2016,2,13,10,12,10.085
247,1,0,1,2016,2,13,10,12,10.139
248,1,0,1,2016,2,13,10,12,10.214
249,1,0,1,2016,2,13,10,12,11.049
250,1,0,1,2016,2,13,10,16,40.303
251,1,0,1,2016,2,13,10,16,42.938
252,1,0,1,2016,2,13,10,16,43.275
253,1,0,1,2016,2,13,10,16,43.926
254,1,0,1,2016,2,13,10,17,12.609
255,1,0,1,2016,2,13,10,17,12.669
256,1,0,1,2016,2,13,10,50,9.55
257,1,0,1,2016,2,13,10,50,10.62
258,1,0,1,2016,2,13,10,50,11.301
259,1,0,1,2016,2,13,10,50,59.362
260,1,0,1,2016,2,13,10,50,59.533
261,1,0,1,2016,2,13,10,51,0.954
262,2,0,1,2016,2,13,11,40,25.267
263,1,0,1,2016,2,13,12,59,21.078
264,2,0,1,2016,2,13,13,24,53.187
265,2,0,1,2016,2,13,13,24,54.117
266,2,0,1,2016,2,13,13,24,56.297
267,2,0,1,2016,2,13,13,24,57.426
268,2,0,1,2016,2,13,13,24,59.684
269,2,0,1,2016,2,13,13,25,0.827
270,2,0,1,2016,2,13,13,25,1.643
271,2,0,1,2016,2,13,13,25,4.014
272,2,0,1,2016,2,13,13,25,5.275
273,2,0,1,2016,2,13,13,25,6.883
274,2,0,1,2016,2,13,13,25,7.96
275,2,0,1,2016,2,13,13,25,10.272
276,2,0,1,2016,2,13,13,26,40.37
277,2,0,1,2016,2,13,13,26,41.946
278,1,0,1,2016,2,13,13,27,37.215
279,1,0,1,2016,2,13,13,27,38.015
280,2,0,1,2016,2,13,15,26,52.397
281,2,0,1,2016,2,13,15,26,53.249
282,2,0,1,2016,2,13,15,26,53.797
283,2,0,1,2016,2,13,15,27,3.379
284,2,0,1,2016,2,13,15,27,6.568
285,2,0,1,2016,2,13,15,27,7.498
286,2,0,1,2016,2,13,15,27,15.02
287,2,0,1,2016,2,13,15,27,19.012
288,2,0,1,2016,2,13,15,27,19.526
289,2,0,1,2016,2,13,15,27,20.704
290,2,0,1,2016,2,13,15,27,21.464
291,2,0,1,2016,2,13,15,27,24.283
292,2,0,1,2016,2,13,15,27,25.945
293,2,0,1,2016,2,13,15,27,28.436
294,2,0,1,2016,2,13,15,27,31.244
295,2,0,1,2016,2,13,15,27,33.737
296,2,0,1,2016,2,13,15,27,36.125
297,2,0,1,2016,2,13,15,27,39.221
298,2,0,1,2016,2,13,15,27,44.205
299,2,0,1,2016,2,13,15,27,45.983
300,2,0,1,2016,2,13,15,27,47.207
301,2,0,1,2016,2,13,15,27,49.326
302,2,0,1,2016,2,13,15,27,50.047
303,2,0,1,2016,2,13,15,27,51.138
304,2,0,1,2016,2,13,15,27,52.753
305,2,0,1,2016,2,13,15,27,53.481
306,2,0,1,2016,2,13,15,27,54.069
307,2,0,1,2016,2,13,15,27,58.131
308,2,0,1,2016,2,13,16,33,31.807
309,2,0,1,2016,2,13,16,57,1.825
