Var1_ 1,Var1_ 2,Var1_ 3,Var1_ 4,Var1_ 5,Var1_ 6,Var1_ 7,Var1_ 8,Var1_ 9,Var1_10
0,0,0,0,2016,2,24,8,5,12.554
1,2,2,1,2016,2,24,8,14,45.224
2,2,2,1,2016,2,24,8,15,17.882
3,2,2,1,2016,2,24,8,15,25.732
4,2,2,1,2016,2,24,8,15,31.098
5,2,1,1,2016,2,24,8,15,40.001
6,2,2,1,2016,2,24,8,15,43.636
7,2,2,1,2016,2,24,8,15,46.889
8,2,1,1,2016,2,24,8,15,50.7
9,2,0,1,2016,2,24,8,15,53.525
10,2,2,1,2016,2,24,8,15,54.692
11,2,2,1,2016,2,24,8,15,58.083
12,2,2,1,2016,2,24,8,16,1.784
13,2,1,1,2016,2,24,8,16,4.918
14,2,0,1,2016,2,24,8,16,5.631
15,2,0,1,2016,2,24,8,16,7.362
16,2,2,1,2016,2,24,8,16,10.412
17,2,1,1,2016,2,24,8,16,15.326
18,2,2,1,2016,2,24,8,16,21.198
19,2,0,1,2016,2,24,8,16,21.307
20,2,0,1,2016,2,24,8,16,24.041
21,2,1,1,2016,2,24,8,16,24.687
22,2,0,1,2016,2,24,8,16,24.783
23,2,2,1,2016,2,24,8,16,38.345
24,2,0,1,2016,2,24,8,16,38.443
25,2,2,1,2016,2,24,8,16,46.471
26,2,2,1,2016,2,24,8,16,51.113
27,2,2,1,2016,2,24,8,17,4.236
28,2,2,1,2016,2,24,8,17,7.951
29,2,1,1,2016,2,24,8,17,12.044
30,2,2,1,2016,2,24,8,17,16.042
31,2,2,1,2016,2,24,8,17,19.417
32,2,0,1,2016,2,24,8,17,19.505
33,2,1,1,2016,2,24,8,17,24.459
34,2,1,1,2016,2,24,8,17,29.204
35,2,0,1,2016,2,24,8,17,31.767
36,2,1,1,2016,2,24,8,17,33.883
37,2,0,1,2016,2,24,8,17,36.854
38,2,1,1,2016,2,24,8,17,37.572
39,2,0,1,2016,2,24,8,17,38.344
40,2,2,1,2016,2,24,8,17,44.688
41,2,2,1,2016,2,24,8,17,49.797
42,2,1,1,2016,2,24,8,17,58.215
43,2,2,1,2016,2,24,8,18,4.24
44,2,1,1,2016,2,24,8,18,20.827
45,2,2,1,2016,2,24,8,18,24.658
46,2,2,1,2016,2,24,8,18,47.208
47,2,2,1,2016,2,24,8,18,58.884
48,2,1,1,2016,2,24,8,20,26.032
49,2,2,1,2016,2,24,8,21,28.664
50,2,1,1,2016,2,24,8,21,57.278
51,2,1,1,2016,2,24,8,22,8.923
52,2,2,1,2016,2,24,8,22,13.035
53,2,2,1,2016,2,24,8,22,26.926
54,2,1,1,2016,2,24,8,22,55.132
55,2,2,1,2016,2,24,8,22,58.593
56,2,1,1,2016,2,24,8,23,16.801
57,2,0,1,2016,2,24,8,23,16.972
58,2,0,1,2016,2,24,8,23,19.668
59,2,2,1,2016,2,24,8,23,30.486
60,2,1,1,2016,2,24,8,23,51.153
61,2,1,1,2016,2,24,8,25,10.003
62,2,2,1,2016,2,24,8,25,14.529
63,2,1,1,2016,2,24,8,25,56.217
64,2,0,1,2016,2,24,8,25,56.475
65,2,1,1,2016,2,24,8,26,5.205
66,2,0,1,2016,2,24,8,26,7.699
67,2,0,1,2016,2,24,8,26,7.904
68,2,1,1,2016,2,24,8,26,9.853
69,2,0,1,2016,2,24,8,26,10.134
70,2,1,1,2016,2,24,8,26,17.227
71,2,1,1,2016,2,24,8,26,25.938
72,2,0,1,2016,2,24,8,26,26.204
73,2,0,1,2016,2,24,8,26,26.226
74,2,1,1,2016,2,24,8,26,29.189
75,2,1,1,2016,2,24,8,26,36.038
76,2,0,1,2016,2,24,8,26,38.985
77,2,1,1,2016,2,24,8,26,39.126
78,2,1,1,2016,2,24,8,26,44.745
79,2,0,1,2016,2,24,8,26,45.718
80,2,1,1,2016,2,24,8,26,51.186
81,2,1,1,2016,2,24,8,26,54.508
82,2,0,1,2016,2,24,8,26,54.902
83,2,0,1,2016,2,24,8,26,59.827
84,2,0,1,2016,2,24,8,27,0.071
85,2,0,1,2016,2,24,8,27,1.727
86,2,0,1,2016,2,24,8,27,1.774
87,2,0,1,2016,2,24,8,27,2.245
88,2,0,1,2016,2,24,8,27,2.4
89,2,0,1,2016,2,24,8,27,2.439
90,2,0,1,2016,2,24,8,27,3.49
91,2,0,1,2016,2,24,8,27,5.432
92,2,0,1,2016,2,24,8,27,10.748
93,2,0,1,2016,2,24,8,27,11.467
94,2,0,1,2016,2,24,8,27,11.782
95,2,0,1,2016,2,24,8,27,12.647
96,2,0,1,2016,2,24,8,27,12.895
97,2,0,1,2016,2,24,8,27,13.106
98,2,0,1,2016,2,24,8,27,37.3
99,2,0,1,2016,2,24,8,27,38.648
100,2,0,1,2016,2,24,8,27,39.032
101,2,0,1,2016,2,24,8,27,39.261
102,2,0,1,2016,2,24,8,27,41.135
103,2,0,1,2016,2,24,8,27,53.973
104,2,0,1,2016,2,24,8,27,57.349
105,2,0,1,2016,2,24,8,28,51.705
106,1,0,1,2016,2,24,8,30,24.522
107,2,0,1,2016,2,24,8,46,24.234
108,1,0,1,2016,2,24,8,49,3.748
109,1,0,1,2016,2,24,8,49,12.391
110,1,0,1,2016,2,24,8,49,13.882
111,1,0,1,2016,2,24,8,49,15.014
112,1,0,1,2016,2,24,8,55,12.864
113,1,0,1,2016,2,24,8,55,54.727
114,1,0,1,2016,2,24,9,0,15.937
115,2,0,1,2016,2,24,9,50,30.516
116,1,0,1,2016,2,24,10,39,50.229
117,1,0,1,2016,2,24,11,36,10.907
118,1,0,1,2016,2,24,11,41,13.036
119,1,0,1,2016,2,24,12,1,2.744
120,1,0,1,2016,2,24,12,16,26.279
121,1,0,1,2016,2,24,12,17,51.264
122,1,0,1,2016,2,24,12,17,52.242
123,1,0,1,2016,2,24,12,17,53.113
124,1,0,1,2016,2,24,12,18,0.367
125,1,0,1,2016,2,24,12,18,1.394
126,1,0,1,2016,2,24,12,18,2.746
127,1,0,1,2016,2,24,12,18,4.056
128,1,0,1,2016,2,24,12,18,5.68
129,1,0,1,2016,2,24,12,18,6.864
130,1,0,1,2016,2,24,12,18,10.657
131,1,0,1,2016,2,24,12,18,13.669
132,1,0,1,2016,2,24,12,20,17.963
133,1,0,1,2016,2,24,12,20,19.215
134,1,0,1,2016,2,24,13,18,15.722
135,1,0,1,2016,2,24,13,18,18.822
136,1,0,1,2016,2,24,13,18,21.009
137,1,0,1,2016,2,24,13,18,21.867
138,1,0,1,2016,2,24,13,18,24.643
139,1,0,1,2016,2,24,13,18,41.645
140,1,0,1,2016,2,24,13,18,42.499
141,1,0,1,2016,2,24,13,18,44.964
142,1,0,1,2016,2,24,13,37,27.387
143,1,0,1,2016,2,24,13,37,35.22
144,1,0,1,2016,2,24,13,37,37.515
145,1,0,1,2016,2,24,13,37,40.875
146,1,0,1,2016,2,24,13,37,46.328
147,2,0,1,2016,2,24,15,52,55.779
148,2,0,1,2016,2,24,15,53,0.196
149,2,0,1,2016,2,24,15,53,1.612
150,2,0,1,2016,2,24,15,55,25.805
151,2,0,1,2016,2,24,15,55,26.792
152,2,0,1,2016,2,24,16,2,56.042
153,2,0,1,2016,2,24,16,2,57.588
154,2,0,1,2016,2,24,16,2,59.601
155,2,0,1,2016,2,24,16,3,2.659
156,2,0,1,2016,2,24,16,3,3.55
157,2,0,1,2016,2,24,16,3,4.125
158,2,0,1,2016,2,24,16,3,5.379
159,2,0,1,2016,2,24,16,3,6.143
160,2,0,1,2016,2,24,16,3,6.869
161,2,0,1,2016,2,24,16,3,8.803
162,2,0,1,2016,2,24,16,3,9.406
163,2,0,1,2016,2,24,16,3,11.085
164,2,0,1,2016,2,24,16,44,26.102
165,2,0,1,2016,2,24,16,44,29.663
166,2,0,1,2016,2,24,16,44,30.555
167,1,0,1,2016,2,24,17,12,8.294
