Var1_ 1,Var1_ 2,Var1_ 3,Var1_ 4,Var1_ 5,Var1_ 6,Var1_ 7,Var1_ 8,Var1_ 9,Var1_10
0,0,0,0,2016,2,17,8,5,12.807
1,1,1,1,2016,2,17,8,22,23.839
2,1,1,1,2016,2,17,8,24,42.464
3,1,1,1,2016,2,17,8,24,46.742
4,1,0,1,2016,2,17,8,24,48.473
5,1,0,1,2016,2,17,8,24,48.84
6,1,0,1,2016,2,17,8,24,48.96
7,1,2,1,2016,2,17,8,24,49.913
8,1,1,1,2016,2,17,8,24,59.494
9,1,0,1,2016,2,17,8,25,2.095
10,1,0,1,2016,2,17,8,25,2.248
11,1,1,1,2016,2,17,8,25,2.815
12,1,0,1,2016,2,17,8,25,2.956
13,1,0,1,2016,2,17,8,25,3.001
14,1,1,1,2016,2,17,8,25,7.176
15,1,0,1,2016,2,17,8,25,7.223
16,1,0,1,2016,2,17,8,25,10.095
17,1,1,1,2016,2,17,8,25,10.235
18,1,0,1,2016,2,17,8,25,10.934
19,1,0,1,2016,2,17,8,25,10.966
20,1,1,1,2016,2,17,8,25,18.558
21,1,0,1,2016,2,17,8,25,19.495
22,1,0,1,2016,2,17,8,25,19.661
23,1,1,1,2016,2,17,8,25,23.807
24,1,0,1,2016,2,17,8,25,23.941
25,1,0,1,2016,2,17,8,25,24.579
26,1,0,1,2016,2,17,8,25,24.61
27,1,0,1,2016,2,17,8,25,26.798
28,1,1,1,2016,2,17,8,25,26.928
29,1,0,1,2016,2,17,8,25,27.555
30,1,0,1,2016,2,17,8,25,28.075
31,1,2,1,2016,2,17,8,25,32.012
32,1,0,1,2016,2,17,8,25,34.938
33,1,2,1,2016,2,17,8,25,35.532
34,1,0,1,2016,2,17,8,25,35.576
35,1,0,1,2016,2,17,8,25,37.878
36,1,0,1,2016,2,17,8,25,38.042
37,1,1,1,2016,2,17,8,25,38.609
38,1,0,1,2016,2,17,8,25,38.893
39,1,0,1,2016,2,17,8,25,40.75
40,1,2,1,2016,2,17,8,25,42.025
41,1,0,1,2016,2,17,8,25,42.344
42,1,0,1,2016,2,17,8,25,42.377
43,1,0,1,2016,2,17,8,25,44.745
44,1,0,1,2016,2,17,8,25,44.853
45,1,0,1,2016,2,17,8,25,44.894
46,1,2,1,2016,2,17,8,25,45.356
47,1,0,1,2016,2,17,8,25,45.603
48,1,0,1,2016,2,17,8,25,45.8
49,1,1,1,2016,2,17,8,25,49.3
50,1,0,1,2016,2,17,8,25,50.129
51,1,0,1,2016,2,17,8,25,50.284
52,1,2,1,2016,2,17,8,25,52.992
53,1,1,1,2016,2,17,8,25,56.281
54,1,0,1,2016,2,17,8,25,58.162
55,1,0,1,2016,2,17,8,25,58.574
56,1,1,1,2016,2,17,8,26,0.189
57,1,0,1,2016,2,17,8,26,0.843
58,1,1,1,2016,2,17,8,26,4.385
59,1,1,1,2016,2,17,8,26,13.187
60,1,0,1,2016,2,17,8,26,13.273
61,1,0,1,2016,2,17,8,26,13.855
62,1,1,1,2016,2,17,8,26,17.319
63,1,0,1,2016,2,17,8,26,17.504
64,1,0,1,2016,2,17,8,26,17.975
65,1,0,1,2016,2,17,8,26,18.392
66,1,0,1,2016,2,17,8,26,19.856
67,1,0,1,2016,2,17,8,26,19.9
68,1,0,1,2016,2,17,8,26,20.075
69,1,0,1,2016,2,17,8,26,20.134
70,1,1,1,2016,2,17,8,26,20.954
71,1,0,1,2016,2,17,8,26,21.08
72,1,0,1,2016,2,17,8,26,22.505
73,1,2,1,2016,2,17,8,26,25.821
74,1,0,1,2016,2,17,8,26,28.656
75,1,1,1,2016,2,17,8,26,28.861
76,1,0,1,2016,2,17,8,26,29.466
77,1,0,1,2016,2,17,8,26,29.533
78,1,2,1,2016,2,17,8,26,32.126
79,1,0,1,2016,2,17,8,26,34.949
80,1,2,1,2016,2,17,8,26,35.225
81,1,0,1,2016,2,17,8,26,36.901
82,1,0,1,2016,2,17,8,26,37.058
83,1,1,1,2016,2,17,8,26,38.694
84,1,0,1,2016,2,17,8,26,39.133
85,1,0,1,2016,2,17,8,26,39.178
86,1,0,1,2016,2,17,8,26,39.947
87,1,0,1,2016,2,17,8,26,41.443
88,1,2,1,2016,2,17,8,26,41.886
89,1,0,1,2016,2,17,8,26,44.665
90,1,1,1,2016,2,17,8,26,45.554
91,1,0,1,2016,2,17,8,26,45.824
92,1,2,1,2016,2,17,8,26,49.683
93,1,0,1,2016,2,17,8,26,49.789
94,1,0,1,2016,2,17,8,26,51.108
95,1,2,1,2016,2,17,8,26,53.118
96,1,0,1,2016,2,17,8,26,55.448
97,1,0,1,2016,2,17,8,26,55.59
98,1,0,1,2016,2,17,8,26,55.78
99,1,2,1,2016,2,17,8,26,57.695
100,1,0,1,2016,2,17,8,26,57.803
101,1,0,1,2016,2,17,8,26,57.85
102,1,1,1,2016,2,17,8,27,1.769
103,1,2,1,2016,2,17,8,27,4.911
104,1,1,1,2016,2,17,8,27,8.198
105,1,0,1,2016,2,17,8,27,8.515
106,1,1,1,2016,2,17,8,27,11.714
107,1,0,1,2016,2,17,8,27,12.033
108,1,2,1,2016,2,17,8,27,14.782
109,1,0,1,2016,2,17,8,27,14.829
110,1,0,1,2016,2,17,8,27,17.645
111,1,2,1,2016,2,17,8,27,17.797
112,1,2,1,2016,2,17,8,27,32.747
113,1,0,1,2016,2,17,8,27,35.488
114,1,1,1,2016,2,17,8,27,36.418
115,1,1,1,2016,2,17,8,27,44.655
116,1,2,1,2016,2,17,8,27,47.746
117,1,0,1,2016,2,17,8,27,48.261
118,1,0,1,2016,2,17,8,27,48.3
119,1,2,1,2016,2,17,8,28,4.059
120,1,2,1,2016,2,17,8,28,8.971
121,1,1,1,2016,2,17,8,28,18.523
122,1,2,1,2016,2,17,8,28,24.344
123,1,1,1,2016,2,17,8,28,28.712
124,1,0,1,2016,2,17,8,28,30.105
125,1,1,1,2016,2,17,8,28,35.041
126,1,1,1,2016,2,17,8,28,38.505
127,1,2,1,2016,2,17,8,28,44.443
128,1,2,1,2016,2,17,8,28,48.695
129,1,2,1,2016,2,17,8,28,56.856
130,1,0,1,2016,2,17,8,28,56.908
131,1,0,1,2016,2,17,8,28,59.068
132,1,0,1,2016,2,17,8,28,59.115
133,1,2,1,2016,2,17,8,28,59.993
134,1,0,1,2016,2,17,8,29,0.273
135,1,0,1,2016,2,17,8,29,0.361
136,1,2,1,2016,2,17,8,29,10.493
137,1,2,1,2016,2,17,8,29,13.52
138,1,0,1,2016,2,17,8,29,13.879
139,1,0,1,2016,2,17,8,29,13.957
140,1,2,1,2016,2,17,8,29,18.043
141,1,0,1,2016,2,17,8,29,18.103
142,1,2,1,2016,2,17,8,29,24.517
143,1,0,1,2016,2,17,8,29,25.763
144,1,2,1,2016,2,17,8,29,28.884
145,1,0,1,2016,2,17,8,29,32.148
146,1,0,1,2016,2,17,8,29,32.206
147,1,0,1,2016,2,17,8,29,32.331
148,1,0,1,2016,2,17,8,29,34.21
149,1,0,1,2016,2,17,8,29,34.983
150,1,0,1,2016,2,17,8,29,35.025
151,1,0,1,2016,2,17,8,29,36.12
152,1,0,1,2016,2,17,8,29,36.159
153,1,0,1,2016,2,17,8,29,38.936
154,1,0,1,2016,2,17,8,29,39.442
155,1,0,1,2016,2,17,8,29,40.328
156,1,0,1,2016,2,17,8,29,41.186
157,1,0,1,2016,2,17,8,29,48.011
158,1,0,1,2016,2,17,8,29,48.045
159,1,0,1,2016,2,17,8,29,58.406
160,1,0,1,2016,2,17,8,29,58.947
161,1,0,1,2016,2,17,8,30,12.022
162,1,0,1,2016,2,17,8,30,25.778
163,1,0,1,2016,2,17,8,30,37.586
164,1,0,1,2016,2,17,8,30,38.133
165,1,0,1,2016,2,17,8,30,38.176
166,1,0,1,2016,2,17,8,38,12.669
167,1,0,1,2016,2,17,8,39,48.502
168,1,0,1,2016,2,17,8,40,0.934
169,1,0,1,2016,2,17,8,41,4.435
170,1,0,1,2016,2,17,8,42,48.639
171,1,0,1,2016,2,17,8,42,52.375
172,1,0,1,2016,2,17,8,42,52.516
173,1,0,1,2016,2,17,8,42,53.636
174,2,0,1,2016,2,17,8,43,27.479
175,2,0,1,2016,2,17,8,43,27.508
176,1,0,1,2016,2,17,8,48,0.241
177,1,0,1,2016,2,17,8,48,2.452
178,1,0,1,2016,2,17,8,48,2.825
179,1,0,1,2016,2,17,8,48,3.626
180,1,0,1,2016,2,17,8,48,14.987
181,1,0,1,2016,2,17,8,48,16.447
182,1,0,1,2016,2,17,8,48,16.493
183,1,0,1,2016,2,17,8,48,46.728
184,1,0,1,2016,2,17,8,48,47.54
185,1,0,1,2016,2,17,8,48,48.258
186,1,0,1,2016,2,17,8,48,49.057
187,1,0,1,2016,2,17,8,48,49.696
188,1,0,1,2016,2,17,8,48,49.97
189,1,0,1,2016,2,17,8,48,51.525
190,1,0,1,2016,2,17,8,48,53.035
191,1,0,1,2016,2,17,8,48,55.488
192,1,0,1,2016,2,17,8,48,55.707
193,1,0,1,2016,2,17,8,49,48.826
194,1,0,1,2016,2,17,9,11,21.231
195,1,0,1,2016,2,17,9,11,23.386
196,1,0,1,2016,2,17,9,11,23.676
197,1,0,1,2016,2,17,9,11,32.524
198,1,0,1,2016,2,17,9,11,33.805
199,1,0,1,2016,2,17,9,11,43.115
200,1,0,1,2016,2,17,9,11,43.38
201,1,0,1,2016,2,17,9,11,45.165
202,1,0,1,2016,2,17,9,12,17.193
203,1,0,1,2016,2,17,9,12,18.99
204,1,0,1,2016,2,17,9,12,19.04
205,1,0,1,2016,2,17,9,12,20.646
206,1,0,1,2016,2,17,9,12,49.82
207,1,0,1,2016,2,17,9,12,50.001
208,1,0,1,2016,2,17,9,13,41.481
209,1,0,1,2016,2,17,9,15,23.337
210,1,0,1,2016,2,17,9,16,37.281
211,1,0,1,2016,2,17,9,17,28.747
212,1,0,1,2016,2,17,9,18,26.923
213,1,0,1,2016,2,17,9,25,18.12
214,1,0,1,2016,2,17,9,25,23.518
215,1,0,1,2016,2,17,9,25,23.59
216,1,0,1,2016,2,17,9,25,59.943
217,1,0,1,2016,2,17,9,26,0.038
218,1,0,1,2016,2,17,9,26,1.731
219,1,0,1,2016,2,17,9,26,9.868
220,1,0,1,2016,2,17,9,26,42.969
221,1,0,1,2016,2,17,9,28,51.938
222,2,0,1,2016,2,17,9,33,18.651
223,2,0,1,2016,2,17,9,33,20.619
224,1,0,1,2016,2,17,9,33,27.372
225,1,0,1,2016,2,17,9,33,28.28
226,1,0,1,2016,2,17,9,33,28.342
227,1,0,1,2016,2,17,9,34,4.951
228,1,0,1,2016,2,17,9,39,2.072
229,1,0,1,2016,2,17,9,39,2.532
230,1,0,1,2016,2,17,9,39,25.725
231,1,0,1,2016,2,17,9,40,21.696
232,1,0,1,2016,2,17,9,42,59.989
233,1,0,1,2016,2,17,9,50,54.212
234,1,0,1,2016,2,17,9,51,16.596
235,1,0,1,2016,2,17,9,51,17.24
236,1,0,1,2016,2,17,9,51,17.284
237,1,0,1,2016,2,17,9,51,17.324
238,1,0,1,2016,2,17,9,51,17.43
239,2,0,1,2016,2,17,9,54,36.614
240,2,0,1,2016,2,17,9,54,44.225
241,2,0,1,2016,2,17,9,54,44.931
242,2,0,1,2016,2,17,9,54,56.459
243,2,0,1,2016,2,17,9,55,55.817
244,2,0,1,2016,2,17,9,55,56.408
245,2,0,1,2016,2,17,9,55,58.667
246,2,0,1,2016,2,17,9,56,2.74
247,1,0,1,2016,2,17,9,57,58.128
248,1,0,1,2016,2,17,10,0,50.025
249,1,0,1,2016,2,17,10,0,53.222
250,1,0,1,2016,2,17,10,0,54.584
251,1,0,1,2016,2,17,10,0,54.889
252,1,0,1,2016,2,17,10,0,55.34
253,1,0,1,2016,2,17,10,1,13.716
254,1,0,1,2016,2,17,10,1,15.115
255,1,0,1,2016,2,17,10,1,15.845
256,1,0,1,2016,2,17,10,1,21.181
257,1,0,1,2016,2,17,10,1,21.794
258,1,0,1,2016,2,17,10,1,21.844
259,1,0,1,2016,2,17,10,1,21.916
260,1,0,1,2016,2,17,10,1,45.856
261,1,0,1,2016,2,17,10,2,38.614
262,1,0,1,2016,2,17,10,16,5.886
263,1,0,1,2016,2,17,10,16,10.448
264,1,0,1,2016,2,17,10,16,21.358
265,1,0,1,2016,2,17,10,18,48.303
266,2,0,1,2016,2,17,10,25,48.522
267,2,0,1,2016,2,17,10,38,16.062
268,2,0,1,2016,2,17,10,38,18.084
269,1,0,1,2016,2,17,13,42,41.222
270,2,0,1,2016,2,17,13,57,26.784
271,2,0,1,2016,2,17,13,57,40.013
272,1,0,1,2016,2,17,14,34,20.823
273,1,0,1,2016,2,17,14,34,20.936
274,2,0,1,2016,2,17,16,35,25.236
275,2,0,1,2016,2,17,16,36,26.135
276,2,0,1,2016,2,17,16,36,26.894
277,2,0,1,2016,2,17,16,36,28.262
278,2,0,1,2016,2,17,16,36,29.35
279,2,0,1,2016,2,17,16,36,33.844
280,2,0,1,2016,2,17,16,36,35.555
281,2,0,1,2016,2,17,16,36,36.702
282,2,0,1,2016,2,17,16,36,37.418
283,2,0,1,2016,2,17,16,36,39.696
284,2,0,1,2016,2,17,16,36,40.488
285,2,0,1,2016,2,17,16,36,41.29
286,2,0,1,2016,2,17,16,36,42.226
287,2,0,1,2016,2,17,16,36,43.331
288,2,0,1,2016,2,17,16,36,43.974
289,2,0,1,2016,2,17,16,36,48.84
290,2,0,1,2016,2,17,16,36,51.28
291,2,0,1,2016,2,17,16,36,56.682
