Var1_ 1,Var1_ 2,Var1_ 3,Var1_ 4,Var1_ 5,Var1_ 6,Var1_ 7,Var1_ 8,Var1_ 9,Var1_10
0,0,0,0,2016,1,29,8,5,18.549
1,2,2,1,2016,1,29,8,7,13.884
2,2,2,1,2016,1,29,8,7,45.143
3,2,2,1,2016,1,29,8,8,3.303
4,2,2,1,2016,1,29,8,8,21.986
5,2,0,1,2016,1,29,8,8,22.864
6,1,1,1,2016,1,29,9,1,50.338
7,1,1,1,2016,1,29,9,1,56.661
8,1,1,1,2016,1,29,9,2,0.832
9,1,1,1,2016,1,29,9,2,5.805
10,1,0,1,2016,1,29,9,2,5.853
11,1,1,1,2016,1,29,9,2,20.043
12,1,0,1,2016,1,29,9,2,20.112
13,1,1,1,2016,1,29,9,2,40.674
14,1,0,1,2016,1,29,9,2,40.997
15,1,1,1,2016,1,29,9,3,3.618
16,1,0,1,2016,1,29,9,3,3.806
17,1,1,1,2016,1,29,9,3,7.132
18,1,1,1,2016,1,29,9,3,20.152
19,1,1,1,2016,1,29,9,3,26.811
20,1,0,1,2016,1,29,9,3,27.188
21,1,1,1,2016,1,29,9,3,30.103
22,1,2,1,2016,1,29,9,3,38.023
23,1,0,1,2016,1,29,9,3,38.324
24,1,0,1,2016,1,29,9,3,40.836
25,1,2,1,2016,1,29,9,3,41.32
26,1,0,1,2016,1,29,9,3,41.364
27,1,1,1,2016,1,29,9,4,1.143
28,1,2,1,2016,1,29,9,4,5.158
29,1,2,1,2016,1,29,9,5,12.878
30,1,1,1,2016,1,29,9,6,40.002
31,1,2,1,2016,1,29,9,7,0.455
32,1,1,1,2016,1,29,9,7,45.046
33,1,1,1,2016,1,29,9,7,55.682
34,1,1,1,2016,1,29,9,8,4.901
35,1,1,1,2016,1,29,9,8,15.63
36,1,0,1,2016,1,29,9,8,15.678
37,1,1,1,2016,1,29,9,8,19.282
38,1,1,1,2016,1,29,9,8,23.256
39,1,0,1,2016,1,29,9,8,23.504
40,1,2,1,2016,1,29,9,21,35.018
41,1,1,1,2016,1,29,9,21,46.734
42,1,2,1,2016,1,29,9,21,51.336
43,1,2,1,2016,1,29,9,34,51.012
44,1,1,1,2016,1,29,9,36,15.834
45,1,2,1,2016,1,29,9,36,26.012
46,1,0,1,2016,1,29,9,36,28.946
47,1,1,1,2016,1,29,9,36,29.221
48,1,0,1,2016,1,29,9,36,29.411
49,1,2,1,2016,1,29,9,36,33.185
50,1,0,1,2016,1,29,9,36,33.49
51,1,2,1,2016,1,29,9,36,46.99
52,1,0,1,2016,1,29,9,36,49.905
53,1,2,1,2016,1,29,9,36,59.4
54,1,1,1,2016,1,29,9,37,22.076
55,1,0,1,2016,1,29,9,37,22.414
56,1,2,1,2016,1,29,9,37,28.266
57,1,0,1,2016,1,29,9,37,28.518
58,1,0,1,2016,1,29,9,37,28.568
59,1,0,1,2016,1,29,9,37,29.501
60,1,0,1,2016,1,29,9,37,29.552
61,1,1,1,2016,1,29,9,37,39.152
62,1,1,1,2016,1,29,9,37,51.092
63,1,2,1,2016,1,29,9,37,54.424
64,1,0,1,2016,1,29,9,37,56.594
65,1,2,1,2016,1,29,9,38,2.545
66,1,2,1,2016,1,29,9,38,11.328
67,1,0,1,2016,1,29,9,38,11.909
68,1,1,1,2016,1,29,9,38,33.07
69,1,0,1,2016,1,29,9,38,33.36
70,1,0,1,2016,1,29,9,38,35.846
71,1,0,1,2016,1,29,9,38,36.054
72,1,1,1,2016,1,29,9,38,39.815
73,1,0,1,2016,1,29,9,38,39.96
74,1,2,1,2016,1,29,9,38,49.924
75,1,0,1,2016,1,29,9,38,50.198
76,1,0,1,2016,1,29,9,38,52.825
77,1,2,1,2016,1,29,9,38,54.946
78,1,2,1,2016,1,29,9,39,4.778
79,1,0,1,2016,1,29,9,39,5.092
80,1,1,1,2016,1,29,9,39,12.566
81,1,2,1,2016,1,29,9,39,18.959
82,1,1,1,2016,1,29,9,40,39.289
83,1,1,1,2016,1,29,9,41,8.067
84,1,2,1,2016,1,29,9,42,9.655
85,1,0,1,2016,1,29,9,42,10.72
86,1,2,1,2016,1,29,9,42,14.719
87,1,2,1,2016,1,29,9,42,19.891
88,1,0,1,2016,1,29,9,42,21.055
89,1,0,1,2016,1,29,9,42,21.145
90,1,0,1,2016,1,29,9,42,21.195
91,1,2,1,2016,1,29,9,42,31.759
92,2,2,1,2016,1,29,9,43,46.054
93,1,2,1,2016,1,29,10,9,33.457
94,1,0,1,2016,1,29,10,9,37.563
95,1,0,1,2016,1,29,10,9,40.742
96,1,0,1,2016,1,29,10,9,42.843
97,1,0,1,2016,1,29,10,45,40.972
98,1,0,1,2016,1,29,11,13,23.036
99,1,0,1,2016,1,29,11,13,24.74
100,1,0,1,2016,1,29,12,5,33.945
101,1,0,1,2016,1,29,12,42,59.245
102,1,0,1,2016,1,29,12,43,23.015
103,1,0,1,2016,1,29,12,43,46.299
104,1,0,1,2016,1,29,12,43,56.332
105,1,0,1,2016,1,29,12,44,10.376
106,1,0,1,2016,1,29,12,44,31.004
107,1,0,1,2016,1,29,12,44,57.544
108,1,0,1,2016,1,29,12,46,15.365
109,1,0,1,2016,1,29,12,46,24.736
110,1,0,1,2016,1,29,12,47,40.271
111,1,0,1,2016,1,29,12,50,45.229
112,1,0,1,2016,1,29,12,50,58.744
113,1,0,1,2016,1,29,12,50,59.555
114,1,0,1,2016,1,29,12,51,6.765
115,1,0,1,2016,1,29,12,51,7.375
116,1,0,1,2016,1,29,12,51,10.187
117,1,0,1,2016,1,29,12,51,42.656
118,1,0,1,2016,1,29,12,52,4.1
119,1,0,1,2016,1,29,12,52,33.248
120,1,0,1,2016,1,29,12,53,1.306
121,1,0,1,2016,1,29,12,53,2.919
122,1,0,1,2016,1,29,12,53,12.198
123,1,0,1,2016,1,29,12,54,33.426
124,1,0,1,2016,1,29,12,54,34.397
125,1,0,1,2016,1,29,12,54,55.623
126,1,0,1,2016,1,29,12,55,37.193
127,1,0,1,2016,1,29,12,55,48.98
128,1,0,1,2016,1,29,12,56,32.834
129,1,0,1,2016,1,29,12,59,5.984
130,1,0,1,2016,1,29,12,59,12.138
131,1,0,1,2016,1,29,12,59,15.76
132,1,0,1,2016,1,29,12,59,32.947
133,1,0,1,2016,1,29,12,59,53.482
134,1,0,1,2016,1,29,13,0,31.926
135,1,0,1,2016,1,29,13,0,44.148
136,1,0,1,2016,1,29,13,0,49.757
137,1,0,1,2016,1,29,13,13,46.525
138,1,0,1,2016,1,29,13,13,52.219
139,1,0,1,2016,1,29,13,41,32.809
140,1,0,1,2016,1,29,13,41,40.18
141,1,0,1,2016,1,29,13,41,41.625
142,1,0,1,2016,1,29,13,47,58.373
143,1,0,1,2016,1,29,13,47,59.435
144,1,0,1,2016,1,29,14,40,2.931
145,1,0,1,2016,1,29,15,31,58.7
146,1,0,1,2016,1,29,15,43,10.831
147,1,0,1,2016,1,29,16,42,50.12
