Var1_ 1,Var1_ 2,Var1_ 3,Var1_ 4,Var1_ 5,Var1_ 6,Var1_ 7,Var1_ 8,Var1_ 9,Var1_10
0,0,0,0,2016,3,3,8,5,12.253
1,2,2,1,2016,3,3,8,5,27.521
2,2,2,1,2016,3,3,8,6,3.738
3,2,2,1,2016,3,3,8,6,19.231
4,2,2,1,2016,3,3,8,7,2.495
5,2,1,1,2016,3,3,8,7,8.535
6,2,2,1,2016,3,3,8,7,11.937
7,2,0,1,2016,3,3,8,7,11.991
8,2,2,1,2016,3,3,8,7,16.73
9,2,1,1,2016,3,3,8,7,21.209
10,2,0,1,2016,3,3,8,7,21.26
11,2,0,1,2016,3,3,8,7,22.121
12,2,0,1,2016,3,3,8,7,23.596
13,2,0,1,2016,3,3,8,7,23.794
14,2,2,1,2016,3,3,8,7,24.663
15,2,0,1,2016,3,3,8,7,25.687
16,2,2,1,2016,3,3,8,7,27.835
17,2,2,1,2016,3,3,8,7,37.069
18,2,1,1,2016,3,3,8,7,40.121
19,2,2,1,2016,3,3,8,7,58.473
20,2,1,1,2016,3,3,8,8,2.783
21,2,2,1,2016,3,3,8,8,6.997
22,2,1,1,2016,3,3,8,8,10.131
23,2,0,1,2016,3,3,8,8,10.337
24,2,0,1,2016,3,3,8,8,11.256
25,2,2,1,2016,3,3,8,8,13.987
26,2,2,1,2016,3,3,8,8,20.128
27,2,0,1,2016,3,3,8,8,23.038
28,2,2,1,2016,3,3,8,8,23.779
29,2,0,1,2016,3,3,8,8,24.547
30,2,2,1,2016,3,3,8,8,30.277
31,2,2,1,2016,3,3,8,8,42.261
32,2,1,1,2016,3,3,8,8,45.478
33,2,0,1,2016,3,3,8,8,45.588
34,2,0,1,2016,3,3,8,8,46.481
35,2,0,1,2016,3,3,8,8,48.387
36,2,2,1,2016,3,3,8,8,48.578
37,2,2,1,2016,3,3,8,9,9.891
38,2,1,1,2016,3,3,8,9,13.065
39,2,0,1,2016,3,3,8,9,13.441
40,2,1,1,2016,3,3,8,9,16.843
41,2,0,1,2016,3,3,8,9,16.893
42,2,0,1,2016,3,3,8,9,19.307
43,2,1,1,2016,3,3,8,9,20.235
44,2,0,1,2016,3,3,8,9,20.274
45,2,1,1,2016,3,3,8,9,23.757
46,2,0,1,2016,3,3,8,9,24.357
47,2,0,1,2016,3,3,8,9,24.492
48,2,2,1,2016,3,3,8,9,26.806
49,2,2,1,2016,3,3,8,9,35.578
50,2,1,1,2016,3,3,8,9,41.102
51,2,0,1,2016,3,3,8,9,41.852
52,2,0,1,2016,3,3,8,9,41.911
53,2,0,1,2016,3,3,8,9,43.912
54,2,2,1,2016,3,3,8,9,44.534
55,2,0,1,2016,3,3,8,9,44.629
56,2,1,1,2016,3,3,8,9,52.08
57,2,0,1,2016,3,3,8,9,52.377
58,2,0,1,2016,3,3,8,9,53.129
59,2,0,1,2016,3,3,8,9,54.873
60,2,2,1,2016,3,3,8,9,56.789
61,2,2,1,2016,3,3,8,10,3.175
62,2,2,1,2016,3,3,8,10,13.555
63,2,0,1,2016,3,3,8,10,13.687
64,2,0,1,2016,3,3,8,10,13.743
65,2,1,1,2016,3,3,8,10,17.563
66,2,0,1,2016,3,3,8,10,18.511
67,2,0,1,2016,3,3,8,10,20.466
68,2,2,1,2016,3,3,8,10,22.245
69,2,1,1,2016,3,3,8,10,32.074
70,2,0,1,2016,3,3,8,10,33.316
71,2,1,1,2016,3,3,8,10,36.325
72,2,0,1,2016,3,3,8,10,39.021
73,2,2,1,2016,3,3,8,10,41.571
74,2,2,1,2016,3,3,8,10,45.464
75,2,1,1,2016,3,3,8,10,50.917
76,2,2,1,2016,3,3,8,10,55.668
77,2,1,1,2016,3,3,8,11,1.192
78,2,2,1,2016,3,3,8,11,4.542
79,2,1,1,2016,3,3,8,11,16.406
80,2,0,1,2016,3,3,8,11,16.667
81,2,0,1,2016,3,3,8,11,18.758
82,2,1,1,2016,3,3,8,11,21.031
83,2,0,1,2016,3,3,8,11,23.928
84,2,2,1,2016,3,3,8,11,25.693
85,2,1,1,2016,3,3,8,11,35.106
86,2,1,1,2016,3,3,8,11,56.989
87,2,0,1,2016,3,3,8,11,57.037
88,2,1,1,2016,3,3,8,12,6.543
89,2,0,1,2016,3,3,8,12,9.503
90,2,1,1,2016,3,3,8,12,10.547
91,2,1,1,2016,3,3,8,12,20.033
92,2,1,1,2016,3,3,8,12,33.15
93,2,1,1,2016,3,3,8,12,36.312
94,2,0,1,2016,3,3,8,12,38.92
95,2,1,1,2016,3,3,8,12,41.236
96,2,1,1,2016,3,3,8,12,48.737
97,2,0,1,2016,3,3,8,12,51.498
98,2,1,1,2016,3,3,8,12,53.452
99,2,0,1,2016,3,3,8,12,56.413
100,2,1,1,2016,3,3,8,12,58.315
101,2,0,1,2016,3,3,8,12,58.609
102,2,0,1,2016,3,3,8,13,1.225
103,2,0,1,2016,3,3,8,13,2.356
104,2,0,1,2016,3,3,8,13,8.299
105,2,0,1,2016,3,3,8,13,46.945
106,2,0,1,2016,3,3,8,50,24.099
107,2,0,1,2016,3,3,8,55,36.568
108,1,0,1,2016,3,3,9,1,57.705
109,2,0,1,2016,3,3,9,2,9.202
110,2,0,1,2016,3,3,9,3,59.805
111,2,0,1,2016,3,3,9,4,2.464
112,2,0,1,2016,3,3,9,5,21.356
113,2,0,1,2016,3,3,9,5,31.867
114,2,0,1,2016,3,3,9,9,41.604
115,1,0,1,2016,3,3,9,10,35.37
116,2,0,1,2016,3,3,9,33,26.923
117,2,0,1,2016,3,3,9,46,32.265
118,2,0,1,2016,3,3,10,33,44.582
119,2,0,1,2016,3,3,10,33,45.346
120,2,0,1,2016,3,3,10,33,46.931
121,2,0,1,2016,3,3,10,33,48.393
122,2,0,1,2016,3,3,10,33,49.668
123,2,0,1,2016,3,3,10,33,50.616
124,2,0,1,2016,3,3,10,33,52.819
125,2,0,1,2016,3,3,10,33,53.918
126,2,0,1,2016,3,3,10,33,54.979
127,2,0,1,2016,3,3,10,33,55.737
128,2,0,1,2016,3,3,10,33,57.124
129,2,0,1,2016,3,3,10,33,59.684
130,2,0,1,2016,3,3,10,34,1.688
131,1,0,1,2016,3,3,10,50,15.625
132,2,0,1,2016,3,3,11,6,33.295
133,2,0,1,2016,3,3,11,6,34.293
134,2,0,1,2016,3,3,11,6,35.163
135,2,0,1,2016,3,3,11,6,37.287
136,2,0,1,2016,3,3,11,6,38.126
137,2,0,1,2016,3,3,11,6,40.435
138,2,0,1,2016,3,3,11,6,41.671
139,2,0,1,2016,3,3,11,6,42.794
140,2,0,1,2016,3,3,11,6,43.676
141,2,0,1,2016,3,3,11,27,55.475
142,1,0,1,2016,3,3,12,2,13.596
143,2,0,1,2016,3,3,12,10,54.933
144,2,0,1,2016,3,3,12,10,56.076
145,2,0,1,2016,3,3,13,13,12.942
146,2,0,1,2016,3,3,13,13,13.912
147,2,0,1,2016,3,3,13,13,14.694
148,2,0,1,2016,3,3,13,13,15.53
149,2,0,1,2016,3,3,13,13,16.404
150,2,0,1,2016,3,3,13,13,18.347
151,2,0,1,2016,3,3,13,13,18.959
152,2,0,1,2016,3,3,13,13,19.676
153,2,0,1,2016,3,3,13,13,20.5
154,2,0,1,2016,3,3,13,13,21.615
155,2,0,1,2016,3,3,13,13,22.525
156,2,0,1,2016,3,3,13,13,23.744
157,2,0,1,2016,3,3,13,13,25.976
158,2,0,1,2016,3,3,13,13,27.401
159,2,0,1,2016,3,3,13,13,28.253
160,2,0,1,2016,3,3,14,39,4.682
161,2,0,1,2016,3,3,15,7,47.006
162,2,0,1,2016,3,3,15,7,48.016
163,2,0,1,2016,3,3,15,7,49.794
164,2,0,1,2016,3,3,15,7,51.056
165,2,0,1,2016,3,3,15,7,52.105
166,2,0,1,2016,3,3,15,7,52.884
167,2,0,1,2016,3,3,15,7,55.607
168,2,0,1,2016,3,3,15,7,56.508
169,2,0,1,2016,3,3,15,7,58.579
170,2,0,1,2016,3,3,15,7,59.669
171,2,0,1,2016,3,3,15,8,1.807
172,2,0,1,2016,3,3,15,39,22.659
173,2,0,1,2016,3,3,15,39,23.489
174,2,0,1,2016,3,3,15,39,24.233
175,2,0,1,2016,3,3,15,39,25.035
176,2,0,1,2016,3,3,15,39,26.055
177,2,0,1,2016,3,3,15,39,26.703
178,2,0,1,2016,3,3,15,39,27.711
179,2,0,1,2016,3,3,15,39,28.537
180,2,0,1,2016,3,3,15,39,29.92
181,2,0,1,2016,3,3,15,39,31.163
182,2,0,1,2016,3,3,15,39,31.945
183,2,0,1,2016,3,3,15,39,33.031
184,2,0,1,2016,3,3,15,39,33.943
185,2,0,1,2016,3,3,15,39,35.622
186,1,0,1,2016,3,3,16,21,21.385
187,1,0,1,2016,3,3,16,21,26.398
188,1,0,1,2016,3,3,16,21,26.913
189,1,0,1,2016,3,3,16,21,27.018
190,1,0,1,2016,3,3,16,21,27.845
191,1,0,1,2016,3,3,16,21,28.59
192,1,0,1,2016,3,3,16,21,28.621
193,1,0,1,2016,3,3,16,21,44.569
194,1,0,1,2016,3,3,16,22,17.735
195,1,0,1,2016,3,3,16,22,36.036
196,1,0,1,2016,3,3,16,23,32.687
197,1,0,1,2016,3,3,16,23,55.577
198,1,0,1,2016,3,3,16,23,56.621
199,1,0,1,2016,3,3,16,24,0.212
200,1,0,1,2016,3,3,16,24,0.623
201,1,0,1,2016,3,3,16,24,1.807
202,1,0,1,2016,3,3,16,24,17.105
203,1,0,1,2016,3,3,16,24,35.456
204,1,0,1,2016,3,3,16,24,35.911
205,1,0,1,2016,3,3,16,24,36.767
206,1,0,1,2016,3,3,16,24,37.421
207,1,0,1,2016,3,3,16,24,37.567
208,1,0,1,2016,3,3,16,24,44.028
209,1,0,1,2016,3,3,16,24,53.347
210,1,0,1,2016,3,3,16,24,58.537
211,2,0,1,2016,3,3,16,28,22.321
212,2,0,1,2016,3,3,16,28,23.304
213,2,0,1,2016,3,3,16,28,23.857
214,2,0,1,2016,3,3,16,28,24.822
215,2,0,1,2016,3,3,16,28,25.471
216,2,0,1,2016,3,3,16,28,27.038
217,2,0,1,2016,3,3,16,28,28.052
218,2,0,1,2016,3,3,16,28,28.889
219,2,0,1,2016,3,3,16,28,29.99
220,2,0,1,2016,3,3,16,28,31.334
221,2,0,1,2016,3,3,16,28,33.043
222,2,0,1,2016,3,3,16,28,34.273
223,2,0,1,2016,3,3,16,28,35.832
224,2,0,1,2016,3,3,16,28,37.112
225,2,0,1,2016,3,3,16,28,38.143
226,2,0,1,2016,3,3,16,28,39.193
227,2,0,1,2016,3,3,16,28,40.325
228,1,0,1,2016,3,3,17,32,5.995
229,1,0,1,2016,3,3,17,33,25.377
