Var1_ 1,Var1_ 2,Var1_ 3,Var1_ 4,Var1_ 5,Var1_ 6,Var1_ 7,Var1_ 8,Var1_ 9,Var1_10
0,0,0,0,2016,5,9,10,0,37.347
1,2,2,1,2016,5,9,10,8,3.287
2,2,2,1,2016,5,9,10,8,50.687
3,2,2,1,2016,5,9,10,8,54.04
4,2,0,1,2016,5,9,10,8,56.794
5,2,2,1,2016,5,9,10,8,57.534
6,2,1,1,2016,5,9,10,9,2.112
7,2,2,1,2016,5,9,10,9,14.494
8,2,2,1,2016,5,9,10,9,17.557
9,2,0,1,2016,5,9,10,9,18.24
10,2,0,1,2016,5,9,10,9,20.051
11,2,1,1,2016,5,9,10,9,21.237
12,2,2,1,2016,5,9,10,9,30.488
13,2,0,1,2016,5,9,10,9,31.066
14,2,2,1,2016,5,9,10,9,34.273
15,2,2,1,2016,5,9,10,9,37.723
16,2,1,1,2016,5,9,10,9,45.53
17,2,2,1,2016,5,9,10,10,0.616
18,2,1,1,2016,5,9,10,10,6.379
19,2,0,1,2016,5,9,10,10,8.941
20,2,2,1,2016,5,9,10,10,10.215
21,2,1,1,2016,5,9,10,10,14.05
22,2,2,1,2016,5,9,10,10,19.079
23,2,0,1,2016,5,9,10,10,21.615
24,2,2,1,2016,5,9,10,10,23.357
25,2,2,1,2016,5,9,10,10,27.141
26,2,2,1,2016,5,9,10,10,54.812
27,2,2,1,2016,5,9,10,10,58.379
28,2,1,1,2016,5,9,10,11,2.288
29,2,2,1,2016,5,9,10,11,8.454
30,2,2,1,2016,5,9,10,16,42.591
31,2,1,1,2016,5,9,10,16,46.466
32,2,0,1,2016,5,9,10,16,49.229
33,2,1,1,2016,5,9,10,16,50.129
34,2,0,1,2016,5,9,10,16,50.352
35,2,0,1,2016,5,9,10,16,52.958
36,2,1,1,2016,5,9,10,17,1.19
37,2,0,1,2016,5,9,10,17,2.069
38,2,1,1,2016,5,9,10,17,8.884
39,2,2,1,2016,5,9,10,17,12.266
40,2,0,1,2016,5,9,10,17,14.987
41,2,2,1,2016,5,9,10,17,15.884
42,2,1,1,2016,5,9,10,17,24.263
43,2,2,1,2016,5,9,10,17,28.363
44,2,0,1,2016,5,9,10,17,28.652
45,2,1,1,2016,5,9,10,17,32.266
46,2,2,1,2016,5,9,10,17,43.723
47,2,0,1,2016,5,9,10,17,43.938
48,2,2,1,2016,5,9,10,17,47.233
49,2,2,1,2016,5,9,10,17,59.999
50,2,0,1,2016,5,9,10,18,1.243
51,2,1,1,2016,5,9,10,18,3.997
52,2,0,1,2016,5,9,10,18,6.853
53,2,2,1,2016,5,9,10,18,21.38
54,2,1,1,2016,5,9,10,18,24.902
55,2,1,1,2016,5,9,10,18,29.444
56,2,2,1,2016,5,9,10,18,35.51
57,2,2,1,2016,5,9,10,18,39.411
58,2,1,1,2016,5,9,10,18,44.209
59,2,2,1,2016,5,9,10,18,50.774
60,2,1,1,2016,5,9,10,18,53.896
61,2,2,1,2016,5,9,10,19,0.038
62,2,1,1,2016,5,9,10,19,3.956
63,2,0,1,2016,5,9,10,19,4.314
64,2,1,1,2016,5,9,10,19,12.586
65,2,2,1,2016,5,9,10,38,2.786
66,2,1,1,2016,5,9,10,38,6.146
67,2,0,1,2016,5,9,10,38,9.024
68,2,1,1,2016,5,9,10,38,9.983
69,2,1,1,2016,5,9,10,38,51.074
70,2,1,1,2016,5,9,10,38,54.409
71,2,1,1,2016,5,9,10,39,2.885
72,2,1,1,2016,5,9,10,39,6.139
73,2,1,1,2016,5,9,10,39,9.745
74,2,1,1,2016,5,9,10,39,19.776
75,2,1,1,2016,5,9,10,39,24.98
76,2,0,1,2016,5,9,10,39,25.466
77,2,1,1,2016,5,9,10,39,32.682
78,2,1,1,2016,5,9,10,39,37.824
79,2,0,1,2016,5,9,10,39,41.018
80,2,0,1,2016,5,9,10,39,42.05
81,2,0,1,2016,5,9,10,39,44.803
82,2,0,1,2016,5,9,10,39,46.834
83,2,0,1,2016,5,9,10,41,28.359
84,2,0,1,2016,5,9,10,41,29.718
85,2,0,1,2016,5,9,10,50,18.001
86,2,0,1,2016,5,9,10,50,26.977
87,2,0,1,2016,5,9,10,50,28.057
88,2,0,1,2016,5,9,10,50,29.935
89,2,0,1,2016,5,9,10,50,30.275
90,2,0,1,2016,5,9,10,50,31.051
91,2,0,1,2016,5,9,10,50,31.216
92,2,0,1,2016,5,9,11,3,16.165
93,2,0,1,2016,5,9,11,4,10.038
94,2,0,1,2016,5,9,11,4,12.943
95,2,0,1,2016,5,9,11,4,13.181
96,2,0,1,2016,5,9,11,4,15.076
97,2,0,1,2016,5,9,11,4,37.256
98,2,0,1,2016,5,9,11,4,59.936
99,2,0,1,2016,5,9,11,9,38.947
100,2,0,1,2016,5,9,11,15,6.486
101,2,0,1,2016,5,9,11,16,38.316
102,2,0,1,2016,5,9,11,16,41.883
103,2,0,1,2016,5,9,11,16,41.956
104,2,0,1,2016,5,9,11,20,14.409
105,2,0,1,2016,5,9,11,20,15.752
106,2,0,1,2016,5,9,11,20,17.681
107,2,0,1,2016,5,9,11,20,18.25
108,2,0,1,2016,5,9,11,20,18.767
109,2,0,1,2016,5,9,11,20,19.255
110,2,0,1,2016,5,9,11,20,19.908
111,2,0,1,2016,5,9,11,27,30.622
112,2,0,1,2016,5,9,11,27,31.141
113,2,0,1,2016,5,9,11,27,31.522
114,2,0,1,2016,5,9,11,27,33.336
115,2,0,1,2016,5,9,11,27,38.372
116,2,0,1,2016,5,9,11,27,41.31
117,2,0,1,2016,5,9,11,27,45.876
118,2,0,1,2016,5,9,11,27,46.085
119,1,0,1,2016,5,9,11,36,12.303
120,1,0,1,2016,5,9,11,36,15.192
121,2,0,1,2016,5,9,11,43,9.571
122,2,0,1,2016,5,9,11,43,17.796
123,2,0,1,2016,5,9,11,43,26.089
124,2,0,1,2016,5,9,12,3,46.898
125,2,0,1,2016,5,9,12,3,48.025
126,2,0,1,2016,5,9,12,3,48.723
127,2,0,1,2016,5,9,12,3,48.861
128,2,0,1,2016,5,9,12,3,49.38
129,2,0,1,2016,5,9,12,3,50.752
130,2,0,1,2016,5,9,12,13,40.091
131,2,0,1,2016,5,9,12,13,44.559
132,2,0,1,2016,5,9,12,20,20.936
133,2,0,1,2016,5,9,12,30,4.806
134,2,0,1,2016,5,9,12,30,6.056
135,1,0,1,2016,5,9,12,37,56.501
136,1,0,1,2016,5,9,12,37,57.214
137,1,0,1,2016,5,9,12,37,57.491
138,2,0,1,2016,5,9,13,0,45.934
139,2,0,1,2016,5,9,13,0,47.185
140,2,0,1,2016,5,9,13,0,48.836
141,2,0,1,2016,5,9,13,5,38.243
142,2,0,1,2016,5,9,13,5,38.873
143,2,0,1,2016,5,9,13,5,40.037
144,2,0,1,2016,5,9,13,5,40.871
145,2,0,1,2016,5,9,13,5,49.776
146,2,0,1,2016,5,9,13,5,50.632
147,2,0,1,2016,5,9,13,5,51.736
148,2,0,1,2016,5,9,13,5,52.62
149,2,0,1,2016,5,9,13,5,53.597
150,2,0,1,2016,5,9,13,6,1.697
151,2,0,1,2016,5,9,13,6,2.491
152,2,0,1,2016,5,9,13,6,3.638
153,2,0,1,2016,5,9,13,6,4.855
154,2,0,1,2016,5,9,13,6,5.577
155,2,0,1,2016,5,9,13,6,7.148
156,2,0,1,2016,5,9,13,6,8.773
157,2,0,1,2016,5,9,13,6,9.827
158,2,0,1,2016,5,9,13,6,10.714
159,2,0,1,2016,5,9,13,6,11.434
160,2,0,1,2016,5,9,13,6,12.971
161,2,0,1,2016,5,9,13,6,16.25
162,2,0,1,2016,5,9,13,6,17.75
163,2,0,1,2016,5,9,13,6,18.096
164,2,0,1,2016,5,9,13,6,21.705
165,2,0,1,2016,5,9,13,6,22.61
166,2,0,1,2016,5,9,13,6,23.832
167,2,0,1,2016,5,9,13,6,27.418
168,2,0,1,2016,5,9,13,6,28.249
169,2,0,1,2016,5,9,13,6,29.701
170,2,0,1,2016,5,9,13,6,30.743
171,2,0,1,2016,5,9,13,6,31.339
172,2,0,1,2016,5,9,13,6,32.09
173,2,0,1,2016,5,9,13,6,34.013
174,2,0,1,2016,5,9,13,6,34.245
175,2,0,1,2016,5,9,13,6,35.726
176,2,0,1,2016,5,9,13,6,37.141
177,2,0,1,2016,5,9,13,6,38.711
178,2,0,1,2016,5,9,13,6,39.631
179,2,0,1,2016,5,9,13,6,45.986
180,2,0,1,2016,5,9,13,6,47.502
181,2,0,1,2016,5,9,13,6,51.138
182,2,0,1,2016,5,9,13,6,52.349
183,2,0,1,2016,5,9,13,6,53.419
184,2,0,1,2016,5,9,13,6,54.169
185,2,0,1,2016,5,9,13,6,58.691
186,2,0,1,2016,5,9,13,7,0.014
187,2,0,1,2016,5,9,13,7,1.268
188,2,0,1,2016,5,9,13,7,2.443
189,2,0,1,2016,5,9,13,7,6.067
190,2,0,1,2016,5,9,13,7,7.873
191,2,0,1,2016,5,9,13,7,8.692
192,2,0,1,2016,5,9,13,7,9.364
193,2,0,1,2016,5,9,13,7,11.4
194,2,0,1,2016,5,9,13,7,16.962
195,2,0,1,2016,5,9,13,7,17.296
196,2,0,1,2016,5,9,13,7,18.111
197,2,0,1,2016,5,9,13,7,30.438
198,2,0,1,2016,5,9,13,7,31.878
199,2,0,1,2016,5,9,13,7,32.696
200,2,0,1,2016,5,9,13,7,39.383
201,2,0,1,2016,5,9,13,7,40.723
202,2,0,1,2016,5,9,13,10,28.665
203,2,0,1,2016,5,9,13,10,29.655
204,1,0,1,2016,5,9,13,22,2.702
205,1,0,1,2016,5,9,13,22,2.738
206,1,0,1,2016,5,9,13,22,5.672
207,1,0,1,2016,5,9,13,22,9.139
208,1,0,1,2016,5,9,13,59,37.522
209,1,0,1,2016,5,9,13,59,38.539
210,1,0,1,2016,5,9,13,59,39.982
211,1,0,1,2016,5,9,13,59,40.871
212,1,0,1,2016,5,9,13,59,43.065
213,1,0,1,2016,5,9,14,30,49.732
214,2,0,1,2016,5,9,15,5,47.028
215,2,0,1,2016,5,9,15,12,41.701
216,2,0,1,2016,5,9,15,12,42.199
217,2,0,1,2016,5,9,15,12,43.613
218,2,0,1,2016,5,9,15,12,44.35
219,2,0,1,2016,5,9,15,13,0.043
220,2,0,1,2016,5,9,15,13,0.934
221,2,0,1,2016,5,9,15,13,2.119
222,2,0,1,2016,5,9,15,13,3.553
223,2,0,1,2016,5,9,15,13,4.212
224,2,0,1,2016,5,9,15,13,5.184
225,2,0,1,2016,5,9,15,13,6.872
226,2,0,1,2016,5,9,15,13,8.037
227,2,0,1,2016,5,9,15,13,9.187
228,2,0,1,2016,5,9,15,13,12.013
229,2,0,1,2016,5,9,15,20,40.98
230,2,0,1,2016,5,9,15,20,43.491
231,2,0,1,2016,5,9,15,20,46.127
232,2,0,1,2016,5,9,15,32,38.84
233,2,0,1,2016,5,9,15,32,40.036
234,2,0,1,2016,5,9,15,32,41.538
235,2,0,1,2016,5,9,15,32,42.828
236,2,0,1,2016,5,9,15,32,44.677
237,2,0,1,2016,5,9,15,32,48.012
238,2,0,1,2016,5,9,15,32,48.429
239,2,0,1,2016,5,9,15,32,50.761
240,2,0,1,2016,5,9,15,32,52.254
241,2,0,1,2016,5,9,15,32,53.107
242,2,0,1,2016,5,9,15,32,54.171
243,2,0,1,2016,5,9,15,32,55.491
244,2,0,1,2016,5,9,15,32,57.549
245,2,0,1,2016,5,9,15,32,58.298
246,2,0,1,2016,5,9,15,32,59.189
247,2,0,1,2016,5,9,15,33,0.21
248,2,0,1,2016,5,9,15,33,1.363
249,2,0,1,2016,5,9,15,33,7.085
250,2,0,1,2016,5,9,15,33,7.925
251,2,0,1,2016,5,9,15,33,10.305
252,2,0,1,2016,5,9,15,33,11.085
253,2,0,1,2016,5,9,15,33,12.668
254,2,0,1,2016,5,9,15,33,13.524
255,2,0,1,2016,5,9,15,33,15.353
256,2,0,1,2016,5,9,15,33,15.851
257,2,0,1,2016,5,9,15,33,16.616
258,2,0,1,2016,5,9,15,33,18.961
259,2,0,1,2016,5,9,15,33,19.746
260,2,0,1,2016,5,9,15,33,20.643
261,2,0,1,2016,5,9,15,33,21.966
262,2,0,1,2016,5,9,15,33,23.032
263,2,0,1,2016,5,9,15,33,30.542
264,2,0,1,2016,5,9,15,33,31.321
265,2,0,1,2016,5,9,15,33,33.115
266,2,0,1,2016,5,9,15,33,34.117
267,2,0,1,2016,5,9,15,33,34.822
268,2,0,1,2016,5,9,15,33,38.322
269,2,0,1,2016,5,9,15,33,39.232
270,2,0,1,2016,5,9,15,33,40.811
271,2,0,1,2016,5,9,15,33,41.647
272,2,0,1,2016,5,9,15,33,43.226
273,2,0,1,2016,5,9,15,33,44.189
274,2,0,1,2016,5,9,15,33,46.234
275,2,0,1,2016,5,9,15,33,46.931
276,2,0,1,2016,5,9,15,33,49.732
277,2,0,1,2016,5,9,15,33,55.345
278,1,0,1,2016,5,9,15,34,42.024
279,1,0,1,2016,5,9,15,34,42.067
280,1,0,1,2016,5,9,15,34,44.331
281,1,0,1,2016,5,9,15,34,46.731
282,1,0,1,2016,5,9,15,34,51.177
283,2,0,1,2016,5,9,15,35,22.582
284,2,0,1,2016,5,9,15,35,24.282
285,2,0,1,2016,5,9,15,35,26.275
286,2,0,1,2016,5,9,15,35,27.883
287,1,0,1,2016,5,9,15,36,20.812
288,1,0,1,2016,5,9,15,36,21.059
289,1,0,1,2016,5,9,15,36,21.453
290,1,0,1,2016,5,9,15,36,23.885
291,1,0,1,2016,5,9,15,36,29.36
292,1,0,1,2016,5,9,15,36,31.347
293,1,0,1,2016,5,9,15,36,32.617
294,1,0,1,2016,5,9,15,36,37.226
295,2,0,1,2016,5,9,15,39,2.272
296,2,0,1,2016,5,9,15,39,4.344
297,2,0,1,2016,5,9,15,39,5.531
298,2,0,1,2016,5,9,15,39,18.111
299,2,0,1,2016,5,9,15,39,19.963
300,2,0,1,2016,5,9,15,39,21.142
301,2,0,1,2016,5,9,15,39,27.04
302,2,0,1,2016,5,9,15,39,28.289
303,2,0,1,2016,5,9,15,39,29.081
304,2,0,1,2016,5,9,15,39,32.808
305,2,0,1,2016,5,9,15,39,34.337
306,2,0,1,2016,5,9,15,39,35.228
307,2,0,1,2016,5,9,15,39,39.294
308,2,0,1,2016,5,9,15,39,40.638
309,2,0,1,2016,5,9,15,39,42.37
310,1,0,1,2016,5,9,15,40,34.85
311,1,0,1,2016,5,9,15,40,35.712
312,1,0,1,2016,5,9,15,40,58.788
313,2,0,1,2016,5,9,15,41,56.853
314,2,0,1,2016,5,9,15,41,58.805
315,1,0,1,2016,5,9,15,46,1.637
316,1,0,1,2016,5,9,15,46,3.464
317,1,0,1,2016,5,9,15,46,12.138
318,1,0,1,2016,5,9,15,46,13.113
319,1,0,1,2016,5,9,15,46,13.522
320,1,0,1,2016,5,9,15,49,43.911
321,1,0,1,2016,5,9,15,49,44.056
322,1,0,1,2016,5,9,15,49,45.134
323,1,0,1,2016,5,9,15,49,45.241
324,1,0,1,2016,5,9,15,49,45.425
325,1,0,1,2016,5,9,15,49,45.954
326,1,0,1,2016,5,9,15,49,51.834
327,1,0,1,2016,5,9,15,49,52.022
328,1,0,1,2016,5,9,15,49,58.007
329,1,0,1,2016,5,9,15,49,58.192
330,1,0,1,2016,5,9,15,50,2.362
331,1,0,1,2016,5,9,15,50,4.102
332,1,0,1,2016,5,9,15,50,7.435
333,1,0,1,2016,5,9,15,50,7.664
334,1,0,1,2016,5,9,15,50,13.132
335,1,0,1,2016,5,9,15,50,13.215
336,1,0,1,2016,5,9,15,50,16.493
337,1,0,1,2016,5,9,15,50,16.562
338,1,0,1,2016,5,9,15,50,19.595
339,1,0,1,2016,5,9,15,50,19.821
340,1,0,1,2016,5,9,15,50,19.918
341,1,0,1,2016,5,9,15,50,21.748
342,1,0,1,2016,5,9,15,50,21.932
343,1,0,1,2016,5,9,15,50,21.984
344,1,0,1,2016,5,9,15,50,26.998
345,1,0,1,2016,5,9,15,50,31.893
346,1,0,1,2016,5,9,15,50,32.282
347,1,0,1,2016,5,9,15,50,34.664
348,1,0,1,2016,5,9,15,50,38.506
349,2,0,1,2016,5,9,15,52,4.951
350,2,0,1,2016,5,9,15,52,9.515
351,2,0,1,2016,5,9,15,52,9.7
352,2,0,1,2016,5,9,15,52,10.565
353,2,0,1,2016,5,9,15,52,12.564
354,2,0,1,2016,5,9,15,52,13.966
355,2,0,1,2016,5,9,15,52,17.386
356,2,0,1,2016,5,9,16,30,23.479
357,2,0,1,2016,5,9,16,30,24.688
358,2,0,1,2016,5,9,16,36,11.377
359,2,0,1,2016,5,9,16,36,13.371
360,2,0,1,2016,5,9,16,36,17.96
361,2,0,1,2016,5,9,16,36,20.311
362,2,0,1,2016,5,9,16,37,6.02
363,2,0,1,2016,5,9,17,12,41.229
364,2,0,1,2016,5,9,17,12,42.05
365,2,0,1,2016,5,9,17,12,42.835
366,2,0,1,2016,5,9,17,12,56.926
367,2,0,1,2016,5,9,17,12,57.969
368,2,0,1,2016,5,9,17,12,58.724
369,2,0,1,2016,5,9,17,44,20.558
370,2,0,1,2016,5,9,17,45,37.535
371,2,0,1,2016,5,9,17,45,37.998
372,2,0,1,2016,5,9,17,45,39.998
373,2,0,1,2016,5,9,17,45,57.954
374,2,0,1,2016,5,9,17,45,58.882
375,1,0,1,2016,5,9,17,59,10.024
376,1,0,1,2016,5,9,17,59,14.683
377,1,0,1,2016,5,9,17,59,15.502
