Var1_ 1,Var1_ 2,Var1_ 3,Var1_ 4,Var1_ 5,Var1_ 6,Var1_ 7,Var1_ 8,Var1_ 9,Var1_10
0,0,0,0,2016,4,29,10,0,40.724
1,2,2,1,2016,4,29,10,2,20.457
2,2,2,1,2016,4,29,10,2,24.631
3,2,2,1,2016,4,29,10,2,29.043
4,2,2,1,2016,4,29,10,2,33.368
5,2,1,1,2016,4,29,10,2,36.93
6,2,2,1,2016,4,29,10,2,40.552
7,2,2,1,2016,4,29,10,2,43.892
8,2,1,1,2016,4,29,10,2,49.138
9,2,2,1,2016,4,29,10,3,5.656
10,2,0,1,2016,4,29,10,3,8.331
11,2,2,1,2016,4,29,10,3,9.028
12,2,2,1,2016,4,29,10,3,12.615
13,2,0,1,2016,4,29,10,3,15.372
14,2,1,1,2016,4,29,10,3,16.476
15,2,2,1,2016,4,29,10,3,20.493
16,2,0,1,2016,4,29,10,3,23.233
17,2,1,1,2016,4,29,10,3,26.485
18,2,2,1,2016,4,29,10,4,59.299
19,2,0,1,2016,4,29,10,5,2.039
20,2,1,1,2016,4,29,10,5,5.161
21,2,2,1,2016,4,29,10,8,59.545
22,2,2,1,2016,4,29,10,9,2.871
23,2,2,1,2016,4,29,10,9,6.42
24,2,2,1,2016,4,29,10,9,10.008
25,2,0,1,2016,4,29,10,9,12.277
26,2,0,1,2016,4,29,10,9,12.662
27,2,2,1,2016,4,29,10,9,14.816
28,2,0,1,2016,4,29,10,9,16.871
29,2,1,1,2016,4,29,10,9,18.587
30,2,2,1,2016,4,29,10,14,12.35
31,2,2,1,2016,4,29,10,14,23.055
32,2,0,1,2016,4,29,10,14,25.543
33,2,1,1,2016,4,29,10,14,27.973
34,2,1,1,2016,4,29,10,14,31.211
35,2,0,1,2016,4,29,10,14,33.457
36,2,0,1,2016,4,29,10,14,33.829
37,2,1,1,2016,4,29,10,14,36.084
38,2,1,1,2016,4,29,10,14,39.895
39,2,2,1,2016,4,29,10,14,45.306
40,2,0,1,2016,4,29,10,14,48.22
41,2,2,1,2016,4,29,10,14,49.229
42,2,1,1,2016,4,29,10,14,52.497
43,2,0,1,2016,4,29,10,14,55.056
44,2,2,1,2016,4,29,10,14,56.421
45,2,0,1,2016,4,29,10,14,57.284
46,2,1,1,2016,4,29,10,15,30.965
47,2,2,1,2016,4,29,10,15,36.147
48,2,2,1,2016,4,29,10,15,39.248
49,2,2,1,2016,4,29,10,15,42.743
50,2,1,1,2016,4,29,10,15,46.027
51,2,2,1,2016,4,29,10,15,49.929
52,2,1,1,2016,4,29,10,15,53.96
53,2,1,1,2016,4,29,10,15,58.694
54,2,0,1,2016,4,29,10,15,59.827
55,2,2,1,2016,4,29,10,16,14.968
56,2,0,1,2016,4,29,10,16,17.952
57,2,2,1,2016,4,29,10,16,25.923
58,2,1,1,2016,4,29,10,16,29.924
59,2,2,1,2016,4,29,10,16,33.704
60,2,1,1,2016,4,29,10,16,38.647
61,2,2,1,2016,4,29,10,16,42.486
62,2,1,1,2016,4,29,10,21,49.783
63,2,1,1,2016,4,29,10,21,57.195
64,2,2,1,2016,4,29,10,22,0.507
65,2,1,1,2016,4,29,10,22,4.696
66,2,0,1,2016,4,29,10,22,7.172
67,2,1,1,2016,4,29,10,22,9.538
68,2,1,1,2016,4,29,10,22,15.426
69,2,0,1,2016,4,29,10,22,18.168
70,2,1,1,2016,4,29,10,22,22.127
71,2,0,1,2016,4,29,10,22,22.299
72,2,1,1,2016,4,29,10,22,25.374
73,2,0,1,2016,4,29,10,22,28.198
74,2,1,1,2016,4,29,10,22,29.466
75,2,1,1,2016,4,29,10,22,32.507
76,2,1,1,2016,4,29,10,22,44.995
77,2,0,1,2016,4,29,10,22,46.01
78,2,0,1,2016,4,29,10,22,46.521
79,2,0,1,2016,4,29,10,22,47.793
80,2,1,1,2016,4,29,10,22,50.292
81,2,1,1,2016,4,29,10,22,53.392
82,2,1,1,2016,4,29,10,22,57.816
83,2,0,1,2016,4,29,10,23,0.029
84,2,0,1,2016,4,29,10,23,0.975
85,2,0,1,2016,4,29,10,23,2.141
86,2,0,1,2016,4,29,10,23,7.309
87,2,0,1,2016,4,29,10,23,9.054
88,2,0,1,2016,4,29,10,23,9.988
89,2,0,1,2016,4,29,10,25,9.621
90,2,0,1,2016,4,29,10,25,18.121
91,2,0,1,2016,4,29,10,25,18.182
92,2,0,1,2016,4,29,10,25,19.557
93,2,0,1,2016,4,29,10,25,21.763
94,2,0,1,2016,4,29,10,25,41.916
95,2,0,1,2016,4,29,10,25,55.845
96,2,0,1,2016,4,29,10,26,16.368
97,2,0,1,2016,4,29,10,26,17.642
98,2,0,1,2016,4,29,10,26,21.073
99,2,0,1,2016,4,29,10,26,23.804
100,2,0,1,2016,4,29,10,26,31.148
101,2,0,1,2016,4,29,10,26,34.618
102,2,0,1,2016,4,29,10,26,39.693
103,2,0,1,2016,4,29,10,26,42.541
104,2,0,1,2016,4,29,10,26,47.46
105,2,0,1,2016,4,29,10,44,16.781
106,2,0,1,2016,4,29,10,45,42.201
107,2,0,1,2016,4,29,10,45,48.284
108,2,0,1,2016,4,29,10,45,59.65
109,2,0,1,2016,4,29,10,59,12.032
110,2,0,1,2016,4,29,10,59,14.004
111,2,0,1,2016,4,29,10,59,27.158
112,2,0,1,2016,4,29,10,59,39.326
113,2,0,1,2016,4,29,10,59,40.316
114,2,0,1,2016,4,29,10,59,59.458
115,2,0,1,2016,4,29,11,0,16.387
116,2,0,1,2016,4,29,11,0,37.74
117,2,0,1,2016,4,29,11,0,38.635
118,2,0,1,2016,4,29,11,0,43.947
119,2,0,1,2016,4,29,11,0,57.495
120,2,0,1,2016,4,29,11,0,59.838
121,2,0,1,2016,4,29,11,1,0.126
122,2,0,1,2016,4,29,11,1,2.884
123,2,0,1,2016,4,29,11,1,16.342
124,2,0,1,2016,4,29,11,1,18.253
125,2,0,1,2016,4,29,11,1,19.503
126,2,0,1,2016,4,29,11,1,30.911
127,2,0,1,2016,4,29,11,1,32.003
128,2,0,1,2016,4,29,11,1,32.2
129,2,0,1,2016,4,29,11,11,10.962
130,2,0,1,2016,4,29,11,11,58.228
131,1,0,1,2016,4,29,11,14,36.443
132,1,0,1,2016,4,29,11,14,36.471
133,1,0,1,2016,4,29,11,14,37.798
134,2,0,1,2016,4,29,11,24,35.499
135,2,0,1,2016,4,29,11,24,35.715
136,2,0,1,2016,4,29,11,24,36.851
137,2,0,1,2016,4,29,11,24,37.81
138,1,0,1,2016,4,29,11,25,21.017
139,1,0,1,2016,4,29,11,25,21.795
140,1,0,1,2016,4,29,11,25,21.843
141,1,0,1,2016,4,29,11,25,22.807
142,1,0,1,2016,4,29,11,25,25.81
143,2,0,1,2016,4,29,11,36,5.498
144,2,0,1,2016,4,29,11,36,7.292
145,2,0,1,2016,4,29,11,36,11.745
146,2,0,1,2016,4,29,11,36,11.83
147,2,0,1,2016,4,29,11,36,13.952
148,2,0,1,2016,4,29,11,36,14.893
149,2,0,1,2016,4,29,11,36,32.849
150,2,0,1,2016,4,29,11,36,34.387
151,2,0,1,2016,4,29,11,39,37.917
152,2,0,1,2016,4,29,11,39,38.827
153,2,0,1,2016,4,29,11,40,26.548
154,2,0,1,2016,4,29,11,40,40.048
155,2,0,1,2016,4,29,11,40,44.529
156,2,0,1,2016,4,29,11,42,44.196
157,2,0,1,2016,4,29,11,42,50.887
158,2,0,1,2016,4,29,11,55,35.615
159,2,0,1,2016,4,29,11,55,38.017
160,1,0,1,2016,4,29,11,55,48.498
161,1,0,1,2016,4,29,11,55,52.676
162,1,0,1,2016,4,29,11,56,55.149
163,1,0,1,2016,4,29,11,56,56.83
164,1,0,1,2016,4,29,11,56,57.969
165,2,0,1,2016,4,29,11,57,38.317
166,2,0,1,2016,4,29,11,58,25.1
167,2,0,1,2016,4,29,12,0,34.383
168,2,0,1,2016,4,29,12,17,9.755
169,2,0,1,2016,4,29,12,17,17.455
170,2,0,1,2016,4,29,12,17,22.281
171,2,0,1,2016,4,29,12,18,7.945
172,2,0,1,2016,4,29,12,18,14.605
173,2,0,1,2016,4,29,12,18,14.648
174,2,0,1,2016,4,29,12,18,14.689
175,2,0,1,2016,4,29,12,18,14.747
176,2,0,1,2016,4,29,12,18,17.928
177,2,0,1,2016,4,29,12,44,48.575
178,2,0,1,2016,4,29,12,46,33.347
179,2,0,1,2016,4,29,12,48,11.984
180,2,0,1,2016,4,29,12,48,12.086
181,2,0,1,2016,4,29,12,48,12.534
182,2,0,1,2016,4,29,12,48,13.503
183,2,0,1,2016,4,29,12,48,14.588
184,2,0,1,2016,4,29,12,48,15.865
185,2,0,1,2016,4,29,12,48,16.414
186,2,0,1,2016,4,29,12,48,17.921
187,2,0,1,2016,4,29,12,48,18.904
188,2,0,1,2016,4,29,12,48,20.036
189,2,0,1,2016,4,29,12,48,20.804
190,2,0,1,2016,4,29,12,48,21.585
191,2,0,1,2016,4,29,12,48,23.353
192,2,0,1,2016,4,29,12,48,24.034
193,2,0,1,2016,4,29,12,48,25.086
194,2,0,1,2016,4,29,12,48,26.364
195,2,0,1,2016,4,29,12,48,27.402
196,2,0,1,2016,4,29,12,48,28.307
197,2,0,1,2016,4,29,12,48,29.321
198,2,0,1,2016,4,29,12,48,30.375
199,2,0,1,2016,4,29,12,48,34.456
200,2,0,1,2016,4,29,12,48,35.515
201,2,0,1,2016,4,29,12,48,36.42
202,2,0,1,2016,4,29,12,48,37.877
203,2,0,1,2016,4,29,12,48,38.718
204,2,0,1,2016,4,29,12,48,39.736
205,2,0,1,2016,4,29,12,48,41.164
206,2,0,1,2016,4,29,12,48,41.776
207,2,0,1,2016,4,29,12,48,42.474
208,2,0,1,2016,4,29,12,48,43.769
209,2,0,1,2016,4,29,12,48,44.321
210,2,0,1,2016,4,29,12,48,45.449
211,2,0,1,2016,4,29,12,48,46.394
212,2,0,1,2016,4,29,12,48,47.567
213,2,0,1,2016,4,29,12,48,48.626
214,2,0,1,2016,4,29,12,48,50.799
215,2,0,1,2016,4,29,12,48,51.987
216,2,0,1,2016,4,29,12,48,53.539
217,2,0,1,2016,4,29,12,48,53.735
218,2,0,1,2016,4,29,12,48,54.55
219,2,0,1,2016,4,29,12,48,59.726
220,2,0,1,2016,4,29,12,49,0.705
221,2,0,1,2016,4,29,12,49,1.364
222,1,0,1,2016,4,29,12,49,45.968
223,1,0,1,2016,4,29,12,49,46.014
224,1,0,1,2016,4,29,12,49,46.064
225,1,0,1,2016,4,29,12,49,46.945
226,1,0,1,2016,4,29,12,49,47.226
227,1,0,1,2016,4,29,12,49,48.148
228,1,0,1,2016,4,29,12,50,17.065
229,1,0,1,2016,4,29,12,50,17.254
230,1,0,1,2016,4,29,12,50,17.363
231,1,0,1,2016,4,29,12,50,18.799
232,1,0,1,2016,4,29,12,50,19.727
233,2,0,1,2016,4,29,13,13,47.605
234,2,0,1,2016,4,29,13,13,48.78
235,1,0,1,2016,4,29,13,15,18.785
236,1,0,1,2016,4,29,13,15,18.946
237,1,0,1,2016,4,29,13,15,20.722
238,1,0,1,2016,4,29,13,15,23.363
239,1,0,1,2016,4,29,13,15,23.463
240,2,0,1,2016,4,29,13,15,33.345
241,2,0,1,2016,4,29,13,15,38.603
242,2,0,1,2016,4,29,13,15,39.918
243,2,0,1,2016,4,29,13,15,49.621
244,2,0,1,2016,4,29,13,15,52.128
245,2,0,1,2016,4,29,13,15,53.14
246,2,0,1,2016,4,29,13,15,54.522
247,2,0,1,2016,4,29,13,15,57.906
248,2,0,1,2016,4,29,13,15,58.981
249,2,0,1,2016,4,29,13,16,0.718
250,2,0,1,2016,4,29,13,16,17.949
251,2,0,1,2016,4,29,13,16,34.648
252,2,0,1,2016,4,29,13,16,35.371
253,1,0,1,2016,4,29,13,16,53.113
254,2,0,1,2016,4,29,13,23,25.264
255,2,0,1,2016,4,29,13,23,44.639
256,2,0,1,2016,4,29,13,23,45.088
257,2,0,1,2016,4,29,13,23,46.096
258,2,0,1,2016,4,29,13,23,47.176
259,2,0,1,2016,4,29,13,23,48.017
260,2,0,1,2016,4,29,13,23,48.746
261,2,0,1,2016,4,29,13,23,49.462
262,2,0,1,2016,4,29,13,23,50.357
263,2,0,1,2016,4,29,13,23,51.277
264,2,0,1,2016,4,29,13,23,52.397
265,2,0,1,2016,4,29,13,23,53.719
266,2,0,1,2016,4,29,13,23,54.86
267,2,0,1,2016,4,29,13,23,55.313
268,2,0,1,2016,4,29,13,23,56.639
269,2,0,1,2016,4,29,13,23,57.976
270,2,0,1,2016,4,29,13,24,4.285
271,2,0,1,2016,4,29,13,24,5.095
272,2,0,1,2016,4,29,13,24,6.152
273,2,0,1,2016,4,29,13,24,7.047
274,2,0,1,2016,4,29,13,24,8.012
275,2,0,1,2016,4,29,13,24,9.104
276,2,0,1,2016,4,29,13,24,9.972
277,2,0,1,2016,4,29,13,24,11.045
278,2,0,1,2016,4,29,13,24,16.457
279,2,0,1,2016,4,29,13,24,17.508
280,2,0,1,2016,4,29,13,24,18.418
281,2,0,1,2016,4,29,13,24,19.349
282,2,0,1,2016,4,29,13,24,19.995
283,2,0,1,2016,4,29,13,24,21.182
284,2,0,1,2016,4,29,13,24,22.136
285,2,0,1,2016,4,29,13,24,22.801
286,2,0,1,2016,4,29,13,24,24.842
287,2,0,1,2016,4,29,13,24,26.072
288,2,0,1,2016,4,29,13,24,27.461
289,2,0,1,2016,4,29,13,24,28.309
290,2,0,1,2016,4,29,13,24,39.085
291,2,0,1,2016,4,29,13,24,39.901
292,2,0,1,2016,4,29,13,24,44.394
293,2,0,1,2016,4,29,13,24,45.818
294,2,0,1,2016,4,29,13,24,46.54
295,2,0,1,2016,4,29,13,24,47.699
296,2,0,1,2016,4,29,13,24,48.995
297,2,0,1,2016,4,29,13,24,50.654
298,2,0,1,2016,4,29,13,24,51.46
299,2,0,1,2016,4,29,13,24,52.455
300,2,0,1,2016,4,29,13,24,53.952
301,2,0,1,2016,4,29,13,24,54.7
302,2,0,1,2016,4,29,13,24,55.811
303,2,0,1,2016,4,29,13,24,56.784
304,2,0,1,2016,4,29,13,24,57.782
305,2,0,1,2016,4,29,13,24,58.403
306,2,0,1,2016,4,29,13,25,16.113
307,2,0,1,2016,4,29,13,35,36.939
308,2,0,1,2016,4,29,13,35,37.48
309,2,0,1,2016,4,29,13,35,39.728
310,2,0,1,2016,4,29,13,35,41.909
311,1,0,1,2016,4,29,14,21,32.708
312,2,0,1,2016,4,29,14,33,55.668
313,2,0,1,2016,4,29,14,33,56.188
314,2,0,1,2016,4,29,14,33,57.207
315,2,0,1,2016,4,29,14,33,58.094
316,2,0,1,2016,4,29,14,33,58.417
317,2,0,1,2016,4,29,14,33,58.826
318,2,0,1,2016,4,29,14,33,59.893
319,2,0,1,2016,4,29,14,34,8.525
320,2,0,1,2016,4,29,14,34,9.433
321,2,0,1,2016,4,29,14,34,10.212
322,2,0,1,2016,4,29,14,34,11.034
323,2,0,1,2016,4,29,14,34,12.267
324,2,0,1,2016,4,29,14,34,13.413
325,2,0,1,2016,4,29,14,34,14.274
326,2,0,1,2016,4,29,14,34,15.151
327,2,0,1,2016,4,29,14,34,16.08
328,2,0,1,2016,4,29,14,34,21.514
329,2,0,1,2016,4,29,14,34,22.112
330,2,0,1,2016,4,29,14,34,23.246
331,2,0,1,2016,4,29,14,34,24.316
332,2,0,1,2016,4,29,14,34,27.033
333,2,0,1,2016,4,29,14,34,28.405
334,2,0,1,2016,4,29,14,34,29.291
335,2,0,1,2016,4,29,14,38,33.382
336,2,0,1,2016,4,29,14,38,34.09
337,2,0,1,2016,4,29,14,38,34.865
338,2,0,1,2016,4,29,14,38,35.426
339,2,0,1,2016,4,29,14,38,36.196
340,2,0,1,2016,4,29,14,38,36.915
341,2,0,1,2016,4,29,14,38,37.774
342,2,0,1,2016,4,29,14,38,39.935
343,2,0,1,2016,4,29,14,38,40.6
344,2,0,1,2016,4,29,14,38,40.889
345,2,0,1,2016,4,29,14,38,41.359
346,2,0,1,2016,4,29,14,38,42.124
347,2,0,1,2016,4,29,14,38,44.335
348,2,0,1,2016,4,29,14,39,1.394
349,2,0,1,2016,4,29,14,39,2.226
350,2,0,1,2016,4,29,14,39,2.965
351,2,0,1,2016,4,29,14,39,3.522
352,2,0,1,2016,4,29,14,39,4.281
353,2,0,1,2016,4,29,14,39,5.517
354,2,0,1,2016,4,29,14,39,6.807
355,2,0,1,2016,4,29,14,39,7.37
356,2,0,1,2016,4,29,14,39,8.27
357,2,0,1,2016,4,29,14,39,8.913
358,2,0,1,2016,4,29,14,39,9.823
359,2,0,1,2016,4,29,14,39,10.951
360,2,0,1,2016,4,29,14,39,11.823
361,2,0,1,2016,4,29,14,39,12.686
362,2,0,1,2016,4,29,14,39,13.524
363,2,0,1,2016,4,29,14,39,18.534
364,2,0,1,2016,4,29,14,39,19.245
365,2,0,1,2016,4,29,14,39,20.404
366,2,0,1,2016,4,29,15,6,4.733
367,2,0,1,2016,4,29,15,6,8.119
368,2,0,1,2016,4,29,15,6,8.825
369,2,0,1,2016,4,29,15,6,9.509
370,2,0,1,2016,4,29,15,6,10.44
371,2,0,1,2016,4,29,15,6,11.741
372,2,0,1,2016,4,29,15,6,13.085
373,2,0,1,2016,4,29,15,6,14.122
374,2,0,1,2016,4,29,15,6,16.037
375,2,0,1,2016,4,29,15,6,26.843
376,2,0,1,2016,4,29,15,6,27.867
377,2,0,1,2016,4,29,15,6,29.018
378,2,0,1,2016,4,29,15,6,29.453
379,2,0,1,2016,4,29,15,6,29.945
380,2,0,1,2016,4,29,15,6,30.991
381,2,0,1,2016,4,29,15,6,31.918
382,2,0,1,2016,4,29,15,6,33.416
383,2,0,1,2016,4,29,15,6,37.021
384,2,0,1,2016,4,29,15,6,37.757
385,2,0,1,2016,4,29,15,6,39.386
386,2,0,1,2016,4,29,15,6,40.318
387,2,0,1,2016,4,29,15,6,41.556
388,2,0,1,2016,4,29,15,6,42.404
389,2,0,1,2016,4,29,15,6,43.212
390,2,0,1,2016,4,29,15,6,44.15
391,2,0,1,2016,4,29,15,6,44.904
392,2,0,1,2016,4,29,15,6,55.712
393,2,0,1,2016,4,29,15,6,56.363
394,2,0,1,2016,4,29,15,6,57.299
395,2,0,1,2016,4,29,15,6,58.171
396,1,0,1,2016,4,29,15,22,28.977
397,1,0,1,2016,4,29,15,22,30.057
398,1,0,1,2016,4,29,15,22,33.579
399,1,0,1,2016,4,29,15,46,26.584
400,2,0,1,2016,4,29,16,57,13.903
401,2,0,1,2016,4,29,16,57,14.682
402,2,0,1,2016,4,29,16,57,15.599
403,2,0,1,2016,4,29,16,57,16.802
404,2,0,1,2016,4,29,16,57,17.719
405,2,0,1,2016,4,29,16,57,18.893
406,2,0,1,2016,4,29,16,57,19.662
407,2,0,1,2016,4,29,16,57,22.603
408,2,0,1,2016,4,29,16,57,24.32
409,2,0,1,2016,4,29,16,57,25.343
410,2,0,1,2016,4,29,16,57,26.474
411,2,0,1,2016,4,29,16,57,27.461
412,1,0,1,2016,4,29,16,57,44.488
413,1,0,1,2016,4,29,16,58,41.886
414,1,0,1,2016,4,29,16,58,41.969
415,1,0,1,2016,4,29,16,58,42.858
416,1,0,1,2016,4,29,16,58,45.276
417,1,0,1,2016,4,29,16,58,45.326
418,1,0,1,2016,4,29,16,58,46.793
419,1,0,1,2016,4,29,17,0,1.546
420,1,0,1,2016,4,29,17,0,3.265
421,1,0,1,2016,4,29,17,0,4.042
422,1,0,1,2016,4,29,17,0,5.843
423,1,0,1,2016,4,29,17,0,12.264
424,1,0,1,2016,4,29,17,0,13.116
425,1,0,1,2016,4,29,17,0,15.147
426,1,0,1,2016,4,29,17,0,17.821
427,1,0,1,2016,4,29,17,0,20.603
428,1,0,1,2016,4,29,17,0,21.829
429,1,0,1,2016,4,29,17,0,49.321
430,1,0,1,2016,4,29,17,0,50.338
431,1,0,1,2016,4,29,17,0,51.448
432,1,0,1,2016,4,29,17,0,52.576
433,2,0,1,2016,4,29,17,0,57.622
434,1,0,1,2016,4,29,17,3,11.96
435,1,0,1,2016,4,29,17,3,13.958
436,1,0,1,2016,4,29,17,3,15.303
437,1,0,1,2016,4,29,17,3,17.774
438,1,0,1,2016,4,29,17,3,17.949
439,1,0,1,2016,4,29,17,4,19.988
440,1,0,1,2016,4,29,17,4,21.258
441,1,0,1,2016,4,29,17,4,23.061
442,1,0,1,2016,4,29,17,4,23.389
443,1,0,1,2016,4,29,17,4,23.871
444,1,0,1,2016,4,29,17,4,25.702
445,1,0,1,2016,4,29,17,4,27.647
446,1,0,1,2016,4,29,17,4,32.179
447,1,0,1,2016,4,29,17,4,33.382
448,1,0,1,2016,4,29,17,4,35.923
449,1,0,1,2016,4,29,17,4,38.492
450,1,0,1,2016,4,29,17,4,39.6
451,1,0,1,2016,4,29,17,4,39.691
452,1,0,1,2016,4,29,17,5,6.82
453,1,0,1,2016,4,29,17,5,7.424
454,1,0,1,2016,4,29,17,6,11.761
455,2,0,1,2016,4,29,17,7,52.066
456,2,0,1,2016,4,29,17,7,52.206
457,2,0,1,2016,4,29,17,7,52.989
458,2,0,1,2016,4,29,17,7,53.885
459,2,0,1,2016,4,29,17,7,54.491
460,2,0,1,2016,4,29,17,7,55.761
461,2,0,1,2016,4,29,17,7,56.653
462,2,0,1,2016,4,29,17,8,5.392
463,2,0,1,2016,4,29,17,8,6.188
464,2,0,1,2016,4,29,17,8,7.197
465,2,0,1,2016,4,29,17,8,17.036
466,2,0,1,2016,4,29,17,8,19.378
467,2,0,1,2016,4,29,17,8,20.48
468,2,0,1,2016,4,29,17,8,21.233
469,2,0,1,2016,4,29,17,8,23.121
470,2,0,1,2016,4,29,17,8,24.282
471,2,0,1,2016,4,29,17,8,25.385
472,2,0,1,2016,4,29,17,8,26.081
473,2,0,1,2016,4,29,17,8,28.203
474,2,0,1,2016,4,29,17,8,28.686
475,2,0,1,2016,4,29,17,8,29.725
476,2,0,1,2016,4,29,17,8,33.166
477,2,0,1,2016,4,29,17,8,34.017
478,2,0,1,2016,4,29,17,8,36.511
479,2,0,1,2016,4,29,17,8,36.827
480,2,0,1,2016,4,29,17,8,37.666
481,2,0,1,2016,4,29,17,8,39.262
482,2,0,1,2016,4,29,17,8,41.013
483,2,0,1,2016,4,29,17,8,42.803
484,2,0,1,2016,4,29,17,8,45.856
485,2,0,1,2016,4,29,17,8,46.77
486,2,0,1,2016,4,29,17,8,49.755
487,2,0,1,2016,4,29,17,8,50.85
488,2,0,1,2016,4,29,17,8,51.997
489,2,0,1,2016,4,29,17,8,52.853
490,2,0,1,2016,4,29,17,8,54.233
491,2,0,1,2016,4,29,17,8,55.04
492,2,0,1,2016,4,29,17,8,55.884
493,2,0,1,2016,4,29,17,8,56.643
494,2,0,1,2016,4,29,17,8,57.605
495,2,0,1,2016,4,29,17,8,58.754
496,2,0,1,2016,4,29,17,9,3.364
497,2,0,1,2016,4,29,17,9,4.545
498,2,0,1,2016,4,29,17,9,5.68
499,2,0,1,2016,4,29,17,9,6.483
500,2,0,1,2016,4,29,17,9,6.804
501,2,0,1,2016,4,29,17,9,7.465
502,2,0,1,2016,4,29,17,9,8.586
503,2,0,1,2016,4,29,17,9,9.55
504,2,0,1,2016,4,29,17,9,10.889
505,2,0,1,2016,4,29,17,9,11.613
506,2,0,1,2016,4,29,17,9,12.595
507,2,0,1,2016,4,29,17,10,5.047
508,2,0,1,2016,4,29,17,10,5.79
509,2,0,1,2016,4,29,17,10,29.949
510,1,0,1,2016,4,29,17,10,55.147
511,1,0,1,2016,4,29,17,10,56.044
512,1,0,1,2016,4,29,17,10,56.228
513,1,0,1,2016,4,29,17,10,57.35
514,1,0,1,2016,4,29,17,10,59.62
515,1,0,1,2016,4,29,17,11,1.517
516,1,0,1,2016,4,29,17,11,3.293
517,1,0,1,2016,4,29,17,11,5.354
518,1,0,1,2016,4,29,17,11,6.824
519,1,0,1,2016,4,29,17,11,7.889
520,1,0,1,2016,4,29,17,11,9.62
521,1,0,1,2016,4,29,17,11,13.621
522,1,0,1,2016,4,29,17,11,15.28
523,1,0,1,2016,4,29,17,13,4.883
524,1,0,1,2016,4,29,17,13,5.553
525,1,0,1,2016,4,29,17,16,26.725
526,1,0,1,2016,4,29,17,16,27.121
527,1,0,1,2016,4,29,17,17,10.475
528,1,0,1,2016,4,29,17,17,42.747
529,1,0,1,2016,4,29,17,19,33.015
530,1,0,1,2016,4,29,17,19,34.217
531,1,0,1,2016,4,29,17,19,34.923
532,1,0,1,2016,4,29,17,19,50.314
533,1,0,1,2016,4,29,17,57,24.448
534,1,0,1,2016,4,29,17,57,27.018
535,1,0,1,2016,4,29,17,57,31.934
536,1,0,1,2016,4,29,17,57,33.474
537,1,0,1,2016,4,29,17,57,34.442
538,1,0,1,2016,4,29,17,57,34.536
539,1,0,1,2016,4,29,17,57,36.214
540,1,0,1,2016,4,29,17,57,40.407
541,1,0,1,2016,4,29,17,57,42.597
542,1,0,1,2016,4,29,17,58,3.048
543,1,0,1,2016,4,29,17,58,4.319
544,1,0,1,2016,4,29,17,58,8.461
545,1,0,1,2016,4,29,17,58,10.052
546,1,0,1,2016,4,29,17,58,10.583
547,1,0,1,2016,4,29,17,58,12.389
548,1,0,1,2016,4,29,17,58,14.507
549,1,0,1,2016,4,29,17,58,14.797
550,1,0,1,2016,4,29,17,58,18.124
551,1,0,1,2016,4,29,17,58,39.43
552,1,0,1,2016,4,29,17,58,43.987
553,2,0,1,2016,4,29,17,59,47.99
554,2,0,1,2016,4,29,17,59,48.849
555,2,0,1,2016,4,29,17,59,49.945
556,2,0,1,2016,4,29,17,59,51.366
557,2,0,1,2016,4,29,17,59,55.822
558,2,0,1,2016,4,29,17,59,57.048
559,2,0,1,2016,4,29,17,59,57.897
560,2,0,1,2016,4,29,17,59,58.584
561,2,0,1,2016,4,29,17,59,59.664
562,2,0,1,2016,4,29,18,0,0.462
