Var1_ 1,Var1_ 2,Var1_ 3,Var1_ 4,Var1_ 5,Var1_ 6,Var1_ 7,Var1_ 8,Var1_ 9,Var1_10
0,0,0,0,2016,5,2,10,0,51.16
1,2,2,1,2016,5,2,10,3,30.152
2,2,2,1,2016,5,2,10,3,39.771
3,2,2,1,2016,5,2,10,3,42.967
4,2,2,1,2016,5,2,10,3,46.283
5,2,1,1,2016,5,2,10,3,49.418
6,2,2,1,2016,5,2,10,3,55.631
7,2,0,1,2016,5,2,10,3,55.941
8,2,2,1,2016,5,2,10,3,58.804
9,2,1,1,2016,5,2,10,4,3.008
10,2,2,1,2016,5,2,10,4,6.492
11,2,2,1,2016,5,2,10,4,9.913
12,2,2,1,2016,5,2,10,4,14.535
13,2,1,1,2016,5,2,10,4,21.053
14,2,2,1,2016,5,2,10,4,24.317
15,2,1,1,2016,5,2,10,4,27.952
16,2,0,1,2016,5,2,10,4,28.601
17,2,2,1,2016,5,2,10,4,32.283
18,2,1,1,2016,5,2,10,4,35.666
19,2,2,1,2016,5,2,10,4,43.405
20,2,2,1,2016,5,2,10,4,46.493
21,2,0,1,2016,5,2,10,4,47.188
22,2,2,1,2016,5,2,10,4,52.086
23,2,2,1,2016,5,2,10,4,55.189
24,2,0,1,2016,5,2,10,4,58.127
25,2,2,1,2016,5,2,10,20,32.51
26,2,1,1,2016,5,2,10,20,37.553
27,2,2,1,2016,5,2,10,20,46.112
28,2,0,1,2016,5,2,10,20,46.16
29,2,2,1,2016,5,2,10,20,54.525
30,2,1,1,2016,5,2,10,20,58.734
31,2,1,1,2016,5,2,10,21,5.359
32,2,1,1,2016,5,2,10,21,9.247
33,2,1,1,2016,5,2,10,21,12.781
34,2,2,1,2016,5,2,10,21,30.492
35,2,2,1,2016,5,2,10,21,34.575
36,2,1,1,2016,5,2,10,21,39.537
37,2,2,1,2016,5,2,10,21,53.363
38,2,1,1,2016,5,2,10,22,5.427
39,2,0,1,2016,5,2,10,22,6.29
40,2,0,1,2016,5,2,10,22,7.738
41,2,2,1,2016,5,2,10,22,9.715
42,2,2,1,2016,5,2,10,22,15.095
43,2,2,1,2016,5,2,10,28,56.745
44,2,1,1,2016,5,2,10,29,2.882
45,2,2,1,2016,5,2,10,29,6.139
46,2,0,1,2016,5,2,10,29,9.061
47,2,1,1,2016,5,2,10,29,9.932
48,2,1,1,2016,5,2,10,29,13.943
49,2,0,1,2016,5,2,10,29,16.737
50,2,2,1,2016,5,2,10,29,18.812
51,2,2,1,2016,5,2,10,29,23.32
52,2,0,1,2016,5,2,10,29,24.431
53,2,1,1,2016,5,2,10,29,30.941
54,2,2,1,2016,5,2,10,29,45.536
55,2,0,1,2016,5,2,10,29,46.529
56,2,0,1,2016,5,2,10,29,47.918
57,2,1,1,2016,5,2,10,29,49.758
58,2,2,1,2016,5,2,10,29,54.322
59,2,1,1,2016,5,2,10,29,58.239
60,2,1,1,2016,5,2,10,30,2.135
61,2,0,1,2016,5,2,10,30,2.695
62,2,2,1,2016,5,2,10,30,12.069
63,2,1,1,2016,5,2,10,30,23.766
64,2,1,1,2016,5,2,10,30,27.765
65,2,1,1,2016,5,2,10,30,32.387
66,2,0,1,2016,5,2,10,30,33.51
67,2,1,1,2016,5,2,10,30,35.659
68,2,1,1,2016,5,2,10,30,42.852
69,2,1,1,2016,5,2,10,30,45.978
70,2,1,1,2016,5,2,10,30,51.466
71,2,1,1,2016,5,2,10,43,31.978
72,2,1,1,2016,5,2,10,43,37.81
73,2,1,1,2016,5,2,10,43,42.78
74,2,1,1,2016,5,2,10,43,53.943
75,2,0,1,2016,5,2,10,43,58.855
76,2,0,1,2016,5,2,10,44,2.477
77,2,0,1,2016,5,2,10,44,11.251
78,2,0,1,2016,5,2,10,46,44.269
79,2,0,1,2016,5,2,10,46,46.438
80,2,0,1,2016,5,2,10,46,51.186
81,2,0,1,2016,5,2,10,46,53.132
82,2,0,1,2016,5,2,10,46,54.599
83,2,0,1,2016,5,2,10,46,56.672
84,2,0,1,2016,5,2,10,46,57.372
85,2,0,1,2016,5,2,10,46,57.592
86,2,0,1,2016,5,2,10,46,57.871
87,2,0,1,2016,5,2,10,46,57.977
88,2,0,1,2016,5,2,10,46,58.125
89,2,0,1,2016,5,2,10,46,58.901
90,2,0,1,2016,5,2,10,46,58.996
91,2,0,1,2016,5,2,10,47,0.908
92,2,0,1,2016,5,2,10,47,2.328
93,2,0,1,2016,5,2,10,47,3.998
94,2,0,1,2016,5,2,10,47,4.183
95,2,0,1,2016,5,2,10,56,15.635
96,2,0,1,2016,5,2,10,56,16.592
97,2,0,1,2016,5,2,10,56,18.065
98,2,0,1,2016,5,2,10,56,19.19
99,2,0,1,2016,5,2,10,56,20.198
100,2,0,1,2016,5,2,10,56,20.727
101,2,0,1,2016,5,2,10,56,22.19
102,2,0,1,2016,5,2,10,56,31.759
103,2,0,1,2016,5,2,11,25,39.387
104,2,0,1,2016,5,2,11,25,40.97
105,2,0,1,2016,5,2,11,25,41.881
106,2,0,1,2016,5,2,11,25,43.448
107,2,0,1,2016,5,2,11,41,33.908
108,2,0,1,2016,5,2,11,41,34.662
109,2,0,1,2016,5,2,11,41,35.372
110,2,0,1,2016,5,2,11,41,36.391
111,2,0,1,2016,5,2,11,41,36.429
112,2,0,1,2016,5,2,11,41,36.714
113,2,0,1,2016,5,2,11,41,36.947
114,2,0,1,2016,5,2,11,41,38.268
115,2,0,1,2016,5,2,11,56,43.259
116,2,0,1,2016,5,2,11,56,45.668
117,2,0,1,2016,5,2,11,56,47.027
118,2,0,1,2016,5,2,11,56,47.149
119,2,0,1,2016,5,2,11,56,47.822
120,2,0,1,2016,5,2,11,56,48.278
121,2,0,1,2016,5,2,11,57,22.428
122,2,0,1,2016,5,2,11,57,22.517
123,2,0,1,2016,5,2,12,1,55.101
124,2,0,1,2016,5,2,12,3,19.833
125,2,0,1,2016,5,2,12,3,27.208
126,2,0,1,2016,5,2,12,5,38.5
127,2,0,1,2016,5,2,12,5,39.026
128,2,0,1,2016,5,2,12,5,42.682
129,2,0,1,2016,5,2,12,11,29.829
130,2,0,1,2016,5,2,12,11,48.111
131,2,0,1,2016,5,2,12,11,48.367
132,2,0,1,2016,5,2,12,12,1.22
133,2,0,1,2016,5,2,12,22,34.21
134,1,0,1,2016,5,2,12,42,58.924
135,1,0,1,2016,5,2,12,42,59.095
136,2,0,1,2016,5,2,12,47,49.077
137,2,0,1,2016,5,2,12,47,50.144
138,2,0,1,2016,5,2,12,47,50.983
139,2,0,1,2016,5,2,12,47,51.548
140,2,0,1,2016,5,2,12,47,52.674
141,2,0,1,2016,5,2,12,47,53.567
142,2,0,1,2016,5,2,12,47,54.852
143,2,0,1,2016,5,2,12,47,55.664
144,2,0,1,2016,5,2,12,47,56.507
145,2,0,1,2016,5,2,12,47,57.404
146,2,0,1,2016,5,2,12,47,58.418
147,2,0,1,2016,5,2,12,48,0.915
148,2,0,1,2016,5,2,12,48,1.541
149,2,0,1,2016,5,2,12,48,2.761
150,2,0,1,2016,5,2,12,48,12.874
151,2,0,1,2016,5,2,12,48,13.663
152,2,0,1,2016,5,2,12,48,14.662
153,2,0,1,2016,5,2,12,48,15.749
154,2,0,1,2016,5,2,12,48,16.561
155,2,0,1,2016,5,2,12,48,17.608
156,2,0,1,2016,5,2,12,48,18.637
157,2,0,1,2016,5,2,12,48,19.653
158,2,0,1,2016,5,2,12,48,20.788
159,2,0,1,2016,5,2,12,48,21.626
160,2,0,1,2016,5,2,12,48,24.833
161,2,0,1,2016,5,2,12,48,25.701
162,2,0,1,2016,5,2,12,48,26.195
163,2,0,1,2016,5,2,12,48,31.223
164,2,0,1,2016,5,2,12,48,31.819
165,2,0,1,2016,5,2,12,48,32.559
166,2,0,1,2016,5,2,12,54,28.269
167,2,0,1,2016,5,2,12,54,29.913
168,2,0,1,2016,5,2,12,54,32.367
169,2,0,1,2016,5,2,12,54,33.693
170,2,0,1,2016,5,2,12,54,34.884
171,2,0,1,2016,5,2,12,54,35.602
172,2,0,1,2016,5,2,12,54,46.217
173,2,0,1,2016,5,2,12,59,40.089
174,2,0,1,2016,5,2,12,59,41.104
175,2,0,1,2016,5,2,12,59,42.217
176,2,0,1,2016,5,2,12,59,43.088
177,2,0,1,2016,5,2,12,59,44.178
178,2,0,1,2016,5,2,12,59,46.257
179,2,0,1,2016,5,2,12,59,49.41
180,2,0,1,2016,5,2,12,59,49.81
181,2,0,1,2016,5,2,12,59,53.114
182,2,0,1,2016,5,2,12,59,54.117
183,2,0,1,2016,5,2,12,59,54.947
184,2,0,1,2016,5,2,12,59,55.666
185,2,0,1,2016,5,2,12,59,58.151
186,2,0,1,2016,5,2,12,59,59.205
187,2,0,1,2016,5,2,13,0,0.147
188,2,0,1,2016,5,2,13,0,1.074
189,2,0,1,2016,5,2,13,0,2.331
190,2,0,1,2016,5,2,13,0,2.912
191,2,0,1,2016,5,2,13,0,3.717
192,2,0,1,2016,5,2,13,0,4.632
193,2,0,1,2016,5,2,13,0,6.923
194,2,0,1,2016,5,2,13,0,7.953
195,2,0,1,2016,5,2,13,0,17.161
196,2,0,1,2016,5,2,13,0,18.003
197,2,0,1,2016,5,2,13,0,18.711
198,2,0,1,2016,5,2,13,0,19.722
199,2,0,1,2016,5,2,13,0,20.533
200,2,0,1,2016,5,2,13,0,21.492
201,2,0,1,2016,5,2,13,0,22.232
202,2,0,1,2016,5,2,13,0,44.426
203,2,0,1,2016,5,2,13,0,44.604
204,1,0,1,2016,5,2,13,1,10.994
205,1,0,1,2016,5,2,13,1,11.953
206,1,0,1,2016,5,2,13,1,16.604
207,1,0,1,2016,5,2,13,1,17.534
208,1,0,1,2016,5,2,13,2,34.268
209,1,0,1,2016,5,2,13,2,35.023
210,1,0,1,2016,5,2,13,2,35.603
211,1,0,1,2016,5,2,13,2,37.378
212,1,0,1,2016,5,2,13,2,40.073
213,1,0,1,2016,5,2,13,2,48.132
214,1,0,1,2016,5,2,13,2,51.155
215,2,0,1,2016,5,2,13,3,36.171
216,2,0,1,2016,5,2,13,3,39.045
217,2,0,1,2016,5,2,13,3,40.288
218,2,0,1,2016,5,2,13,9,22.335
219,2,0,1,2016,5,2,13,9,23.242
220,2,0,1,2016,5,2,13,9,24.163
221,2,0,1,2016,5,2,13,9,24.528
222,2,0,1,2016,5,2,13,9,26.993
223,2,0,1,2016,5,2,13,9,28.933
224,2,0,1,2016,5,2,13,9,31.275
225,2,0,1,2016,5,2,13,9,31.628
226,2,0,1,2016,5,2,13,11,35.952
227,2,0,1,2016,5,2,13,11,36.686
228,2,0,1,2016,5,2,13,11,37.842
229,2,0,1,2016,5,2,13,11,38.369
230,2,0,1,2016,5,2,13,11,39.36
231,2,0,1,2016,5,2,13,11,40.113
232,2,0,1,2016,5,2,13,11,41.451
233,2,0,1,2016,5,2,13,11,43.112
234,2,0,1,2016,5,2,13,11,51.593
235,2,0,1,2016,5,2,13,11,56.442
236,2,0,1,2016,5,2,13,11,57.528
237,2,0,1,2016,5,2,13,11,58.349
238,2,0,1,2016,5,2,13,11,59.336
239,2,0,1,2016,5,2,13,12,1.102
240,2,0,1,2016,5,2,13,12,3.414
241,2,0,1,2016,5,2,13,12,4.474
242,2,0,1,2016,5,2,13,12,5.353
243,2,0,1,2016,5,2,13,12,6.335
244,2,0,1,2016,5,2,13,12,9.22
245,2,0,1,2016,5,2,13,12,13.586
246,2,0,1,2016,5,2,13,12,14.563
247,2,0,1,2016,5,2,13,12,15.534
248,2,0,1,2016,5,2,13,12,15.87
249,2,0,1,2016,5,2,13,12,18.058
250,2,0,1,2016,5,2,13,12,18.499
251,2,0,1,2016,5,2,13,12,19.802
252,2,0,1,2016,5,2,13,12,20.314
253,2,0,1,2016,5,2,13,12,32.953
254,2,0,1,2016,5,2,13,12,34.07
255,2,0,1,2016,5,2,13,12,34.421
256,2,0,1,2016,5,2,13,12,35.214
257,2,0,1,2016,5,2,13,12,36.219
258,2,0,1,2016,5,2,13,12,37.824
259,2,0,1,2016,5,2,13,14,19.784
260,2,0,1,2016,5,2,13,14,21.543
261,2,0,1,2016,5,2,13,14,25.229
262,2,0,1,2016,5,2,13,14,27.908
263,1,0,1,2016,5,2,13,15,4.198
264,1,0,1,2016,5,2,13,15,4.441
265,1,0,1,2016,5,2,13,15,4.837
266,1,0,1,2016,5,2,13,15,6.812
267,1,0,1,2016,5,2,13,15,7.851
268,1,0,1,2016,5,2,13,15,8.413
269,1,0,1,2016,5,2,13,15,12.225
270,1,0,1,2016,5,2,13,15,15.234
271,1,0,1,2016,5,2,13,15,15.372
272,1,0,1,2016,5,2,13,15,19.155
273,1,0,1,2016,5,2,13,15,21.315
274,1,0,1,2016,5,2,13,15,22.225
275,1,0,1,2016,5,2,13,15,22.832
276,1,0,1,2016,5,2,13,15,22.919
277,1,0,1,2016,5,2,13,15,22.99
278,1,0,1,2016,5,2,13,15,24.559
279,1,0,1,2016,5,2,13,15,26.498
280,1,0,1,2016,5,2,13,15,26.542
281,1,0,1,2016,5,2,13,15,27.982
282,1,0,1,2016,5,2,13,15,30.639
283,1,0,1,2016,5,2,13,15,31.632
284,1,0,1,2016,5,2,13,15,31.736
285,1,0,1,2016,5,2,13,19,42.93
286,1,0,1,2016,5,2,13,19,43.838
287,1,0,1,2016,5,2,13,19,45.043
288,1,0,1,2016,5,2,13,19,46.717
289,1,0,1,2016,5,2,13,19,46.78
290,1,0,1,2016,5,2,13,19,47.019
291,1,0,1,2016,5,2,13,19,47.123
292,1,0,1,2016,5,2,13,19,48.072
293,1,0,1,2016,5,2,13,19,48.168
294,1,0,1,2016,5,2,13,19,49.587
295,1,0,1,2016,5,2,13,19,50.124
296,1,0,1,2016,5,2,13,19,50.669
297,1,0,1,2016,5,2,13,19,52.422
298,1,0,1,2016,5,2,13,19,53.523
299,1,0,1,2016,5,2,13,19,56.411
300,1,0,1,2016,5,2,13,19,56.83
301,1,0,1,2016,5,2,13,19,59.83
302,1,0,1,2016,5,2,13,20,0.181
303,1,0,1,2016,5,2,13,20,0.269
304,1,0,1,2016,5,2,13,20,3.198
305,1,0,1,2016,5,2,13,20,4.73
306,1,0,1,2016,5,2,13,20,7.712
307,1,0,1,2016,5,2,13,20,7.799
308,1,0,1,2016,5,2,13,20,7.869
309,1,0,1,2016,5,2,13,20,8.368
310,1,0,1,2016,5,2,13,20,8.712
311,1,0,1,2016,5,2,13,20,22.786
312,1,0,1,2016,5,2,13,20,23.616
313,1,0,1,2016,5,2,13,20,24.522
314,1,0,1,2016,5,2,13,20,28.43
315,1,0,1,2016,5,2,13,20,30.431
316,1,0,1,2016,5,2,13,20,32.083
317,1,0,1,2016,5,2,13,20,32.225
318,1,0,1,2016,5,2,13,21,8.298
319,1,0,1,2016,5,2,13,21,8.425
320,1,0,1,2016,5,2,13,21,9.938
321,1,0,1,2016,5,2,13,21,11.798
322,1,0,1,2016,5,2,13,21,14.154
323,1,0,1,2016,5,2,13,21,15.586
324,1,0,1,2016,5,2,13,21,17.012
325,1,0,1,2016,5,2,13,21,18.257
326,1,0,1,2016,5,2,13,21,31.946
327,1,0,1,2016,5,2,13,21,35.117
328,1,0,1,2016,5,2,13,21,37.848
329,1,0,1,2016,5,2,13,23,29.697
330,1,0,1,2016,5,2,13,23,30.685
331,1,0,1,2016,5,2,13,23,32.618
332,2,0,1,2016,5,2,13,24,7.359
333,2,0,1,2016,5,2,13,24,37.722
334,2,0,1,2016,5,2,13,24,37.907
335,2,0,1,2016,5,2,13,24,44.102
336,2,0,1,2016,5,2,13,24,44.599
337,2,0,1,2016,5,2,13,27,37.032
338,2,0,1,2016,5,2,13,27,38.631
339,2,0,1,2016,5,2,13,27,39.303
340,2,0,1,2016,5,2,13,35,5.593
341,2,0,1,2016,5,2,13,35,7.529
342,2,0,1,2016,5,2,13,35,8.722
343,1,0,1,2016,5,2,13,40,33.323
344,1,0,1,2016,5,2,13,40,35.574
345,1,0,1,2016,5,2,13,40,35.627
346,1,0,1,2016,5,2,13,40,37.597
347,1,0,1,2016,5,2,13,40,39.137
348,1,0,1,2016,5,2,13,41,8.494
349,1,0,1,2016,5,2,13,41,9.877
350,1,0,1,2016,5,2,13,42,33.892
351,1,0,1,2016,5,2,13,42,34.037
352,1,0,1,2016,5,2,13,42,34.306
353,1,0,1,2016,5,2,13,42,36.312
354,1,0,1,2016,5,2,13,42,40.194
355,1,0,1,2016,5,2,13,42,40.246
356,2,0,1,2016,5,2,13,46,10.973
357,2,0,1,2016,5,2,13,46,11.852
358,2,0,1,2016,5,2,13,46,13.283
359,2,0,1,2016,5,2,14,0,25.492
360,2,0,1,2016,5,2,14,0,26.557
361,2,0,1,2016,5,2,14,0,27.562
362,2,0,1,2016,5,2,14,1,46.137
363,2,0,1,2016,5,2,14,1,53.088
364,2,0,1,2016,5,2,14,11,7.562
365,2,0,1,2016,5,2,14,11,8.958
366,2,0,1,2016,5,2,14,11,53.278
367,2,0,1,2016,5,2,14,11,54.423
368,2,0,1,2016,5,2,14,11,56.733
369,1,0,1,2016,5,2,14,13,12.301
370,1,0,1,2016,5,2,14,13,12.683
371,1,0,1,2016,5,2,14,13,13.746
372,2,0,1,2016,5,2,14,18,31.696
373,2,0,1,2016,5,2,14,18,35.044
374,2,0,1,2016,5,2,14,18,39.299
375,2,0,1,2016,5,2,14,18,39.583
376,2,0,1,2016,5,2,14,18,40.192
377,2,0,1,2016,5,2,14,18,40.426
378,2,0,1,2016,5,2,14,18,41.621
379,2,0,1,2016,5,2,14,18,42.47
380,2,0,1,2016,5,2,14,18,44.151
381,2,0,1,2016,5,2,14,18,44.995
382,2,0,1,2016,5,2,14,26,41.242
383,2,0,1,2016,5,2,14,26,42.037
384,2,0,1,2016,5,2,14,26,42.998
385,2,0,1,2016,5,2,14,26,44.238
386,2,0,1,2016,5,2,14,26,45.378
387,2,0,1,2016,5,2,14,26,46.376
388,2,0,1,2016,5,2,14,26,47.172
389,2,0,1,2016,5,2,14,26,50.292
390,2,0,1,2016,5,2,14,26,51.251
391,2,0,1,2016,5,2,14,26,52.422
392,2,0,1,2016,5,2,14,26,52.746
393,2,0,1,2016,5,2,14,26,53.446
394,2,0,1,2016,5,2,14,26,54.112
395,2,0,1,2016,5,2,14,26,55.053
396,2,0,1,2016,5,2,14,26,56.351
397,2,0,1,2016,5,2,14,26,57.559
398,2,0,1,2016,5,2,14,26,58.518
399,2,0,1,2016,5,2,14,26,59.482
400,2,0,1,2016,5,2,14,27,5.467
401,2,0,1,2016,5,2,14,27,6.295
402,2,0,1,2016,5,2,14,27,6.852
403,2,0,1,2016,5,2,14,27,8.169
404,2,0,1,2016,5,2,14,27,16.242
405,2,0,1,2016,5,2,14,27,17.521
406,2,0,1,2016,5,2,14,27,19.013
407,2,0,1,2016,5,2,14,27,19.586
408,2,0,1,2016,5,2,14,27,22.611
409,2,0,1,2016,5,2,14,27,23.396
410,2,0,1,2016,5,2,14,27,24.193
411,2,0,1,2016,5,2,14,29,3.135
412,2,0,1,2016,5,2,14,29,4.371
413,2,0,1,2016,5,2,14,29,4.595
414,2,0,1,2016,5,2,14,29,49.116
415,2,0,1,2016,5,2,14,29,49.674
416,2,0,1,2016,5,2,14,31,25.608
417,2,0,1,2016,5,2,14,31,25.812
418,2,0,1,2016,5,2,14,31,26.175
419,2,0,1,2016,5,2,14,31,30.587
420,2,0,1,2016,5,2,14,31,37.102
421,2,0,1,2016,5,2,14,31,39.812
422,2,0,1,2016,5,2,14,31,40.062
423,2,0,1,2016,5,2,14,31,41.484
424,2,0,1,2016,5,2,14,31,43.161
425,2,0,1,2016,5,2,14,31,44
426,2,0,1,2016,5,2,14,31,46.354
427,2,0,1,2016,5,2,14,31,46.523
428,2,0,1,2016,5,2,14,31,47.298
429,2,0,1,2016,5,2,14,39,37.987
430,2,0,1,2016,5,2,14,39,39.603
431,2,0,1,2016,5,2,14,39,40.341
432,2,0,1,2016,5,2,14,39,41.357
433,2,0,1,2016,5,2,14,39,42.344
434,2,0,1,2016,5,2,14,39,43.567
435,2,0,1,2016,5,2,14,39,46.854
436,2,0,1,2016,5,2,14,39,49.522
437,2,0,1,2016,5,2,14,39,50.251
438,2,0,1,2016,5,2,14,39,51.33
439,2,0,1,2016,5,2,14,39,52.533
440,2,0,1,2016,5,2,14,39,53.362
441,2,0,1,2016,5,2,14,39,53.879
442,2,0,1,2016,5,2,14,39,57.795
443,2,0,1,2016,5,2,14,39,58.499
444,2,0,1,2016,5,2,14,39,59.3
445,2,0,1,2016,5,2,14,40,1.011
446,2,0,1,2016,5,2,14,40,1.544
447,2,0,1,2016,5,2,14,40,2.056
448,2,0,1,2016,5,2,14,40,3.572
449,2,0,1,2016,5,2,14,40,4.779
450,2,0,1,2016,5,2,14,40,6.312
451,2,0,1,2016,5,2,14,40,7.317
452,2,0,1,2016,5,2,14,40,8.071
453,2,0,1,2016,5,2,14,40,9.022
454,2,0,1,2016,5,2,14,40,9.812
455,2,0,1,2016,5,2,14,40,10.808
456,2,0,1,2016,5,2,14,40,12.007
457,2,0,1,2016,5,2,14,40,12.858
458,2,0,1,2016,5,2,14,40,13.758
459,2,0,1,2016,5,2,14,40,18.462
460,2,0,1,2016,5,2,14,40,19.121
461,2,0,1,2016,5,2,14,40,23.03
462,2,0,1,2016,5,2,14,40,24.074
463,2,0,1,2016,5,2,14,40,25.331
464,2,0,1,2016,5,2,14,40,26.285
465,2,0,1,2016,5,2,14,40,27.322
466,2,0,1,2016,5,2,14,40,28.382
467,2,0,1,2016,5,2,14,40,30.812
468,2,0,1,2016,5,2,14,40,31.665
469,2,0,1,2016,5,2,14,40,32.439
470,2,0,1,2016,5,2,14,40,33.143
471,2,0,1,2016,5,2,14,40,34.262
472,2,0,1,2016,5,2,14,40,35.216
473,2,0,1,2016,5,2,14,40,49.072
474,2,0,1,2016,5,2,14,40,50.559
475,2,0,1,2016,5,2,14,40,51.651
476,2,0,1,2016,5,2,14,40,53.077
477,2,0,1,2016,5,2,14,40,54.183
478,2,0,1,2016,5,2,14,41,50.607
479,1,0,1,2016,5,2,14,43,13.592
480,1,0,1,2016,5,2,14,43,15.077
481,1,0,1,2016,5,2,14,43,15.286
482,1,0,1,2016,5,2,14,43,16.207
483,1,0,1,2016,5,2,14,43,17.248
484,1,0,1,2016,5,2,14,43,17.408
485,2,0,1,2016,5,2,14,43,40.461
486,2,0,1,2016,5,2,14,43,40.734
487,2,0,1,2016,5,2,14,43,40.819
488,2,0,1,2016,5,2,14,43,47.478
489,2,0,1,2016,5,2,14,43,47.578
490,2,0,1,2016,5,2,14,43,51.089
491,2,0,1,2016,5,2,14,43,54.728
492,2,0,1,2016,5,2,14,43,56.21
493,2,0,1,2016,5,2,14,43,56.324
494,2,0,1,2016,5,2,14,43,57.774
495,2,0,1,2016,5,2,14,44,0.069
496,2,0,1,2016,5,2,14,44,0.407
497,2,0,1,2016,5,2,14,51,23.337
498,2,0,1,2016,5,2,14,51,24.124
499,2,0,1,2016,5,2,14,51,25.238
500,2,0,1,2016,5,2,14,51,25.626
501,2,0,1,2016,5,2,14,51,27.131
502,2,0,1,2016,5,2,14,53,33.27
503,2,0,1,2016,5,2,14,53,33.491
504,2,0,1,2016,5,2,14,53,33.9
505,2,0,1,2016,5,2,14,53,34.643
506,2,0,1,2016,5,2,14,53,35.119
507,2,0,1,2016,5,2,14,53,35.275
508,2,0,1,2016,5,2,14,53,36.366
509,2,0,1,2016,5,2,14,53,37.414
510,2,0,1,2016,5,2,14,53,38.118
511,2,0,1,2016,5,2,14,53,38.961
512,2,0,1,2016,5,2,14,53,39.777
513,2,0,1,2016,5,2,14,53,40.423
514,2,0,1,2016,5,2,14,53,41.391
515,2,0,1,2016,5,2,14,53,45.15
516,2,0,1,2016,5,2,14,53,46.435
517,2,0,1,2016,5,2,14,53,47.517
518,2,0,1,2016,5,2,14,53,53.967
519,2,0,1,2016,5,2,14,53,54.978
520,2,0,1,2016,5,2,14,53,55.973
521,2,0,1,2016,5,2,14,53,56.559
522,2,0,1,2016,5,2,14,53,57.458
523,2,0,1,2016,5,2,14,53,58.03
524,2,0,1,2016,5,2,14,53,58.989
525,2,0,1,2016,5,2,14,53,59.831
526,2,0,1,2016,5,2,14,54,1.47
527,2,0,1,2016,5,2,14,54,2.382
528,2,0,1,2016,5,2,14,54,7.998
529,2,0,1,2016,5,2,14,54,20.226
530,2,0,1,2016,5,2,14,54,20.908
531,2,0,1,2016,5,2,14,54,21.291
532,2,0,1,2016,5,2,14,54,21.618
533,2,0,1,2016,5,2,14,54,22.608
534,2,0,1,2016,5,2,14,54,23.389
535,2,0,1,2016,5,2,14,54,24.478
536,2,0,1,2016,5,2,14,54,25.164
537,2,0,1,2016,5,2,14,54,26.109
538,2,0,1,2016,5,2,14,54,33.145
539,2,0,1,2016,5,2,14,54,33.918
540,2,0,1,2016,5,2,14,54,34.797
541,2,0,1,2016,5,2,14,54,35.656
542,2,0,1,2016,5,2,14,54,36.808
543,2,0,1,2016,5,2,14,54,37.186
544,2,0,1,2016,5,2,14,54,37.896
545,2,0,1,2016,5,2,14,54,38.668
546,2,0,1,2016,5,2,14,54,39.362
547,2,0,1,2016,5,2,14,54,40.504
548,2,0,1,2016,5,2,14,54,41.272
549,2,0,1,2016,5,2,14,55,2.778
550,2,0,1,2016,5,2,14,55,3.762
551,2,0,1,2016,5,2,14,55,4.939
552,2,0,1,2016,5,2,14,55,5.712
553,2,0,1,2016,5,2,14,55,6.305
554,1,0,1,2016,5,2,14,55,41.982
555,1,0,1,2016,5,2,14,55,43.85
556,1,0,1,2016,5,2,14,55,45.709
557,1,0,1,2016,5,2,14,55,46.473
558,1,0,1,2016,5,2,14,55,46.63
559,1,0,1,2016,5,2,14,55,49.109
560,1,0,1,2016,5,2,14,55,49.716
561,1,0,1,2016,5,2,14,55,51.427
562,1,0,1,2016,5,2,14,56,46.52
563,1,0,1,2016,5,2,14,56,49.074
564,1,0,1,2016,5,2,14,56,50.372
565,1,0,1,2016,5,2,14,56,50.952
566,1,0,1,2016,5,2,14,57,28.336
567,1,0,1,2016,5,2,14,57,29.397
568,1,0,1,2016,5,2,14,57,32.706
569,1,0,1,2016,5,2,14,57,34.397
570,1,0,1,2016,5,2,14,57,36.432
571,1,0,1,2016,5,2,14,57,38.788
572,1,0,1,2016,5,2,14,57,46.923
573,1,0,1,2016,5,2,14,57,51.123
574,1,0,1,2016,5,2,14,57,53.003
575,1,0,1,2016,5,2,14,57,54.083
576,1,0,1,2016,5,2,14,57,55.973
577,1,0,1,2016,5,2,14,57,56.361
578,1,0,1,2016,5,2,14,58,0.305
579,1,0,1,2016,5,2,14,58,0.533
580,1,0,1,2016,5,2,14,58,1.558
581,2,0,1,2016,5,2,14,58,50.502
582,2,0,1,2016,5,2,14,58,51.15
583,2,0,1,2016,5,2,15,0,31.264
584,2,0,1,2016,5,2,15,0,32.998
585,2,0,1,2016,5,2,15,0,34.087
586,2,0,1,2016,5,2,15,0,34.505
587,2,0,1,2016,5,2,15,0,35.2
588,2,0,1,2016,5,2,15,0,36.552
589,2,0,1,2016,5,2,15,0,37.162
590,2,0,1,2016,5,2,15,0,38.005
591,2,0,1,2016,5,2,15,0,38.654
592,2,0,1,2016,5,2,15,0,39.628
593,2,0,1,2016,5,2,15,0,40.587
594,2,0,1,2016,5,2,15,0,41.423
595,2,0,1,2016,5,2,15,0,42.086
596,2,0,1,2016,5,2,15,0,42.959
597,1,0,1,2016,5,2,15,1,43.215
598,1,0,1,2016,5,2,15,1,43.675
599,1,0,1,2016,5,2,15,1,43.943
600,1,0,1,2016,5,2,15,1,44.471
601,1,0,1,2016,5,2,15,1,45.427
602,1,0,1,2016,5,2,15,1,47.752
603,1,0,1,2016,5,2,15,1,48.315
604,1,0,1,2016,5,2,15,1,53
605,1,0,1,2016,5,2,15,1,54.877
606,1,0,1,2016,5,2,15,1,56.048
607,1,0,1,2016,5,2,15,1,57.729
608,1,0,1,2016,5,2,15,1,58.858
609,1,0,1,2016,5,2,15,1,59.082
610,1,0,1,2016,5,2,15,2,0.009
611,1,0,1,2016,5,2,15,2,2.323
612,1,0,1,2016,5,2,15,2,4.057
613,1,0,1,2016,5,2,15,2,5.653
614,2,0,1,2016,5,2,15,21,24.137
615,2,0,1,2016,5,2,15,21,26.909
616,2,0,1,2016,5,2,15,21,27.138
617,2,0,1,2016,5,2,15,21,27.37
618,2,0,1,2016,5,2,15,21,27.485
619,2,0,1,2016,5,2,15,21,29.479
620,2,0,1,2016,5,2,15,21,29.621
621,2,0,1,2016,5,2,15,21,32.846
622,2,0,1,2016,5,2,15,21,34.881
623,2,0,1,2016,5,2,15,21,35.12
624,2,0,1,2016,5,2,15,21,36.543
625,2,0,1,2016,5,2,15,21,37.829
626,2,0,1,2016,5,2,15,21,38.052
627,2,0,1,2016,5,2,15,21,39.3
628,2,0,1,2016,5,2,15,21,40.346
629,2,0,1,2016,5,2,15,21,40.557
630,2,0,1,2016,5,2,15,23,2.707
631,2,0,1,2016,5,2,15,23,3.576
632,2,0,1,2016,5,2,15,23,4.7
633,2,0,1,2016,5,2,15,23,16.87
634,2,0,1,2016,5,2,15,23,17.475
635,2,0,1,2016,5,2,15,23,20.034
636,2,0,1,2016,5,2,15,23,21.299
637,2,0,1,2016,5,2,15,23,23.412
638,2,0,1,2016,5,2,15,23,34.18
639,2,0,1,2016,5,2,15,23,34.477
640,2,0,1,2016,5,2,15,23,36.55
641,2,0,1,2016,5,2,15,23,38.613
642,2,0,1,2016,5,2,15,23,40.506
643,2,0,1,2016,5,2,15,23,41.413
644,2,0,1,2016,5,2,15,23,44.642
645,2,0,1,2016,5,2,15,24,19.052
646,2,0,1,2016,5,2,15,25,20.932
647,2,0,1,2016,5,2,15,25,21.813
648,2,0,1,2016,5,2,15,25,22.605
649,2,0,1,2016,5,2,15,25,23.81
650,2,0,1,2016,5,2,15,25,24.512
651,2,0,1,2016,5,2,15,25,25.949
652,2,0,1,2016,5,2,15,25,26.701
653,2,0,1,2016,5,2,15,25,27.845
654,2,0,1,2016,5,2,15,25,28.685
655,2,0,1,2016,5,2,15,25,29.698
656,2,0,1,2016,5,2,15,25,30.628
657,2,0,1,2016,5,2,15,25,34.145
658,2,0,1,2016,5,2,15,25,35.146
659,2,0,1,2016,5,2,15,25,35.912
660,2,0,1,2016,5,2,15,25,37.623
661,2,0,1,2016,5,2,15,25,39.369
662,2,0,1,2016,5,2,15,25,40.324
663,2,0,1,2016,5,2,15,25,41.344
664,2,0,1,2016,5,2,15,25,42.93
665,2,0,1,2016,5,2,15,25,47.216
666,2,0,1,2016,5,2,15,25,48.344
667,2,0,1,2016,5,2,15,25,48.889
668,2,0,1,2016,5,2,15,25,50.4
669,2,0,1,2016,5,2,15,25,55.773
670,2,0,1,2016,5,2,15,25,57.431
671,2,0,1,2016,5,2,15,25,58.54
672,2,0,1,2016,5,2,15,25,59.239
673,2,0,1,2016,5,2,15,26,0.039
674,2,0,1,2016,5,2,15,26,1.007
675,2,0,1,2016,5,2,15,26,1.834
676,2,0,1,2016,5,2,15,26,2.567
677,2,0,1,2016,5,2,15,26,9.488
678,2,0,1,2016,5,2,15,26,9.976
679,2,0,1,2016,5,2,15,26,10.619
680,2,0,1,2016,5,2,15,26,11.587
681,2,0,1,2016,5,2,15,26,12.54
682,2,0,1,2016,5,2,15,26,13.509
683,2,0,1,2016,5,2,15,26,25.111
684,2,0,1,2016,5,2,15,26,25.959
685,2,0,1,2016,5,2,15,26,28.964
686,2,0,1,2016,5,2,15,26,29.827
687,2,0,1,2016,5,2,15,26,32.052
688,2,0,1,2016,5,2,15,26,32.938
689,2,0,1,2016,5,2,15,26,35.48
690,2,0,1,2016,5,2,15,26,35.735
691,2,0,1,2016,5,2,15,26,36.505
692,2,0,1,2016,5,2,15,26,37.348
693,2,0,1,2016,5,2,15,26,38.053
694,2,0,1,2016,5,2,15,26,38.578
695,2,0,1,2016,5,2,15,29,35.587
696,2,0,1,2016,5,2,15,29,35.71
697,2,0,1,2016,5,2,15,29,37.861
698,2,0,1,2016,5,2,15,29,41.883
699,2,0,1,2016,5,2,15,29,42.509
700,2,0,1,2016,5,2,15,29,44.773
701,2,0,1,2016,5,2,15,29,44.856
702,2,0,1,2016,5,2,15,29,46.313
703,2,0,1,2016,5,2,15,29,47.427
704,2,0,1,2016,5,2,15,31,26.487
705,2,0,1,2016,5,2,15,31,27.995
706,2,0,1,2016,5,2,15,33,29.922
707,2,0,1,2016,5,2,15,33,30.892
708,2,0,1,2016,5,2,15,33,38.387
709,2,0,1,2016,5,2,15,33,39.445
710,2,0,1,2016,5,2,15,33,42.217
711,2,0,1,2016,5,2,15,33,43.392
712,2,0,1,2016,5,2,15,33,44.137
713,2,0,1,2016,5,2,15,33,45.318
714,2,0,1,2016,5,2,15,33,46.077
715,1,0,1,2016,5,2,15,36,49.849
716,1,0,1,2016,5,2,15,36,51.438
717,1,0,1,2016,5,2,15,36,51.938
718,1,0,1,2016,5,2,15,36,53.246
719,1,0,1,2016,5,2,15,36,55.265
720,1,0,1,2016,5,2,15,36,57.224
721,1,0,1,2016,5,2,15,36,58.779
722,1,0,1,2016,5,2,15,37,0.119
723,1,0,1,2016,5,2,15,37,1.671
724,1,0,1,2016,5,2,15,37,4.316
725,1,0,1,2016,5,2,15,37,4.639
726,1,0,1,2016,5,2,15,37,4.928
727,1,0,1,2016,5,2,15,37,5.034
728,1,0,1,2016,5,2,15,37,6.398
729,1,0,1,2016,5,2,15,37,55.356
730,1,0,1,2016,5,2,15,37,56.495
731,1,0,1,2016,5,2,15,37,59.1
732,1,0,1,2016,5,2,15,37,59.741
733,1,0,1,2016,5,2,15,38,6.102
734,1,0,1,2016,5,2,15,38,10.138
735,1,0,1,2016,5,2,15,38,32.388
736,1,0,1,2016,5,2,15,38,35.772
737,2,0,1,2016,5,2,15,39,4.98
738,2,0,1,2016,5,2,15,39,6.877
739,2,0,1,2016,5,2,15,39,7.688
740,2,0,1,2016,5,2,15,39,9.077
741,2,0,1,2016,5,2,15,53,25.207
742,2,0,1,2016,5,2,15,53,26.545
743,2,0,1,2016,5,2,15,53,27.426
744,2,0,1,2016,5,2,15,53,28.911
745,2,0,1,2016,5,2,15,53,31.853
746,2,0,1,2016,5,2,15,53,33.951
747,2,0,1,2016,5,2,15,53,34.922
748,2,0,1,2016,5,2,15,56,19.289
749,2,0,1,2016,5,2,15,56,24.67
750,2,0,1,2016,5,2,15,56,26.361
751,2,0,1,2016,5,2,15,56,28.092
752,2,0,1,2016,5,2,15,56,28.719
753,2,0,1,2016,5,2,15,56,28.808
754,2,0,1,2016,5,2,15,56,28.922
755,2,0,1,2016,5,2,15,56,30.987
756,2,0,1,2016,5,2,15,56,32.037
757,2,0,1,2016,5,2,15,56,33.914
758,2,0,1,2016,5,2,15,56,35.144
759,2,0,1,2016,5,2,15,56,36.271
760,2,0,1,2016,5,2,15,56,38.394
761,2,0,1,2016,5,2,16,3,53.353
762,2,0,1,2016,5,2,16,3,54.696
763,2,0,1,2016,5,2,16,3,58.532
764,2,0,1,2016,5,2,16,3,59.37
765,2,0,1,2016,5,2,16,4,0.052
766,2,0,1,2016,5,2,16,4,1.159
767,2,0,1,2016,5,2,16,4,2.379
768,2,0,1,2016,5,2,16,4,3.667
769,1,0,1,2016,5,2,16,4,46.674
770,2,0,1,2016,5,2,16,4,53.266
771,2,0,1,2016,5,2,16,4,56.331
772,2,0,1,2016,5,2,16,4,58.705
773,2,0,1,2016,5,2,16,9,26.397
774,2,0,1,2016,5,2,16,9,27.108
775,2,0,1,2016,5,2,16,9,28.189
776,2,0,1,2016,5,2,16,9,28.858
777,2,0,1,2016,5,2,16,9,28.982
778,2,0,1,2016,5,2,16,9,30.393
779,2,0,1,2016,5,2,16,9,31.699
780,2,0,1,2016,5,2,16,9,32.402
781,2,0,1,2016,5,2,16,9,34.426
782,2,0,1,2016,5,2,16,9,45.528
783,2,0,1,2016,5,2,16,9,46.458
784,2,0,1,2016,5,2,16,9,47.258
785,2,0,1,2016,5,2,16,9,48.511
786,2,0,1,2016,5,2,16,9,50.409
787,2,0,1,2016,5,2,16,9,51.64
788,2,0,1,2016,5,2,16,9,56.199
789,2,0,1,2016,5,2,16,9,57.177
790,2,0,1,2016,5,2,16,9,58.44
791,2,0,1,2016,5,2,16,9,58.892
792,2,0,1,2016,5,2,16,10,2.155
793,2,0,1,2016,5,2,16,10,2.947
794,2,0,1,2016,5,2,16,10,4.024
795,2,0,1,2016,5,2,16,10,4.893
796,2,0,1,2016,5,2,16,10,6.308
797,2,0,1,2016,5,2,16,10,14.758
798,2,0,1,2016,5,2,16,10,15.168
799,2,0,1,2016,5,2,16,10,16.583
800,2,0,1,2016,5,2,16,10,17.579
801,2,0,1,2016,5,2,16,10,19.31
802,2,0,1,2016,5,2,16,10,19.782
803,2,0,1,2016,5,2,16,10,20.477
804,2,0,1,2016,5,2,16,10,21.408
805,2,0,1,2016,5,2,16,10,22.732
806,2,0,1,2016,5,2,16,10,23.786
807,2,0,1,2016,5,2,16,10,24.749
808,2,0,1,2016,5,2,16,10,26.091
809,2,0,1,2016,5,2,16,10,27.323
810,2,0,1,2016,5,2,16,10,28.412
811,2,0,1,2016,5,2,16,10,29.786
812,2,0,1,2016,5,2,16,10,30.427
813,2,0,1,2016,5,2,16,10,31.257
814,2,0,1,2016,5,2,16,10,32.702
815,2,0,1,2016,5,2,16,10,33.724
816,2,0,1,2016,5,2,16,10,34.554
817,2,0,1,2016,5,2,16,10,49.155
818,2,0,1,2016,5,2,16,10,49.579
819,2,0,1,2016,5,2,16,10,50.438
820,2,0,1,2016,5,2,16,10,51.267
821,2,0,1,2016,5,2,16,10,52.082
822,2,0,1,2016,5,2,16,10,52.846
823,2,0,1,2016,5,2,16,10,54.034
824,2,0,1,2016,5,2,16,10,55.659
825,2,0,1,2016,5,2,16,10,56.579
826,2,0,1,2016,5,2,16,10,58.347
827,2,0,1,2016,5,2,16,10,59.462
828,2,0,1,2016,5,2,16,11,0.063
829,2,0,1,2016,5,2,16,11,0.832
830,2,0,1,2016,5,2,16,11,1.526
831,2,0,1,2016,5,2,16,11,5.737
832,2,0,1,2016,5,2,16,11,6.624
833,2,0,1,2016,5,2,16,11,7.233
834,2,0,1,2016,5,2,16,23,50.187
835,2,0,1,2016,5,2,16,23,51.426
836,2,0,1,2016,5,2,16,23,52.79
837,2,0,1,2016,5,2,16,57,23.338
838,2,0,1,2016,5,2,16,57,28.142
839,2,0,1,2016,5,2,16,57,28.832
840,1,0,1,2016,5,2,16,57,33.187
841,2,0,1,2016,5,2,16,59,12.074
842,2,0,1,2016,5,2,16,59,12.737
843,2,0,1,2016,5,2,16,59,13.572
844,2,0,1,2016,5,2,16,59,14.809
845,2,0,1,2016,5,2,16,59,17.113
846,2,0,1,2016,5,2,16,59,19.733
847,2,0,1,2016,5,2,16,59,20.522
848,2,0,1,2016,5,2,17,0,18.892
849,2,0,1,2016,5,2,17,0,20.171
850,2,0,1,2016,5,2,17,0,20.761
851,2,0,1,2016,5,2,17,0,23.12
852,2,0,1,2016,5,2,17,36,25.348
853,2,0,1,2016,5,2,17,36,31.668
854,2,0,1,2016,5,2,17,38,9.003
855,2,0,1,2016,5,2,17,38,9.278
856,2,0,1,2016,5,2,17,38,9.372
857,2,0,1,2016,5,2,17,38,20.453
858,1,0,1,2016,5,2,17,40,36.723
859,1,0,1,2016,5,2,17,44,30.589
860,1,0,1,2016,5,2,17,44,30.711
