Var1_ 1,Var1_ 2,Var1_ 3,Var1_ 4,Var1_ 5,Var1_ 6,Var1_ 7,Var1_ 8,Var1_ 9,Var1_10
0,0,0,0,2016,4,18,10,0,50.49
1,1,1,1,2016,4,18,10,15,28.578
2,1,1,1,2016,4,18,10,24,37.597
3,1,0,1,2016,4,18,10,24,38.027
4,1,1,1,2016,4,18,10,25,59.259
5,1,0,1,2016,4,18,10,25,59.296
6,1,2,1,2016,4,18,10,41,43.599
7,1,1,1,2016,4,18,10,42,18.066
8,1,1,1,2016,4,18,10,42,42.007
9,1,1,1,2016,4,18,10,43,3.228
10,1,1,1,2016,4,18,10,44,0.216
11,1,1,1,2016,4,18,10,44,10.365
12,1,1,1,2016,4,18,10,44,17.171
13,1,1,1,2016,4,18,10,44,23.755
14,1,2,1,2016,4,18,10,45,9.297
15,1,2,1,2016,4,18,10,45,27.239
16,1,1,1,2016,4,18,10,52,51.493
17,1,2,1,2016,4,18,11,2,15.662
18,1,2,1,2016,4,18,11,2,33.485
19,1,1,1,2016,4,18,11,2,46.696
20,2,2,1,2016,4,18,11,6,18.562
21,2,2,1,2016,4,18,11,6,28.029
22,2,0,1,2016,4,18,11,6,30.303
23,2,2,1,2016,4,18,11,6,31.807
24,2,2,1,2016,4,18,11,6,38.121
25,2,2,1,2016,4,18,11,6,41.583
26,2,0,1,2016,4,18,11,6,42.614
27,2,0,1,2016,4,18,11,6,43.718
28,2,0,1,2016,4,18,11,6,44.451
29,2,2,1,2016,4,18,11,6,47.164
30,2,2,1,2016,4,18,11,6,54.742
31,2,2,1,2016,4,18,11,7,1.677
32,2,2,1,2016,4,18,11,7,8.395
33,2,1,1,2016,4,18,11,17,16.882
34,2,2,1,2016,4,18,11,17,29.41
35,2,0,1,2016,4,18,11,17,29.544
36,2,0,1,2016,4,18,11,17,30.211
37,2,2,1,2016,4,18,11,17,54.765
38,2,1,1,2016,4,18,11,17,58.428
39,2,1,1,2016,4,18,11,18,7.34
40,2,1,1,2016,4,18,11,18,18.264
41,2,0,1,2016,4,18,11,18,18.474
42,2,1,1,2016,4,18,11,18,23.722
43,2,2,1,2016,4,18,11,18,28.06
44,2,2,1,2016,4,18,11,18,35.654
45,2,0,1,2016,4,18,11,18,38.477
46,2,1,1,2016,4,18,11,18,39.488
47,2,2,1,2016,4,18,11,18,49.395
48,2,1,1,2016,4,18,11,18,55.336
49,2,0,1,2016,4,18,11,18,56.932
50,2,2,1,2016,4,18,11,18,59.146
51,2,0,1,2016,4,18,11,19,0.31
52,2,0,1,2016,4,18,11,19,1.174
53,2,2,1,2016,4,18,11,19,3.339
54,2,0,1,2016,4,18,11,19,4.181
55,2,0,1,2016,4,18,11,19,5.547
56,2,0,1,2016,4,18,11,19,5.893
57,2,0,1,2016,4,18,11,19,6.159
58,2,2,1,2016,4,18,11,19,7.925
59,2,0,1,2016,4,18,11,19,8.639
60,2,1,1,2016,4,18,11,19,11.262
61,2,0,1,2016,4,18,11,19,11.848
62,2,0,1,2016,4,18,11,19,13.852
63,2,2,1,2016,4,18,11,19,18.773
64,2,1,1,2016,4,18,11,19,22.801
65,2,0,1,2016,4,18,11,19,25.561
66,2,1,1,2016,4,18,11,19,26.385
67,2,2,1,2016,4,18,11,19,29.514
68,2,2,1,2016,4,18,11,19,34.206
69,2,1,1,2016,4,18,11,19,39.77
70,2,0,1,2016,4,18,11,19,40.879
71,2,2,1,2016,4,18,11,19,43.714
72,2,1,1,2016,4,18,11,19,47.706
73,2,0,1,2016,4,18,11,19,49.722
74,2,2,1,2016,4,18,11,19,51.148
75,2,1,1,2016,4,18,11,19,55.541
76,2,1,1,2016,4,18,11,19,58.977
77,2,0,1,2016,4,18,11,19,59.643
78,2,0,1,2016,4,18,11,20,1.514
79,2,2,1,2016,4,18,11,20,3
80,2,2,1,2016,4,18,11,20,10.24
81,2,0,1,2016,4,18,11,20,12.894
82,2,2,1,2016,4,18,11,20,18.714
83,2,1,1,2016,4,18,11,20,25.738
84,2,1,1,2016,4,18,11,20,31.279
85,2,1,1,2016,4,18,11,20,34.346
86,2,0,1,2016,4,18,11,20,34.912
87,2,1,1,2016,4,18,11,20,37.992
88,2,0,1,2016,4,18,11,20,45.004
89,2,0,1,2016,4,18,11,20,47.484
90,2,0,1,2016,4,18,11,20,47.833
91,2,0,1,2016,4,18,11,20,48.399
92,2,0,1,2016,4,18,11,20,49.31
93,2,0,1,2016,4,18,11,20,50.48
94,2,0,1,2016,4,18,11,20,51.055
95,2,0,1,2016,4,18,11,20,59.934
96,2,0,1,2016,4,18,11,21,0.217
97,2,0,1,2016,4,18,11,21,0.947
98,2,0,1,2016,4,18,11,21,13.059
99,2,0,1,2016,4,18,11,21,27.453
100,2,0,1,2016,4,18,11,21,28.445
101,1,0,1,2016,4,18,11,26,34.621
102,1,0,1,2016,4,18,11,26,40.646
103,1,0,1,2016,4,18,11,26,58.45
104,1,0,1,2016,4,18,11,27,9.782
105,1,0,1,2016,4,18,11,27,11.625
106,1,0,1,2016,4,18,11,27,14.09
107,1,0,1,2016,4,18,12,0,31.792
108,1,0,1,2016,4,18,12,0,31.918
109,1,0,1,2016,4,18,12,0,32.588
110,1,0,1,2016,4,18,12,0,32.621
111,1,0,1,2016,4,18,12,0,36.201
112,1,0,1,2016,4,18,12,0,36.281
113,1,0,1,2016,4,18,12,0,37.226
114,1,0,1,2016,4,18,12,0,37.373
115,1,0,1,2016,4,18,12,0,37.992
116,1,0,1,2016,4,18,12,0,38.067
117,1,0,1,2016,4,18,12,0,40.715
118,1,0,1,2016,4,18,12,0,46.253
119,1,0,1,2016,4,18,12,0,46.609
120,1,0,1,2016,4,18,12,0,47.145
121,1,0,1,2016,4,18,12,0,48.799
122,1,0,1,2016,4,18,12,0,53.409
123,1,0,1,2016,4,18,12,0,54.494
124,1,0,1,2016,4,18,12,0,57.206
125,1,0,1,2016,4,18,12,1,1.118
126,1,0,1,2016,4,18,12,1,3.38
127,1,0,1,2016,4,18,12,1,16.514
128,1,0,1,2016,4,18,12,1,17.643
129,1,0,1,2016,4,18,12,1,17.845
130,1,0,1,2016,4,18,12,6,55.983
131,2,0,1,2016,4,18,12,10,49.834
132,2,0,1,2016,4,18,12,10,50.481
133,2,0,1,2016,4,18,12,11,1.097
134,2,0,1,2016,4,18,12,11,5.277
135,2,0,1,2016,4,18,12,11,5.327
136,2,0,1,2016,4,18,12,11,5.756
137,2,0,1,2016,4,18,12,11,6.965
138,2,0,1,2016,4,18,12,11,7.592
139,2,0,1,2016,4,18,12,11,15.617
140,2,0,1,2016,4,18,12,11,15.675
141,2,0,1,2016,4,18,12,11,15.863
142,2,0,1,2016,4,18,12,11,15.91
143,2,0,1,2016,4,18,12,11,16.088
144,2,0,1,2016,4,18,12,11,17.275
145,2,0,1,2016,4,18,12,11,17.37
146,2,0,1,2016,4,18,12,11,20.972
147,2,0,1,2016,4,18,12,11,21.935
148,2,0,1,2016,4,18,12,11,22.083
149,2,0,1,2016,4,18,12,11,22.142
150,2,0,1,2016,4,18,12,11,22.443
151,2,0,1,2016,4,18,12,11,22.622
152,2,0,1,2016,4,18,12,11,23.83
153,2,0,1,2016,4,18,12,11,25.044
154,1,0,1,2016,4,18,12,22,52.898
155,1,0,1,2016,4,18,12,22,55.699
156,1,0,1,2016,4,18,12,23,3.543
157,1,0,1,2016,4,18,12,23,4.619
158,1,0,1,2016,4,18,12,23,5.012
159,1,0,1,2016,4,18,12,23,5.828
160,1,0,1,2016,4,18,12,23,6.225
161,1,0,1,2016,4,18,12,23,8.425
162,2,0,1,2016,4,18,12,23,38.476
163,2,0,1,2016,4,18,12,23,39.305
164,2,0,1,2016,4,18,12,23,40.176
165,2,0,1,2016,4,18,12,23,41.2
166,2,0,1,2016,4,18,12,23,42.631
167,2,0,1,2016,4,18,12,23,43.506
168,2,0,1,2016,4,18,12,23,45.813
169,2,0,1,2016,4,18,12,23,47.727
170,2,0,1,2016,4,18,12,23,49.581
171,2,0,1,2016,4,18,12,23,50.312
172,2,0,1,2016,4,18,12,23,51.385
173,2,0,1,2016,4,18,12,23,51.954
174,2,0,1,2016,4,18,12,24,0.466
175,2,0,1,2016,4,18,12,24,1.16
176,2,0,1,2016,4,18,12,24,1.91
177,2,0,1,2016,4,18,12,24,2.334
178,2,0,1,2016,4,18,12,24,6.689
179,2,0,1,2016,4,18,12,24,7.695
180,2,0,1,2016,4,18,12,24,8.437
181,2,0,1,2016,4,18,12,24,9.297
182,2,0,1,2016,4,18,12,24,18.048
183,2,0,1,2016,4,18,12,24,19.173
184,2,0,1,2016,4,18,12,24,20.452
185,2,0,1,2016,4,18,12,24,21.501
186,2,0,1,2016,4,18,12,24,22.531
187,2,0,1,2016,4,18,12,24,23.479
188,2,0,1,2016,4,18,12,24,24.461
189,2,0,1,2016,4,18,12,24,25.124
190,2,0,1,2016,4,18,12,24,26.465
191,2,0,1,2016,4,18,12,24,28.327
192,2,0,1,2016,4,18,12,24,29.226
193,2,0,1,2016,4,18,12,24,38.554
194,2,0,1,2016,4,18,12,24,43.544
195,2,0,1,2016,4,18,12,24,44.11
196,2,0,1,2016,4,18,12,24,45.405
197,2,0,1,2016,4,18,12,24,46.534
198,2,0,1,2016,4,18,12,24,48.603
199,2,0,1,2016,4,18,12,24,49.872
200,2,0,1,2016,4,18,12,24,50.362
201,2,0,1,2016,4,18,12,24,51.096
202,2,0,1,2016,4,18,12,24,52.155
203,2,0,1,2016,4,18,12,24,53.021
204,2,0,1,2016,4,18,12,24,54.071
205,2,0,1,2016,4,18,12,24,57.153
206,2,0,1,2016,4,18,12,24,58.047
207,2,0,1,2016,4,18,12,24,59.076
208,2,0,1,2016,4,18,12,25,0.384
209,2,0,1,2016,4,18,12,25,1.074
210,2,0,1,2016,4,18,12,25,1.655
211,2,0,1,2016,4,18,12,25,12.361
212,2,0,1,2016,4,18,12,25,13.042
213,2,0,1,2016,4,18,12,25,14.131
214,2,0,1,2016,4,18,12,25,14.817
215,2,0,1,2016,4,18,12,25,15.709
216,2,0,1,2016,4,18,12,25,16.391
217,2,0,1,2016,4,18,12,25,17.314
218,2,0,1,2016,4,18,12,25,18.375
219,2,0,1,2016,4,18,12,25,18.931
220,2,0,1,2016,4,18,12,25,19.921
221,2,0,1,2016,4,18,12,25,21.486
222,2,0,1,2016,4,18,12,25,22.031
223,2,0,1,2016,4,18,12,25,22.289
224,2,0,1,2016,4,18,12,25,23.094
225,2,0,1,2016,4,18,12,25,27.16
226,2,0,1,2016,4,18,12,25,27.703
227,2,0,1,2016,4,18,12,25,29.28
228,2,0,1,2016,4,18,12,25,30.522
229,2,0,1,2016,4,18,12,25,31.361
230,2,0,1,2016,4,18,12,25,42.944
231,2,0,1,2016,4,18,12,25,43.417
232,2,0,1,2016,4,18,12,25,45.132
233,2,0,1,2016,4,18,12,25,46.092
234,2,0,1,2016,4,18,12,25,46.655
235,2,0,1,2016,4,18,12,26,52.044
236,2,0,1,2016,4,18,12,34,17.67
237,2,0,1,2016,4,18,12,34,18.831
238,2,0,1,2016,4,18,12,34,19.028
239,2,0,1,2016,4,18,12,34,19.323
240,2,0,1,2016,4,18,12,34,19.559
241,2,0,1,2016,4,18,12,34,19.696
242,2,0,1,2016,4,18,12,34,19.886
243,2,0,1,2016,4,18,12,34,20.594
244,2,0,1,2016,4,18,12,34,23.487
245,2,0,1,2016,4,18,12,34,23.597
246,2,0,1,2016,4,18,12,34,39.282
247,2,0,1,2016,4,18,12,34,39.333
248,2,0,1,2016,4,18,12,34,45.355
249,2,0,1,2016,4,18,12,34,47.353
250,2,0,1,2016,4,18,12,34,59.678
251,2,0,1,2016,4,18,12,35,5.055
252,2,0,1,2016,4,18,12,35,7.523
253,2,0,1,2016,4,18,12,35,9.336
254,2,0,1,2016,4,18,12,35,13.177
255,2,0,1,2016,4,18,12,35,25.28
256,2,0,1,2016,4,18,12,43,36.413
257,2,0,1,2016,4,18,12,43,37.31
258,2,0,1,2016,4,18,12,43,39.425
259,2,0,1,2016,4,18,12,43,39.513
260,2,0,1,2016,4,18,12,43,40.472
261,2,0,1,2016,4,18,12,45,24.401
262,2,0,1,2016,4,18,12,45,25.253
263,2,0,1,2016,4,18,12,45,25.302
264,2,0,1,2016,4,18,12,45,26.028
265,2,0,1,2016,4,18,12,45,26.066
266,2,0,1,2016,4,18,12,45,28.28
267,2,0,1,2016,4,18,12,45,28.34
268,2,0,1,2016,4,18,12,45,28.977
269,2,0,1,2016,4,18,12,45,29.252
270,2,0,1,2016,4,18,12,45,31.06
271,2,0,1,2016,4,18,12,45,33.012
272,2,0,1,2016,4,18,12,45,34.014
273,2,0,1,2016,4,18,12,45,35.571
274,2,0,1,2016,4,18,12,45,36.211
275,2,0,1,2016,4,18,12,45,37.063
276,2,0,1,2016,4,18,12,45,40.51
277,2,0,1,2016,4,18,12,45,40.967
278,2,0,1,2016,4,18,12,45,41.595
279,2,0,1,2016,4,18,12,45,42.52
280,2,0,1,2016,4,18,12,45,50.642
281,2,0,1,2016,4,18,12,45,51.36
282,2,0,1,2016,4,18,12,45,52.488
283,2,0,1,2016,4,18,12,45,54.293
284,2,0,1,2016,4,18,12,45,54.967
285,2,0,1,2016,4,18,12,45,55.776
286,2,0,1,2016,4,18,12,45,59.28
287,2,0,1,2016,4,18,12,46,0.184
288,2,0,1,2016,4,18,12,46,1.073
289,2,0,1,2016,4,18,12,46,1.511
290,2,0,1,2016,4,18,12,46,2.453
291,2,0,1,2016,4,18,12,46,7.881
292,2,0,1,2016,4,18,12,46,8.627
293,2,0,1,2016,4,18,12,46,9.801
294,2,0,1,2016,4,18,12,46,11.267
295,2,0,1,2016,4,18,12,46,11.713
296,2,0,1,2016,4,18,12,46,12.461
297,2,0,1,2016,4,18,12,46,13.847
298,2,0,1,2016,4,18,12,46,14.18
299,2,0,1,2016,4,18,12,46,15.307
300,2,0,1,2016,4,18,12,46,16.302
301,2,0,1,2016,4,18,12,46,26.339
302,2,0,1,2016,4,18,12,46,29.465
303,2,0,1,2016,4,18,12,46,33.208
304,2,0,1,2016,4,18,12,46,35.493
305,2,0,1,2016,4,18,12,46,36.449
306,2,0,1,2016,4,18,12,46,37.241
307,2,0,1,2016,4,18,12,46,37.523
308,2,0,1,2016,4,18,12,46,38.928
309,2,0,1,2016,4,18,12,46,42.852
310,2,0,1,2016,4,18,12,46,59.947
311,2,0,1,2016,4,18,13,5,13.853
312,2,0,1,2016,4,18,13,5,31.588
313,2,0,1,2016,4,18,13,5,32.431
314,2,0,1,2016,4,18,13,5,57.33
315,2,0,1,2016,4,18,13,10,58.989
316,1,0,1,2016,4,18,13,14,37.364
317,1,0,1,2016,4,18,13,14,37.491
318,1,0,1,2016,4,18,13,14,37.538
319,1,0,1,2016,4,18,13,14,37.611
320,1,0,1,2016,4,18,13,14,39.253
321,1,0,1,2016,4,18,13,14,40.878
322,1,0,1,2016,4,18,13,14,41.014
323,1,0,1,2016,4,18,13,14,46.198
324,1,0,1,2016,4,18,13,14,46.644
325,1,0,1,2016,4,18,13,14,51.285
326,1,0,1,2016,4,18,13,14,53.354
327,1,0,1,2016,4,18,13,14,58.899
328,1,0,1,2016,4,18,13,15,0.3
329,1,0,1,2016,4,18,13,15,0.648
330,1,0,1,2016,4,18,13,15,9.352
331,1,0,1,2016,4,18,13,15,10.582
332,1,0,1,2016,4,18,13,15,10.632
333,1,0,1,2016,4,18,13,15,10.819
334,1,0,1,2016,4,18,13,15,31.094
335,1,0,1,2016,4,18,13,16,4.395
336,1,0,1,2016,4,18,13,16,4.708
337,1,0,1,2016,4,18,13,16,19.341
338,1,0,1,2016,4,18,13,16,24.074
339,2,0,1,2016,4,18,13,19,27.744
340,2,0,1,2016,4,18,13,19,31.001
341,2,0,1,2016,4,18,13,19,33.771
342,2,0,1,2016,4,18,13,19,39.632
343,2,0,1,2016,4,18,13,19,46.485
344,2,0,1,2016,4,18,13,19,47.448
345,2,0,1,2016,4,18,13,19,48.326
346,2,0,1,2016,4,18,13,19,48.902
347,2,0,1,2016,4,18,13,20,22.5
348,2,0,1,2016,4,18,13,20,54.648
349,2,0,1,2016,4,18,13,20,56.102
350,2,0,1,2016,4,18,13,20,57.153
351,2,0,1,2016,4,18,13,20,57.903
352,2,0,1,2016,4,18,13,20,58.853
353,2,0,1,2016,4,18,13,20,59.823
354,2,0,1,2016,4,18,13,21,0.478
355,2,0,1,2016,4,18,13,21,2.249
356,2,0,1,2016,4,18,13,21,2.801
357,2,0,1,2016,4,18,13,21,3.479
358,2,0,1,2016,4,18,13,21,5.979
359,2,0,1,2016,4,18,13,21,10.752
360,2,0,1,2016,4,18,13,21,11.282
361,2,0,1,2016,4,18,13,21,11.936
362,2,0,1,2016,4,18,13,21,12.975
363,2,0,1,2016,4,18,13,21,14.979
364,2,0,1,2016,4,18,13,21,16.405
365,2,0,1,2016,4,18,13,21,17.876
366,2,0,1,2016,4,18,13,21,18.666
367,2,0,1,2016,4,18,13,21,20.04
368,2,0,1,2016,4,18,13,21,21.392
369,2,0,1,2016,4,18,13,21,22.31
370,2,0,1,2016,4,18,13,21,23.466
371,2,0,1,2016,4,18,13,21,24.315
372,2,0,1,2016,4,18,13,21,25.175
373,2,0,1,2016,4,18,13,21,26.14
374,2,0,1,2016,4,18,13,21,26.803
375,2,0,1,2016,4,18,13,21,30.007
376,2,0,1,2016,4,18,13,21,30.714
377,2,0,1,2016,4,18,13,21,31.712
378,2,0,1,2016,4,18,13,21,32.384
379,2,0,1,2016,4,18,13,32,48.513
380,2,0,1,2016,4,18,13,32,51.527
381,2,0,1,2016,4,18,13,33,1.812
382,2,0,1,2016,4,18,13,33,23.177
383,2,0,1,2016,4,18,13,33,39.272
384,2,0,1,2016,4,18,13,33,48.337
385,2,0,1,2016,4,18,13,33,50.766
386,2,0,1,2016,4,18,13,33,52.3
387,2,0,1,2016,4,18,13,33,52.695
388,2,0,1,2016,4,18,13,33,52.871
389,2,0,1,2016,4,18,13,33,53.903
390,2,0,1,2016,4,18,13,34,27.395
391,2,0,1,2016,4,18,13,34,33.942
392,2,0,1,2016,4,18,13,34,53.115
393,2,0,1,2016,4,18,13,35,15.609
394,2,0,1,2016,4,18,13,35,16.943
395,1,0,1,2016,4,18,13,56,32.612
396,1,0,1,2016,4,18,13,56,36.608
397,2,0,1,2016,4,18,13,56,53.147
398,2,0,1,2016,4,18,13,56,53.405
399,2,0,1,2016,4,18,13,56,54.595
400,2,0,1,2016,4,18,14,5,19.579
401,2,0,1,2016,4,18,14,14,43.526
402,2,0,1,2016,4,18,14,22,29.991
403,2,0,1,2016,4,18,14,22,30.555
404,2,0,1,2016,4,18,14,22,31.214
405,2,0,1,2016,4,18,14,22,32.456
406,2,0,1,2016,4,18,14,40,13.239
407,2,0,1,2016,4,18,14,40,14.765
408,2,0,1,2016,4,18,14,40,16.44
409,2,0,1,2016,4,18,14,41,22.314
410,2,0,1,2016,4,18,14,41,23.197
411,2,0,1,2016,4,18,14,41,24.575
412,2,0,1,2016,4,18,14,41,26.231
413,2,0,1,2016,4,18,14,41,26.899
414,2,0,1,2016,4,18,14,41,27.911
415,2,0,1,2016,4,18,14,41,28.679
416,2,0,1,2016,4,18,14,41,29.394
417,2,0,1,2016,4,18,14,41,31.427
418,2,0,1,2016,4,18,14,41,32.388
419,2,0,1,2016,4,18,14,41,33.365
420,2,0,1,2016,4,18,14,41,34.754
421,2,0,1,2016,4,18,14,41,35.669
422,2,0,1,2016,4,18,14,41,36.81
423,2,0,1,2016,4,18,14,41,39.86
424,2,0,1,2016,4,18,14,41,40.744
425,2,0,1,2016,4,18,14,41,41.144
426,2,0,1,2016,4,18,14,41,41.527
427,2,0,1,2016,4,18,14,41,42.216
428,2,0,1,2016,4,18,14,41,43.061
429,2,0,1,2016,4,18,14,41,47.001
430,2,0,1,2016,4,18,14,41,47.915
431,2,0,1,2016,4,18,14,41,48.706
432,2,0,1,2016,4,18,14,41,51.76
433,2,0,1,2016,4,18,14,41,52.74
434,2,0,1,2016,4,18,14,41,53.808
435,2,0,1,2016,4,18,14,41,54.688
436,2,0,1,2016,4,18,14,42,2.094
437,2,0,1,2016,4,18,14,42,2.981
438,2,0,1,2016,4,18,14,42,3.734
439,2,0,1,2016,4,18,14,42,5.862
440,2,0,1,2016,4,18,14,42,6.829
441,1,0,1,2016,4,18,14,42,21.765
442,1,0,1,2016,4,18,14,42,23.973
443,1,0,1,2016,4,18,14,42,24.038
444,1,0,1,2016,4,18,14,42,24.112
445,2,0,1,2016,4,18,14,53,15.762
446,2,0,1,2016,4,18,14,53,16.217
447,1,0,1,2016,4,18,14,54,11.542
448,1,0,1,2016,4,18,14,54,12.268
449,1,0,1,2016,4,18,14,54,12.917
450,2,0,1,2016,4,18,15,5,13.832
451,2,0,1,2016,4,18,15,5,16.845
452,2,0,1,2016,4,18,15,5,17.344
453,2,0,1,2016,4,18,15,5,18.511
454,2,0,1,2016,4,18,15,5,20.195
455,2,0,1,2016,4,18,15,5,20.663
456,2,0,1,2016,4,18,15,5,21.461
457,2,0,1,2016,4,18,15,5,21.67
458,2,0,1,2016,4,18,15,22,22.222
459,2,0,1,2016,4,18,15,22,23.091
460,2,0,1,2016,4,18,15,22,23.893
461,2,0,1,2016,4,18,15,22,25.868
462,2,0,1,2016,4,18,15,22,32.616
463,2,0,1,2016,4,18,15,22,33.129
464,2,0,1,2016,4,18,15,22,34.688
465,2,0,1,2016,4,18,15,22,36.005
466,2,0,1,2016,4,18,15,22,36.753
467,2,0,1,2016,4,18,15,22,38.627
468,2,0,1,2016,4,18,15,22,40.862
469,2,0,1,2016,4,18,15,22,42.158
470,2,0,1,2016,4,18,15,22,42.875
471,2,0,1,2016,4,18,15,22,43.747
472,2,0,1,2016,4,18,15,22,45.009
473,2,0,1,2016,4,18,15,22,50.891
474,2,0,1,2016,4,18,15,22,52.815
475,2,0,1,2016,4,18,15,22,53.284
476,2,0,1,2016,4,18,15,22,54.281
477,2,0,1,2016,4,18,15,22,54.762
478,2,0,1,2016,4,18,15,22,56.371
479,2,0,1,2016,4,18,15,22,57.142
480,2,0,1,2016,4,18,15,22,58.401
481,2,0,1,2016,4,18,15,24,8.534
482,2,0,1,2016,4,18,15,24,9.535
483,2,0,1,2016,4,18,15,24,10.9
484,2,0,1,2016,4,18,15,24,11.436
485,2,0,1,2016,4,18,15,24,14.58
486,2,0,1,2016,4,18,15,24,14.924
487,2,0,1,2016,4,18,15,24,15.57
488,2,0,1,2016,4,18,15,24,15.68
489,2,0,1,2016,4,18,15,24,16.271
490,2,0,1,2016,4,18,15,24,16.675
491,2,0,1,2016,4,18,15,48,6.057
492,2,0,1,2016,4,18,15,48,6.494
493,2,0,1,2016,4,18,15,48,14.881
494,2,0,1,2016,4,18,15,48,35.899
495,2,0,1,2016,4,18,15,48,36.571
496,2,0,1,2016,4,18,15,48,37.3
497,2,0,1,2016,4,18,15,48,37.992
498,2,0,1,2016,4,18,15,48,38.958
499,2,0,1,2016,4,18,15,48,39.632
500,2,0,1,2016,4,18,15,48,40.625
501,2,0,1,2016,4,18,15,48,42.101
502,2,0,1,2016,4,18,15,48,44.42
503,2,0,1,2016,4,18,15,48,44.873
504,2,0,1,2016,4,18,15,48,47.5
505,2,0,1,2016,4,18,15,48,48.219
506,2,0,1,2016,4,18,15,48,48.636
507,2,0,1,2016,4,18,15,48,49.312
508,2,0,1,2016,4,18,15,48,50.134
509,2,0,1,2016,4,18,15,48,51.81
510,2,0,1,2016,4,18,15,48,52.85
511,2,0,1,2016,4,18,15,48,57.629
512,2,0,1,2016,4,18,15,48,58.817
513,2,0,1,2016,4,18,15,49,0.05
514,2,0,1,2016,4,18,15,49,0.638
515,2,0,1,2016,4,18,15,49,49.992
516,2,0,1,2016,4,18,15,49,51.088
517,2,0,1,2016,4,18,15,49,51.997
518,1,0,1,2016,4,18,15,50,25.355
519,2,0,1,2016,4,18,15,58,28.782
520,2,0,1,2016,4,18,15,58,29.203
521,2,0,1,2016,4,18,15,58,31.993
522,2,0,1,2016,4,18,15,58,33.23
523,2,0,1,2016,4,18,15,58,35.172
524,2,0,1,2016,4,18,15,58,35.825
525,2,0,1,2016,4,18,15,58,37.067
526,2,0,1,2016,4,18,16,3,52.917
527,1,0,1,2016,4,18,16,16,33.878
528,1,0,1,2016,4,18,16,16,45.364
529,1,0,1,2016,4,18,16,16,54.561
530,1,0,1,2016,4,18,16,16,56.32
531,1,0,1,2016,4,18,16,17,2.333
532,1,0,1,2016,4,18,16,17,8.795
533,1,0,1,2016,4,18,16,17,11.066
534,1,0,1,2016,4,18,16,17,11.712
535,1,0,1,2016,4,18,16,17,13.999
536,1,0,1,2016,4,18,16,17,22.206
537,2,0,1,2016,4,18,16,23,46.061
538,2,0,1,2016,4,18,16,23,46.417
539,2,0,1,2016,4,18,16,23,47.923
540,2,0,1,2016,4,18,16,23,48.055
541,2,0,1,2016,4,18,16,23,49.22
542,2,0,1,2016,4,18,16,23,49.33
543,2,0,1,2016,4,18,16,23,55.671
544,2,0,1,2016,4,18,16,23,55.733
545,2,0,1,2016,4,18,16,23,58.6
546,2,0,1,2016,4,18,16,23,59.429
547,2,0,1,2016,4,18,16,25,38.821
548,2,0,1,2016,4,18,16,25,39.251
549,2,0,1,2016,4,18,16,25,45.804
550,2,0,1,2016,4,18,16,25,46.27
551,2,0,1,2016,4,18,16,25,46.974
552,2,0,1,2016,4,18,16,25,48.007
553,2,0,1,2016,4,18,16,25,48.716
554,2,0,1,2016,4,18,16,25,49.241
555,2,0,1,2016,4,18,16,25,49.541
556,2,0,1,2016,4,18,16,25,52.932
557,2,0,1,2016,4,18,16,25,54.045
558,2,0,1,2016,4,18,16,25,55.974
559,2,0,1,2016,4,18,16,25,56.508
560,2,0,1,2016,4,18,16,25,56.682
561,2,0,1,2016,4,18,16,26,0.141
562,2,0,1,2016,4,18,16,26,0.305
563,2,0,1,2016,4,18,16,26,1.352
564,2,0,1,2016,4,18,16,26,2.991
565,2,0,1,2016,4,18,16,26,3.545
566,2,0,1,2016,4,18,16,26,15.015
567,2,0,1,2016,4,18,16,26,15.784
568,2,0,1,2016,4,18,16,26,24.511
569,2,0,1,2016,4,18,16,26,26.06
570,2,0,1,2016,4,18,16,26,28.797
571,2,0,1,2016,4,18,16,26,29.359
572,2,0,1,2016,4,18,16,26,30.164
573,2,0,1,2016,4,18,16,26,30.858
574,2,0,1,2016,4,18,16,26,32.557
575,2,0,1,2016,4,18,16,26,33.777
576,2,0,1,2016,4,18,16,26,34.523
577,2,0,1,2016,4,18,16,26,35.366
578,2,0,1,2016,4,18,16,26,37.154
579,2,0,1,2016,4,18,16,26,40.456
580,2,0,1,2016,4,18,16,26,41.14
581,2,0,1,2016,4,18,16,26,42.288
582,2,0,1,2016,4,18,16,26,46.01
583,2,0,1,2016,4,18,16,26,47.02
584,2,0,1,2016,4,18,16,26,47.76
585,2,0,1,2016,4,18,16,26,48.489
586,2,0,1,2016,4,18,16,26,49.468
587,2,0,1,2016,4,18,16,26,50.163
588,2,0,1,2016,4,18,16,26,51.131
589,2,0,1,2016,4,18,16,26,51.691
590,2,0,1,2016,4,18,16,27,1.078
591,2,0,1,2016,4,18,16,27,2.189
592,2,0,1,2016,4,18,16,27,3.142
593,2,0,1,2016,4,18,16,27,3.998
594,2,0,1,2016,4,18,16,27,4.808
595,2,0,1,2016,4,18,16,27,5.937
596,2,0,1,2016,4,18,16,27,28.666
597,2,0,1,2016,4,18,16,27,29.665
598,2,0,1,2016,4,18,16,27,31.264
599,2,0,1,2016,4,18,16,27,32.031
600,2,0,1,2016,4,18,16,27,33.29
601,2,0,1,2016,4,18,16,27,34.212
602,2,0,1,2016,4,18,16,27,35.41
603,2,0,1,2016,4,18,16,27,38.744
604,2,0,1,2016,4,18,16,27,39.31
605,2,0,1,2016,4,18,16,27,40.39
606,2,0,1,2016,4,18,16,27,42.814
607,2,0,1,2016,4,18,16,27,43.652
608,2,0,1,2016,4,18,16,27,44.643
609,2,0,1,2016,4,18,16,27,45.41
610,2,0,1,2016,4,18,16,27,46.544
611,2,0,1,2016,4,18,16,27,47.364
612,2,0,1,2016,4,18,16,27,48.122
613,2,0,1,2016,4,18,16,27,49.149
614,2,0,1,2016,4,18,16,27,49.3
615,2,0,1,2016,4,18,16,27,50.199
616,2,0,1,2016,4,18,16,27,51.035
617,2,0,1,2016,4,18,16,27,51.376
618,2,0,1,2016,4,18,16,28,35.921
619,2,0,1,2016,4,18,16,28,38.128
620,2,0,1,2016,4,18,16,28,38.917
621,2,0,1,2016,4,18,16,28,39.57
622,2,0,1,2016,4,18,16,28,40.7
623,2,0,1,2016,4,18,16,28,42.654
624,2,0,1,2016,4,18,16,28,43.453
625,2,0,1,2016,4,18,16,31,27.427
626,2,0,1,2016,4,18,16,31,27.721
627,2,0,1,2016,4,18,16,31,29.821
628,2,0,1,2016,4,18,16,55,57.495
629,2,0,1,2016,4,18,16,55,58.162
630,2,0,1,2016,4,18,16,55,58.844
631,2,0,1,2016,4,18,16,56,4.502
632,2,0,1,2016,4,18,16,56,5.215
633,2,0,1,2016,4,18,16,56,6.789
634,2,0,1,2016,4,18,16,56,7.433
635,2,0,1,2016,4,18,16,56,8.682
636,2,0,1,2016,4,18,16,56,8.8
637,2,0,1,2016,4,18,16,56,9.097
638,2,0,1,2016,4,18,16,56,31.292
639,2,0,1,2016,4,18,16,56,34.234
640,2,0,1,2016,4,18,16,56,35.191
641,2,0,1,2016,4,18,16,56,35.839
642,2,0,1,2016,4,18,16,56,36.696
643,2,0,1,2016,4,18,16,56,38.206
644,2,0,1,2016,4,18,16,56,38.599
645,2,0,1,2016,4,18,16,57,13.491
646,2,0,1,2016,4,18,16,57,14.235
647,2,0,1,2016,4,18,16,57,24.021
648,2,0,1,2016,4,18,16,57,26.357
649,2,0,1,2016,4,18,16,57,27.048
650,2,0,1,2016,4,18,16,57,48.717
651,2,0,1,2016,4,18,16,57,49.935
652,2,0,1,2016,4,18,16,57,51.073
653,2,0,1,2016,4,18,16,57,51.71
654,2,0,1,2016,4,18,16,58,11.105
655,2,0,1,2016,4,18,16,58,30.791
656,2,0,1,2016,4,18,16,58,31.388
657,2,0,1,2016,4,18,16,58,32.31
658,2,0,1,2016,4,18,16,58,33.497
659,2,0,1,2016,4,18,16,58,34.477
660,2,0,1,2016,4,18,16,59,54.057
661,2,0,1,2016,4,18,16,59,58.191
662,2,0,1,2016,4,18,16,59,58.795
663,2,0,1,2016,4,18,16,59,59.646
664,2,0,1,2016,4,18,17,0,24.711
665,2,0,1,2016,4,18,17,0,25.497
666,2,0,1,2016,4,18,17,0,26.654
667,2,0,1,2016,4,18,17,0,27.338
668,2,0,1,2016,4,18,17,0,28.04
669,2,0,1,2016,4,18,17,0,33.915
670,2,0,1,2016,4,18,17,0,35.511
671,2,0,1,2016,4,18,17,0,36.416
672,2,0,1,2016,4,18,17,0,36.867
673,2,0,1,2016,4,18,17,0,39.246
674,2,0,1,2016,4,18,17,0,40.723
675,2,0,1,2016,4,18,17,0,44.63
676,2,0,1,2016,4,18,17,0,45.204
677,2,0,1,2016,4,18,17,0,45.88
678,2,0,1,2016,4,18,17,0,46.325
679,2,0,1,2016,4,18,17,0,49.022
680,2,0,1,2016,4,18,17,0,49.606
681,2,0,1,2016,4,18,17,0,56.917
682,2,0,1,2016,4,18,17,0,57.615
683,2,0,1,2016,4,18,17,0,58.796
684,2,0,1,2016,4,18,17,1,0.002
685,2,0,1,2016,4,18,17,1,1.413
686,2,0,1,2016,4,18,17,1,2.98
687,2,0,1,2016,4,18,17,1,4.085
688,2,0,1,2016,4,18,17,1,6.049
689,2,0,1,2016,4,18,17,1,6.616
690,1,0,1,2016,4,18,17,2,4.206
691,1,0,1,2016,4,18,17,2,4.293
692,1,0,1,2016,4,18,17,2,4.547
693,1,0,1,2016,4,18,17,2,7.105
694,1,0,1,2016,4,18,17,2,7.885
695,1,0,1,2016,4,18,17,2,8.214
696,1,0,1,2016,4,18,17,2,10.253
697,1,0,1,2016,4,18,17,2,11.087
698,1,0,1,2016,4,18,17,2,11.628
699,1,0,1,2016,4,18,17,2,19.535
700,1,0,1,2016,4,18,17,2,20.325
701,1,0,1,2016,4,18,17,2,23.023
702,1,0,1,2016,4,18,17,2,24.937
703,1,0,1,2016,4,18,17,2,25.045
704,1,0,1,2016,4,18,17,2,25.222
705,1,0,1,2016,4,18,17,2,27.026
706,1,0,1,2016,4,18,17,2,27.73
707,1,0,1,2016,4,18,17,2,29.311
708,1,0,1,2016,4,18,17,2,29.523
709,1,0,1,2016,4,18,17,2,38.427
710,1,0,1,2016,4,18,17,2,38.759
711,1,0,1,2016,4,18,17,2,39.707
712,1,0,1,2016,4,18,17,2,40.768
713,1,0,1,2016,4,18,17,2,45.899
714,1,0,1,2016,4,18,17,2,46.042
715,1,0,1,2016,4,18,17,2,46.827
716,1,0,1,2016,4,18,17,2,48.36
717,1,0,1,2016,4,18,17,2,49.892
718,1,0,1,2016,4,18,17,2,51.471
719,1,0,1,2016,4,18,17,2,52.605
720,2,0,1,2016,4,18,17,3,10.647
721,2,0,1,2016,4,18,17,3,11.602
722,2,0,1,2016,4,18,17,3,12.572
723,2,0,1,2016,4,18,17,3,12.711
724,2,0,1,2016,4,18,17,3,13.257
725,2,0,1,2016,4,18,17,3,56.725
726,2,0,1,2016,4,18,17,3,58.127
727,2,0,1,2016,4,18,17,3,58.791
728,2,0,1,2016,4,18,17,3,59.265
729,2,0,1,2016,4,18,17,4,1.532
730,1,0,1,2016,4,18,17,5,30.5
731,1,0,1,2016,4,18,17,5,30.871
732,1,0,1,2016,4,18,17,5,32.931
733,1,0,1,2016,4,18,17,5,33.711
734,1,0,1,2016,4,18,17,5,35.322
735,1,0,1,2016,4,18,17,5,35.572
736,1,0,1,2016,4,18,17,5,36.979
737,1,0,1,2016,4,18,17,5,40.752
738,1,0,1,2016,4,18,17,5,44.646
739,1,0,1,2016,4,18,17,5,46.966
740,1,0,1,2016,4,18,17,5,48.423
741,1,0,1,2016,4,18,17,5,49.434
742,1,0,1,2016,4,18,17,5,51.058
743,1,0,1,2016,4,18,17,5,51.285
744,1,0,1,2016,4,18,17,5,57.02
745,1,0,1,2016,4,18,17,5,57.165
746,1,0,1,2016,4,18,17,5,58.616
747,1,0,1,2016,4,18,17,5,59.321
748,1,0,1,2016,4,18,17,5,59.401
749,1,0,1,2016,4,18,17,6,0.387
750,1,0,1,2016,4,18,17,6,0.753
751,1,0,1,2016,4,18,17,6,2.775
752,1,0,1,2016,4,18,17,6,4.29
753,1,0,1,2016,4,18,17,6,6.28
754,1,0,1,2016,4,18,17,6,8.346
755,1,0,1,2016,4,18,17,6,14.544
756,1,0,1,2016,4,18,17,6,16.151
757,1,0,1,2016,4,18,17,6,20.684
758,1,0,1,2016,4,18,17,6,25.482
759,1,0,1,2016,4,18,17,6,36.932
760,1,0,1,2016,4,18,17,6,37.029
761,2,0,1,2016,4,18,17,7,24.326
762,2,0,1,2016,4,18,17,7,25.173
763,2,0,1,2016,4,18,17,7,27.006
764,2,0,1,2016,4,18,17,8,5.911
765,2,0,1,2016,4,18,17,8,6.864
766,2,0,1,2016,4,18,17,8,7.554
767,2,0,1,2016,4,18,17,8,8.293
768,2,0,1,2016,4,18,17,9,11.892
769,2,0,1,2016,4,18,17,9,16.681
770,2,0,1,2016,4,18,17,9,25.621
771,2,0,1,2016,4,18,17,10,6.448
772,2,0,1,2016,4,18,17,10,7.949
773,2,0,1,2016,4,18,17,10,10.033
774,2,0,1,2016,4,18,17,10,14.236
775,2,0,1,2016,4,18,17,10,14.468
776,2,0,1,2016,4,18,17,10,31.109
777,2,0,1,2016,4,18,17,10,33.676
778,2,0,1,2016,4,18,17,10,34.208
779,2,0,1,2016,4,18,17,10,34.972
780,2,0,1,2016,4,18,17,10,46.105
781,2,0,1,2016,4,18,17,10,46.564
782,2,0,1,2016,4,18,17,11,6.159
783,2,0,1,2016,4,18,17,11,6.682
784,2,0,1,2016,4,18,17,11,20.699
785,2,0,1,2016,4,18,17,11,24.654
786,2,0,1,2016,4,18,17,11,27.212
787,2,0,1,2016,4,18,17,11,28.054
788,2,0,1,2016,4,18,17,11,28.634
789,2,0,1,2016,4,18,17,11,29.74
790,2,0,1,2016,4,18,17,12,19.048
791,2,0,1,2016,4,18,17,13,8.935
792,2,0,1,2016,4,18,17,14,58.289
793,2,0,1,2016,4,18,17,15,12.032
794,2,0,1,2016,4,18,17,15,23.586
795,2,0,1,2016,4,18,17,16,9.031
796,2,0,1,2016,4,18,17,16,17.103
797,2,0,1,2016,4,18,17,16,19.487
798,2,0,1,2016,4,18,17,16,22.936
799,2,0,1,2016,4,18,17,16,24.064
800,2,0,1,2016,4,18,17,16,37.272
801,2,0,1,2016,4,18,17,16,38.441
802,2,0,1,2016,4,18,17,16,40.415
803,2,0,1,2016,4,18,17,16,42.602
804,2,0,1,2016,4,18,17,16,42.739
805,2,0,1,2016,4,18,17,16,44.202
806,2,0,1,2016,4,18,17,16,44.532
807,1,0,1,2016,4,18,17,17,53.395
808,1,0,1,2016,4,18,17,18,3.751
809,1,0,1,2016,4,18,17,18,25.272
810,1,0,1,2016,4,18,17,18,28.836
811,1,0,1,2016,4,18,17,18,35.189
812,1,0,1,2016,4,18,17,18,40.361
813,1,0,1,2016,4,18,17,18,43.51
814,1,0,1,2016,4,18,17,19,0.342
815,1,0,1,2016,4,18,17,19,2.606
816,1,0,1,2016,4,18,17,19,18.624
817,2,0,1,2016,4,18,17,29,8.707
818,2,0,1,2016,4,18,17,29,9.561
819,2,0,1,2016,4,18,17,29,10.343
820,2,0,1,2016,4,18,17,29,11.089
821,2,0,1,2016,4,18,17,40,4.333
822,2,0,1,2016,4,18,17,41,16.951
823,2,0,1,2016,4,18,17,41,18.187
824,2,0,1,2016,4,18,17,41,19.357
825,2,0,1,2016,4,18,17,42,4.112
826,2,0,1,2016,4,18,17,42,15.76
827,1,0,1,2016,4,18,17,42,33.462
828,1,0,1,2016,4,18,17,42,34.961
829,1,0,1,2016,4,18,17,42,52.492
830,1,0,1,2016,4,18,17,42,53.142
831,1,0,1,2016,4,18,17,42,53.366
832,1,0,1,2016,4,18,17,42,55.016
833,2,0,1,2016,4,18,17,43,52.443
834,2,0,1,2016,4,18,17,44,21.946
835,2,0,1,2016,4,18,17,44,22.664
836,2,0,1,2016,4,18,17,44,26.242
837,2,0,1,2016,4,18,17,44,27.022
838,2,0,1,2016,4,18,17,44,30.738
839,2,0,1,2016,4,18,17,44,31.428
840,1,0,1,2016,4,18,17,58,37.277
841,1,0,1,2016,4,18,17,59,12.429
842,1,0,1,2016,4,18,17,59,26.371
843,1,0,1,2016,4,18,17,59,27.438
844,1,0,1,2016,4,18,17,59,30.199
845,1,0,1,2016,4,18,17,59,31.756
846,1,0,1,2016,4,18,17,59,33.348
847,1,0,1,2016,4,18,17,59,35.654
848,1,0,1,2016,4,18,17,59,41.182
849,1,0,1,2016,4,18,17,59,45.617
850,1,0,1,2016,4,18,17,59,48.874
851,1,0,1,2016,4,18,17,59,51.552
852,1,0,1,2016,4,18,17,59,55.369
853,1,0,1,2016,4,18,18,0,1.56
854,1,0,1,2016,4,18,18,0,2.304
855,1,0,1,2016,4,18,18,0,3.528
856,1,0,1,2016,4,18,18,0,5.613
857,1,0,1,2016,4,18,18,0,7.524
858,1,0,1,2016,4,18,18,0,10.353
859,1,0,1,2016,4,18,18,0,14.921
860,1,0,1,2016,4,18,18,0,24.319
861,1,0,1,2016,4,18,18,0,26.221
862,1,0,1,2016,4,18,18,0,34.077
863,1,0,1,2016,4,18,18,0,39.397
864,1,0,1,2016,4,18,18,0,40.06
865,1,0,1,2016,4,18,18,0,40.668
866,1,0,1,2016,4,18,18,1,9.227
867,1,0,1,2016,4,18,18,1,9.581
868,1,0,1,2016,4,18,18,1,9.694
869,1,0,1,2016,4,18,18,1,54.178
870,1,0,1,2016,4,18,18,1,59.453
871,1,0,1,2016,4,18,18,2,1.665
872,1,0,1,2016,4,18,18,2,3.218
873,1,0,1,2016,4,18,18,2,5.991
874,1,0,1,2016,4,18,18,2,9.202
875,1,0,1,2016,4,18,18,7,34.704
