Var1_1,Var1_2,Var1_3,Var1_4,Var1_5,Var1_6,Var1_7,Var1_8,Var1_9
0,0,0,2017,12,8,7,20,27.763
1,1,0,2017,12,8,7,29,27.863
2,1,0,2017,12,8,7,29,55.059
3,1,0,2017,12,8,7,30,56.052
4,1,0,2017,12,8,7,31,9.953
5,1,0,2017,12,8,7,31,10.771
6,1,0,2017,12,8,7,31,12.97
7,1,0,2017,12,8,7,31,13.531
8,0,1,2017,12,8,7,32,51.431
9,0,1,2017,12,8,7,32,51.453
10,1,0,2017,12,8,7,40,8.318
11,1,0,2017,12,8,7,46,15.283
12,1,0,2017,12,8,7,46,54.021
13,1,0,2017,12,8,7,47,8.026
14,1,0,2017,12,8,7,47,10.37
15,1,0,2017,12,8,7,47,10.421
16,1,0,2017,12,8,7,52,49.556
17,1,0,2017,12,8,7,52,49.679
18,0,1,2017,12,8,7,55,46.774
19,1,0,2017,12,8,7,58,23.979
20,1,0,2017,12,8,8,1,53.473
21,0,1,2017,12,8,8,6,50.04
22,1,0,2017,12,8,8,8,46.693
23,1,0,2017,12,8,8,8,50.152
24,1,0,2017,12,8,8,36,43.815
25,0,1,2017,12,8,8,52,42.052
26,0,1,2017,12,8,8,52,44.464
27,0,1,2017,12,8,8,52,44.929
28,0,1,2017,12,8,8,55,14.486
29,1,0,2017,12,8,8,56,0.009
30,0,1,2017,12,8,8,56,56.587
31,1,0,2017,12,8,9,1,6.334
32,0,1,2017,12,8,9,9,23.48
33,0,1,2017,12,8,9,17,45.702
34,0,1,2017,12,8,9,18,35.973
35,0,1,2017,12,8,9,23,53.724
36,0,1,2017,12,8,9,23,55.073
37,0,1,2017,12,8,9,25,20.71
38,0,1,2017,12,8,9,30,22.739
39,0,1,2017,12,8,9,44,55.81
40,0,1,2017,12,8,9,44,57.033
41,1,0,2017,12,8,10,0,4.425
42,1,0,2017,12,8,10,0,4.621
43,1,0,2017,12,8,10,0,4.675
44,0,1,2017,12,8,10,2,13.531
45,0,1,2017,12,8,10,2,18.234
46,1,0,2017,12,8,10,7,47.564
47,1,0,2017,12,8,10,11,4.268
48,1,0,2017,12,8,10,11,36.395
49,1,0,2017,12,8,10,11,36.582
50,1,0,2017,12,8,10,11,38.427
51,1,0,2017,12,8,10,11,38.543
52,1,0,2017,12,8,10,11,46.966
53,1,0,2017,12,8,10,11,48.822
54,1,0,2017,12,8,10,11,48.874
55,1,0,2017,12,8,10,11,49.919
56,0,1,2017,12,8,10,15,0.678
57,0,1,2017,12,8,10,15,0.796
58,1,0,2017,12,8,10,17,19.095
59,1,0,2017,12,8,10,17,43.67
60,0,1,2017,12,8,10,42,46.079
61,0,1,2017,12,8,10,43,44.583
62,0,1,2017,12,8,10,43,47.231
63,0,1,2017,12,8,10,43,48.643
64,0,1,2017,12,8,10,45,1.297
65,1,0,2017,12,8,10,54,3.533
66,1,0,2017,12,8,10,54,3.614
67,1,0,2017,12,8,10,54,26.761
68,1,0,2017,12,8,10,55,57.461
69,1,0,2017,12,8,10,55,57.512
70,1,0,2017,12,8,11,6,19.01
71,1,0,2017,12,8,11,12,37.557
72,1,0,2017,12,8,11,20,26.397
73,1,0,2017,12,8,11,23,31.436
74,1,0,2017,12,8,11,23,32.866
75,1,0,2017,12,8,11,23,41.059
76,1,0,2017,12,8,11,23,42.944
77,1,0,2017,12,8,11,24,48.046
78,1,0,2017,12,8,11,25,19.387
79,1,0,2017,12,8,12,48,40.51
80,1,0,2017,12,8,12,50,56.387
81,1,0,2017,12,8,12,51,23.035
82,1,0,2017,12,8,12,55,4.075
83,0,1,2017,12,8,13,2,15.152
84,0,1,2017,12,8,13,3,58.078
85,1,0,2017,12,8,13,8,14.173
86,0,1,2017,12,8,13,12,0.263
87,0,1,2017,12,8,13,12,0.461
88,0,1,2017,12,8,13,12,14.825
89,1,0,2017,12,8,13,22,22.217
90,0,1,2017,12,8,13,56,22.083
91,0,1,2017,12,8,13,56,25.64
92,0,1,2017,12,8,13,56,55.528
93,0,1,2017,12,8,13,56,57.124
94,0,1,2017,12,8,13,56,57.17
95,0,1,2017,12,8,13,56,57.771
96,0,1,2017,12,8,13,56,58.191
97,0,1,2017,12,8,13,57,2.849
98,0,1,2017,12,8,13,57,9.251
99,0,1,2017,12,8,13,57,20.945
100,0,1,2017,12,8,13,57,22.857
101,0,1,2017,12,8,13,57,24.499
102,0,1,2017,12,8,13,59,0.976
103,0,1,2017,12,8,13,59,1.266
104,0,1,2017,12,8,13,59,38.722
105,0,1,2017,12,8,13,59,49.184
106,1,0,2017,12,8,14,0,36.911
107,1,0,2017,12,8,14,0,39.401
108,1,0,2017,12,8,14,0,40.019
109,1,0,2017,12,8,14,3,10.918
110,1,0,2017,12,8,14,3,24.82
111,1,0,2017,12,8,14,8,53.426
112,1,0,2017,12,8,14,12,35.101
113,1,0,2017,12,8,14,13,59.709
114,1,0,2017,12,8,14,14,0.217
115,1,0,2017,12,8,14,14,0.737
116,1,0,2017,12,8,14,14,1.053
117,1,0,2017,12,8,14,14,31.569
118,1,0,2017,12,8,14,16,59.015
119,1,0,2017,12,8,14,16,59.189
120,1,0,2017,12,8,14,17,30.19
121,1,0,2017,12,8,14,18,57.71
122,0,1,2017,12,8,14,24,38.697
123,1,0,2017,12,8,14,26,15.573
124,0,1,2017,12,8,14,27,57.699
125,0,1,2017,12,8,14,33,27.616
126,1,0,2017,12,8,14,49,33.361
127,0,1,2017,12,8,14,51,3.021
128,0,1,2017,12,8,14,51,12.862
129,1,0,2017,12,8,14,53,36.87
130,1,0,2017,12,8,14,53,38.041
131,1,0,2017,12,8,14,53,40.888
132,0,1,2017,12,8,15,6,37.8
133,0,1,2017,12,8,15,6,38.315
134,0,1,2017,12,8,15,6,39.495
135,0,1,2017,12,8,15,6,41.43
136,0,1,2017,12,8,15,6,41.711
137,0,1,2017,12,8,15,6,43.291
138,0,1,2017,12,8,15,6,56.829
139,0,1,2017,12,8,15,6,57.126
140,0,1,2017,12,8,15,6,59.146
141,1,0,2017,12,8,15,14,26.689
142,0,1,2017,12,8,15,29,49.372
143,0,1,2017,12,8,15,29,58.345
144,0,1,2017,12,8,15,30,2.74
145,0,1,2017,12,8,15,31,11.242
146,0,1,2017,12,8,15,31,11.502
147,0,1,2017,12,8,15,35,3.079
148,0,1,2017,12,8,15,35,3.228
149,0,1,2017,12,8,15,35,4.504
150,0,1,2017,12,8,15,35,12.025
151,0,1,2017,12,8,15,37,22.262
152,0,1,2017,12,8,15,37,22.874
153,0,1,2017,12,8,15,39,7.154
154,0,1,2017,12,8,15,39,7.395
155,0,1,2017,12,8,15,43,15.898
156,0,1,2017,12,8,15,43,15.95
157,1,0,2017,12,8,15,43,45.098
158,1,0,2017,12,8,15,44,15.812
159,1,0,2017,12,8,15,47,27.575
160,0,1,2017,12,8,15,50,7.091
161,0,1,2017,12,8,15,56,18.892
162,1,0,2017,12,8,15,56,57.865
163,0,1,2017,12,8,15,57,48.177
164,0,1,2017,12,8,16,0,3.01
165,0,1,2017,12,8,16,0,3.911
166,0,1,2017,12,8,16,0,6.773
167,0,1,2017,12,8,16,0,8.583
168,1,0,2017,12,8,16,23,2.033
169,0,1,2017,12,8,16,31,27.13
170,0,1,2017,12,8,16,31,28.572
171,0,1,2017,12,8,16,33,5.549
172,0,1,2017,12,8,17,1,11.634
173,0,1,2017,12,8,17,3,31.472
174,0,1,2017,12,8,17,3,33.212
175,0,1,2017,12,8,17,3,34.752
176,0,1,2017,12,8,17,3,38.654
177,0,1,2017,12,8,17,16,25.381
178,0,1,2017,12,8,17,41,12.375
179,0,1,2017,12,8,17,41,30.777
180,0,1,2017,12,8,17,41,51.188
181,0,1,2017,12,8,17,41,53.287
182,0,1,2017,12,8,17,41,53.322
183,0,1,2017,12,8,18,30,33.662
184,0,1,2017,12,8,18,36,26.197
