Var1_ 1,Var1_ 2,Var1_ 3,Var1_ 4,Var1_ 5,Var1_ 6,Var1_ 7,Var1_ 8,Var1_ 9,Var1_10
0,0,0,0,2016,4,3,10,18,29.894
1,1,1,1,2016,4,3,10,21,11.528
2,1,1,1,2016,4,3,10,36,31.029
3,1,0,1,2016,4,3,10,36,31.791
4,1,1,1,2016,4,3,10,36,55.045
5,1,0,1,2016,4,3,10,36,55.664
6,1,2,1,2016,4,3,10,37,1.923
7,1,0,1,2016,4,3,10,37,3.044
8,1,1,1,2016,4,3,10,37,13.115
9,1,0,1,2016,4,3,10,37,13.962
10,1,0,1,2016,4,3,10,37,14.592
11,1,1,1,2016,4,3,10,37,21.607
12,1,1,1,2016,4,3,10,37,36.977
13,1,0,1,2016,4,3,10,37,37.557
14,1,0,1,2016,4,3,10,37,38.21
15,1,0,1,2016,4,3,10,37,38.813
16,1,0,1,2016,4,3,10,37,39.415
17,1,1,1,2016,4,3,10,37,41.014
18,1,0,1,2016,4,3,10,37,41.827
19,1,0,1,2016,4,3,10,37,42.733
20,1,0,1,2016,4,3,10,37,43.352
21,1,1,1,2016,4,3,10,37,43.912
22,1,1,1,2016,4,3,10,37,51.235
23,1,1,1,2016,4,3,10,37,54.702
24,1,0,1,2016,4,3,10,37,55.497
25,1,0,1,2016,4,3,10,37,56.388
26,1,0,1,2016,4,3,10,37,56.779
27,1,2,1,2016,4,3,10,38,1.451
28,1,0,1,2016,4,3,10,38,2.531
29,1,2,1,2016,4,3,10,38,12.126
30,1,0,1,2016,4,3,10,38,13
31,1,0,1,2016,4,3,10,38,13.56
32,1,1,1,2016,4,3,10,39,52.282
33,1,2,1,2016,4,3,10,43,23.552
34,1,0,1,2016,4,3,10,43,24.329
35,1,0,1,2016,4,3,10,43,25.157
36,1,2,1,2016,4,3,10,43,28.515
37,1,0,1,2016,4,3,10,43,29.192
38,1,0,1,2016,4,3,10,43,29.949
39,1,0,1,2016,4,3,10,43,30.494
40,1,0,1,2016,4,3,10,43,31.292
41,1,1,1,2016,4,3,10,43,31.999
42,1,0,1,2016,4,3,10,43,32.777
43,1,0,1,2016,4,3,10,43,33.512
44,1,0,1,2016,4,3,10,43,34.195
45,1,2,1,2016,4,3,10,43,35.117
46,1,0,1,2016,4,3,10,43,36.028
47,1,1,1,2016,4,3,10,43,42.613
48,1,0,1,2016,4,3,10,43,43.176
49,1,0,1,2016,4,3,10,43,44.699
50,1,0,1,2016,4,3,10,43,45.434
51,1,1,1,2016,4,3,10,43,46.285
52,1,0,1,2016,4,3,10,43,46.847
53,1,0,1,2016,4,3,10,43,47.981
54,1,1,1,2016,4,3,10,43,56.074
55,1,0,1,2016,4,3,10,43,56.303
56,1,0,1,2016,4,3,10,43,56.67
57,1,0,1,2016,4,3,10,43,57.595
58,1,0,1,2016,4,3,10,43,58.26
59,1,0,1,2016,4,3,10,43,58.949
60,1,1,1,2016,4,3,10,44,0.414
61,1,1,1,2016,4,3,10,46,4.198
62,1,0,1,2016,4,3,10,46,4.86
63,1,0,1,2016,4,3,10,46,6.057
64,1,0,1,2016,4,3,10,46,6.858
65,1,1,1,2016,4,3,10,46,7.991
66,1,0,1,2016,4,3,10,46,8.851
67,1,2,1,2016,4,3,11,2,39.942
68,1,0,1,2016,4,3,11,2,40.692
69,1,1,1,2016,4,3,11,2,51.476
70,1,0,1,2016,4,3,11,2,52.992
71,1,2,1,2016,4,3,11,2,58.656
72,1,0,1,2016,4,3,11,2,59.474
73,1,0,1,2016,4,3,11,3,0.218
74,1,0,1,2016,4,3,11,3,1.31
75,1,2,1,2016,4,3,11,3,2.182
76,1,0,1,2016,4,3,11,3,4.137
77,1,1,1,2016,4,3,11,3,5.286
78,1,0,1,2016,4,3,11,3,6.747
79,1,2,1,2016,4,3,11,3,12.562
80,1,0,1,2016,4,3,11,3,13.184
81,1,0,1,2016,4,3,11,3,14.136
82,1,1,1,2016,4,3,11,4,8.81
83,1,0,1,2016,4,3,11,4,9.541
84,1,0,1,2016,4,3,11,4,10.195
85,1,0,1,2016,4,3,11,4,10.881
86,1,0,1,2016,4,3,11,4,11.518
87,1,2,1,2016,4,3,11,4,12.271
88,1,0,1,2016,4,3,11,4,13.279
89,1,0,1,2016,4,3,11,4,13.963
90,1,2,1,2016,4,3,11,4,22.812
91,1,2,1,2016,4,3,11,13,50.724
92,1,1,1,2016,4,3,11,17,51.967
93,1,0,1,2016,4,3,11,17,53.924
94,1,2,1,2016,4,3,11,17,54.986
95,1,0,1,2016,4,3,11,17,55.921
96,1,0,1,2016,4,3,11,17,56.86
97,1,0,1,2016,4,3,11,17,57.46
98,1,1,1,2016,4,3,11,17,58.235
99,1,1,1,2016,4,3,11,24,53.747
100,1,0,1,2016,4,3,11,24,54.394
101,1,2,1,2016,4,3,11,24,57.606
102,1,0,1,2016,4,3,11,24,58.948
103,2,2,1,2016,4,3,11,29,33.632
104,1,1,1,2016,4,3,11,30,37.479
105,1,1,1,2016,4,3,11,35,0.704
106,1,0,1,2016,4,3,11,35,1.519
107,1,0,1,2016,4,3,11,35,2.496
108,1,0,1,2016,4,3,11,35,3.191
109,1,2,1,2016,4,3,11,35,8.63
110,1,0,1,2016,4,3,11,35,9.246
111,1,0,1,2016,4,3,11,35,10.274
112,1,2,1,2016,4,3,11,35,12.021
113,1,1,1,2016,4,3,11,35,17.586
114,1,0,1,2016,4,3,11,35,20.288
115,1,2,1,2016,4,3,11,35,25.036
116,1,0,1,2016,4,3,11,35,25.951
117,1,0,1,2016,4,3,11,35,27.323
118,1,1,1,2016,4,3,11,35,28.02
119,1,0,1,2016,4,3,11,35,28.801
120,1,0,1,2016,4,3,11,35,29.514
121,1,0,1,2016,4,3,11,35,30.427
122,1,2,1,2016,4,3,11,35,31.201
123,1,0,1,2016,4,3,11,35,32.319
124,1,2,1,2016,4,3,11,35,38.03
125,1,0,1,2016,4,3,11,35,38.729
126,1,2,1,2016,4,3,11,35,44.201
127,1,0,1,2016,4,3,11,35,45.52
128,1,0,1,2016,4,3,11,35,46.451
129,1,1,1,2016,4,3,11,35,47.286
130,1,0,1,2016,4,3,11,35,48.541
131,1,0,1,2016,4,3,11,35,49.128
132,1,2,1,2016,4,3,11,35,56.331
133,1,0,1,2016,4,3,11,35,57.98
134,1,0,1,2016,4,3,11,35,59.05
135,1,1,1,2016,4,3,11,36,2.969
136,1,0,1,2016,4,3,11,36,4.622
137,1,2,1,2016,4,3,11,36,11.688
138,1,0,1,2016,4,3,11,36,12.496
139,1,0,1,2016,4,3,11,36,13.552
140,1,2,1,2016,4,3,11,36,18.199
141,1,0,1,2016,4,3,11,36,19.326
142,1,2,1,2016,4,3,11,40,24.678
143,1,0,1,2016,4,3,11,40,25.497
144,1,0,1,2016,4,3,11,40,27.107
145,1,2,1,2016,4,3,11,40,28.168
146,1,0,1,2016,4,3,11,40,28.791
147,1,0,1,2016,4,3,11,40,29.38
148,1,2,1,2016,4,3,11,41,5.937
149,1,0,1,2016,4,3,11,41,7.564
150,1,0,1,2016,4,3,11,41,8.126
151,1,2,1,2016,4,3,11,41,9.064
152,1,2,1,2016,4,3,11,42,42.095
153,1,0,1,2016,4,3,11,42,43.764
154,1,0,1,2016,4,3,11,42,46.069
155,1,0,1,2016,4,3,11,42,46.793
156,1,0,1,2016,4,3,11,42,47.007
157,1,0,1,2016,4,3,11,42,47.803
158,1,0,1,2016,4,3,11,42,48.983
159,1,0,1,2016,4,3,11,42,49.701
160,1,0,1,2016,4,3,11,42,50.577
161,1,0,1,2016,4,3,11,42,51.451
162,1,0,1,2016,4,3,11,54,34.873
163,1,0,1,2016,4,3,11,54,35.443
164,1,0,1,2016,4,3,11,54,36.482
165,1,0,1,2016,4,3,11,54,37.339
166,1,0,1,2016,4,3,11,54,38.021
167,1,0,1,2016,4,3,11,54,39.247
168,1,0,1,2016,4,3,11,54,40.308
169,1,0,1,2016,4,3,11,54,42.308
170,1,0,1,2016,4,3,11,54,42.661
171,1,0,1,2016,4,3,11,54,43.381
172,1,0,1,2016,4,3,11,54,48.654
173,1,0,1,2016,4,3,11,54,49.39
174,1,0,1,2016,4,3,11,54,50.189
175,1,0,1,2016,4,3,11,54,51.135
176,1,0,1,2016,4,3,11,54,52.576
177,1,0,1,2016,4,3,11,54,53.621
178,2,0,1,2016,4,3,11,57,45.896
179,2,0,1,2016,4,3,11,57,48.274
180,2,0,1,2016,4,3,11,57,52.965
181,2,0,1,2016,4,3,11,57,59.181
182,2,0,1,2016,4,3,11,58,0.523
183,2,0,1,2016,4,3,11,58,2.248
184,2,0,1,2016,4,3,11,58,3.536
185,2,0,1,2016,4,3,11,58,7.397
186,2,0,1,2016,4,3,11,58,14.225
187,2,0,1,2016,4,3,11,58,15.076
188,2,0,1,2016,4,3,11,58,16.066
189,2,0,1,2016,4,3,11,58,20.12
190,2,0,1,2016,4,3,11,58,22.849
191,2,0,1,2016,4,3,11,58,25.95
192,1,0,1,2016,4,3,12,0,16.692
193,1,0,1,2016,4,3,12,0,17.489
194,1,0,1,2016,4,3,12,0,18.423
195,1,0,1,2016,4,3,12,0,19.002
196,1,0,1,2016,4,3,12,0,19.759
197,1,0,1,2016,4,3,12,0,20.564
198,2,0,1,2016,4,3,12,2,33.16
199,2,0,1,2016,4,3,12,2,36.24
200,2,0,1,2016,4,3,12,2,37.294
201,2,0,1,2016,4,3,12,2,37.445
202,2,0,1,2016,4,3,12,2,38.741
203,1,0,1,2016,4,3,12,28,35.28
204,1,0,1,2016,4,3,12,28,36.48
205,1,0,1,2016,4,3,12,29,24.085
206,1,0,1,2016,4,3,12,29,24.759
207,1,0,1,2016,4,3,12,29,31.271
208,1,0,1,2016,4,3,12,29,32.116
209,1,0,1,2016,4,3,12,29,33.634
210,1,0,1,2016,4,3,12,29,34.485
211,1,0,1,2016,4,3,12,29,35.731
212,1,0,1,2016,4,3,12,29,36.373
213,1,0,1,2016,4,3,12,29,37.058
214,1,0,1,2016,4,3,12,29,37.984
215,1,0,1,2016,4,3,12,29,38.916
216,1,0,1,2016,4,3,12,29,40.002
217,1,0,1,2016,4,3,12,29,46.472
218,1,0,1,2016,4,3,12,29,47.425
219,2,0,1,2016,4,3,12,40,46.886
220,1,0,1,2016,4,3,12,43,45.259
221,1,0,1,2016,4,3,12,43,46.364
222,1,0,1,2016,4,3,12,43,47.445
223,1,0,1,2016,4,3,12,43,48.357
224,1,0,1,2016,4,3,12,43,49.288
225,2,0,1,2016,4,3,12,44,35.334
226,1,0,1,2016,4,3,12,45,25.148
227,1,0,1,2016,4,3,12,45,26.139
228,1,0,1,2016,4,3,12,45,34.127
229,1,0,1,2016,4,3,12,45,34.902
230,1,0,1,2016,4,3,12,45,35.698
231,1,0,1,2016,4,3,12,45,36.497
232,1,0,1,2016,4,3,12,45,39.086
233,1,0,1,2016,4,3,12,45,39.901
234,1,0,1,2016,4,3,12,45,42.484
235,1,0,1,2016,4,3,12,45,43.36
236,1,0,1,2016,4,3,12,45,44.141
237,1,0,1,2016,4,3,12,45,44.895
238,2,0,1,2016,4,3,12,46,18.942
239,2,0,1,2016,4,3,12,46,19.886
240,2,0,1,2016,4,3,12,46,22.325
241,2,0,1,2016,4,3,12,46,24.161
242,2,0,1,2016,4,3,12,46,30.397
243,1,0,1,2016,4,3,12,48,4.057
244,1,0,1,2016,4,3,12,48,4.461
245,1,0,1,2016,4,3,12,48,5.189
246,1,0,1,2016,4,3,12,48,8.276
247,1,0,1,2016,4,3,12,48,9.322
248,1,0,1,2016,4,3,12,48,10.191
249,1,0,1,2016,4,3,12,48,10.987
250,1,0,1,2016,4,3,12,48,11.802
251,1,0,1,2016,4,3,12,48,12.627
252,1,0,1,2016,4,3,12,48,23.018
253,1,0,1,2016,4,3,12,48,23.658
254,1,0,1,2016,4,3,12,48,24.265
255,1,0,1,2016,4,3,13,2,11.816
256,1,0,1,2016,4,3,13,2,12.7
257,1,0,1,2016,4,3,13,2,14.285
258,1,0,1,2016,4,3,13,2,14.988
259,1,0,1,2016,4,3,13,2,15.973
260,1,0,1,2016,4,3,13,2,16.811
261,1,0,1,2016,4,3,13,2,17.56
262,1,0,1,2016,4,3,13,2,21.157
263,1,0,1,2016,4,3,13,2,22.207
264,1,0,1,2016,4,3,13,2,23.023
265,1,0,1,2016,4,3,13,2,23.842
266,1,0,1,2016,4,3,13,2,24.745
267,1,0,1,2016,4,3,13,2,26.23
268,1,0,1,2016,4,3,13,2,29.494
269,1,0,1,2016,4,3,13,2,32.191
270,1,0,1,2016,4,3,13,2,35.959
271,1,0,1,2016,4,3,13,2,37.062
272,1,0,1,2016,4,3,13,2,41.943
273,1,0,1,2016,4,3,13,2,45.588
274,1,0,1,2016,4,3,13,2,46.331
275,1,0,1,2016,4,3,13,2,48.769
276,1,0,1,2016,4,3,13,2,54.668
277,1,0,1,2016,4,3,13,2,55.352
278,1,0,1,2016,4,3,13,6,57.057
279,1,0,1,2016,4,3,13,6,57.848
280,1,0,1,2016,4,3,13,7,2.53
281,1,0,1,2016,4,3,13,7,3.169
282,1,0,1,2016,4,3,13,7,6.371
283,1,0,1,2016,4,3,13,7,6.951
284,1,0,1,2016,4,3,13,24,49.028
285,1,0,1,2016,4,3,13,24,51.126
286,1,0,1,2016,4,3,13,24,52.906
287,1,0,1,2016,4,3,13,24,53.991
288,2,0,1,2016,4,3,13,27,6.217
289,2,0,1,2016,4,3,13,27,7.617
290,2,0,1,2016,4,3,13,27,9.866
291,1,0,1,2016,4,3,13,32,7.131
292,1,0,1,2016,4,3,13,32,8.564
293,1,0,1,2016,4,3,13,42,38.352
294,1,0,1,2016,4,3,13,42,39.65
295,1,0,1,2016,4,3,13,46,19.858
296,1,0,1,2016,4,3,13,46,20.899
297,1,0,1,2016,4,3,13,46,24.911
298,1,0,1,2016,4,3,13,46,25.767
299,1,0,1,2016,4,3,13,46,26.751
300,1,0,1,2016,4,3,13,46,27.316
301,1,0,1,2016,4,3,13,48,11.975
302,1,0,1,2016,4,3,13,48,12.83
303,1,0,1,2016,4,3,13,48,16.314
304,1,0,1,2016,4,3,13,48,17.286
305,1,0,1,2016,4,3,13,48,18.155
306,1,0,1,2016,4,3,13,48,19.212
307,1,0,1,2016,4,3,13,48,26.894
308,1,0,1,2016,4,3,13,48,39.989
309,1,0,1,2016,4,3,13,50,20.988
310,1,0,1,2016,4,3,13,50,22.836
311,1,0,1,2016,4,3,13,50,23.762
312,1,0,1,2016,4,3,13,50,24.583
313,1,0,1,2016,4,3,13,50,25.693
314,1,0,1,2016,4,3,13,50,26.481
315,1,0,1,2016,4,3,13,50,30.017
316,1,0,1,2016,4,3,13,50,30.543
317,1,0,1,2016,4,3,13,50,34.339
318,1,0,1,2016,4,3,13,50,35.149
319,1,0,1,2016,4,3,13,50,36.303
320,1,0,1,2016,4,3,13,50,36.912
321,1,0,1,2016,4,3,13,50,43.57
322,1,0,1,2016,4,3,13,50,44.703
323,1,0,1,2016,4,3,13,50,45.346
324,1,0,1,2016,4,3,13,50,46.204
325,1,0,1,2016,4,3,13,53,56.961
326,1,0,1,2016,4,3,13,53,58.409
327,1,0,1,2016,4,3,13,53,59.112
328,1,0,1,2016,4,3,13,54,0.955
329,1,0,1,2016,4,3,13,54,5.373
330,1,0,1,2016,4,3,13,54,12.166
331,1,0,1,2016,4,3,13,54,12.868
332,1,0,1,2016,4,3,13,54,13.994
333,1,0,1,2016,4,3,13,54,14.58
334,1,0,1,2016,4,3,13,54,15.935
335,1,0,1,2016,4,3,13,54,16.926
336,1,0,1,2016,4,3,13,54,18.617
337,1,0,1,2016,4,3,13,54,20.712
338,1,0,1,2016,4,3,13,54,25.361
339,1,0,1,2016,4,3,13,54,26.285
340,1,0,1,2016,4,3,13,54,38.408
341,1,0,1,2016,4,3,13,56,9.972
342,1,0,1,2016,4,3,13,56,11.445
343,1,0,1,2016,4,3,13,56,12.266
344,1,0,1,2016,4,3,13,56,13.33
345,1,0,1,2016,4,3,13,56,14.033
346,1,0,1,2016,4,3,13,56,14.884
347,1,0,1,2016,4,3,13,56,15.94
348,1,0,1,2016,4,3,13,56,16.852
349,1,0,1,2016,4,3,13,56,18.703
350,1,0,1,2016,4,3,13,56,19.643
351,1,0,1,2016,4,3,13,56,20.496
352,1,0,1,2016,4,3,13,56,21.073
353,1,0,1,2016,4,3,13,56,28.05
354,1,0,1,2016,4,3,13,56,29.486
355,1,0,1,2016,4,3,13,56,30.49
356,1,0,1,2016,4,3,13,56,31.365
357,1,0,1,2016,4,3,13,57,27.608
358,1,0,1,2016,4,3,13,57,28.491
359,1,0,1,2016,4,3,13,57,29.378
360,1,0,1,2016,4,3,14,6,34.414
361,1,0,1,2016,4,3,14,6,44.012
362,1,0,1,2016,4,3,14,6,44.766
363,1,0,1,2016,4,3,14,6,46.613
364,1,0,1,2016,4,3,14,6,48.374
365,1,0,1,2016,4,3,14,7,37.819
366,1,0,1,2016,4,3,14,7,38.846
367,1,0,1,2016,4,3,14,7,39.859
368,2,0,1,2016,4,3,14,8,17.614
369,2,0,1,2016,4,3,14,8,18.973
370,2,0,1,2016,4,3,14,8,22.289
371,2,0,1,2016,4,3,14,8,23.111
372,2,0,1,2016,4,3,14,8,24.329
373,2,0,1,2016,4,3,14,8,25.109
374,2,0,1,2016,4,3,14,8,25.772
375,1,0,1,2016,4,3,14,10,30.359
376,1,0,1,2016,4,3,14,10,34.376
377,1,0,1,2016,4,3,14,10,35.284
378,1,0,1,2016,4,3,14,10,36.117
379,1,0,1,2016,4,3,14,10,38.795
380,1,0,1,2016,4,3,14,10,39.691
381,1,0,1,2016,4,3,14,10,40.584
382,1,0,1,2016,4,3,14,10,41.227
383,1,0,1,2016,4,3,14,10,42.076
384,1,0,1,2016,4,3,14,10,42.952
385,1,0,1,2016,4,3,14,10,48.808
386,1,0,1,2016,4,3,14,10,49.725
387,1,0,1,2016,4,3,14,10,51.33
388,1,0,1,2016,4,3,14,10,52.417
389,1,0,1,2016,4,3,14,11,1.572
390,1,0,1,2016,4,3,14,11,2.484
391,1,0,1,2016,4,3,14,11,2.913
392,1,0,1,2016,4,3,14,11,3.767
393,1,0,1,2016,4,3,14,11,4.752
394,1,0,1,2016,4,3,14,11,6.132
395,1,0,1,2016,4,3,14,11,7.06
396,1,0,1,2016,4,3,14,11,13.274
397,1,0,1,2016,4,3,14,11,14.173
398,1,0,1,2016,4,3,14,11,14.93
399,1,0,1,2016,4,3,14,11,15.511
400,1,0,1,2016,4,3,14,11,16.654
401,1,0,1,2016,4,3,14,11,18.672
402,1,0,1,2016,4,3,14,11,19.471
403,1,0,1,2016,4,3,14,11,20.321
404,1,0,1,2016,4,3,14,11,21.404
405,1,0,1,2016,4,3,14,11,22.783
406,1,0,1,2016,4,3,14,11,24.68
407,1,0,1,2016,4,3,14,11,25.852
408,1,0,1,2016,4,3,14,11,26.607
409,1,0,1,2016,4,3,14,11,33.095
410,1,0,1,2016,4,3,14,11,33.67
411,1,0,1,2016,4,3,14,11,34.369
412,1,0,1,2016,4,3,14,11,36.05
413,1,0,1,2016,4,3,14,11,38.923
414,1,0,1,2016,4,3,14,12,9.025
415,1,0,1,2016,4,3,14,12,10.077
416,1,0,1,2016,4,3,14,12,22.021
417,1,0,1,2016,4,3,14,12,22.073
418,1,0,1,2016,4,3,14,41,48.642
419,1,0,1,2016,4,3,14,41,49.768
420,1,0,1,2016,4,3,14,41,50.671
421,1,0,1,2016,4,3,14,41,51.651
422,1,0,1,2016,4,3,14,42,1.726
423,1,0,1,2016,4,3,14,42,2.398
424,1,0,1,2016,4,3,14,42,3.141
425,1,0,1,2016,4,3,14,42,3.951
426,1,0,1,2016,4,3,14,42,7.835
427,1,0,1,2016,4,3,14,42,16.914
428,1,0,1,2016,4,3,14,42,17.779
429,1,0,1,2016,4,3,14,42,18.325
430,1,0,1,2016,4,3,14,44,18.275
431,1,0,1,2016,4,3,14,44,18.877
432,1,0,1,2016,4,3,14,44,19.032
433,1,0,1,2016,4,3,14,45,42.783
434,1,0,1,2016,4,3,14,45,43.583
435,1,0,1,2016,4,3,14,45,44.258
436,1,0,1,2016,4,3,14,53,23.483
437,1,0,1,2016,4,3,15,3,51.925
438,1,0,1,2016,4,3,15,3,53.264
439,1,0,1,2016,4,3,15,3,54.121
440,1,0,1,2016,4,3,15,3,55.111
441,1,0,1,2016,4,3,15,3,55.835
442,1,0,1,2016,4,3,15,48,26.601
443,1,0,1,2016,4,3,15,48,27.448
444,1,0,1,2016,4,3,15,48,42.649
445,1,0,1,2016,4,3,15,48,43.925
446,1,0,1,2016,4,3,15,51,38.64
447,1,0,1,2016,4,3,15,53,42.122
448,1,0,1,2016,4,3,15,53,42.885
449,1,0,1,2016,4,3,15,53,56.714
450,1,0,1,2016,4,3,15,53,59.939
451,1,0,1,2016,4,3,15,54,1.094
452,1,0,1,2016,4,3,15,54,1.97
453,1,0,1,2016,4,3,15,54,3.019
454,1,0,1,2016,4,3,15,54,4.344
455,1,0,1,2016,4,3,15,54,5.386
456,1,0,1,2016,4,3,15,54,6.93
457,1,0,1,2016,4,3,15,54,7.564
458,1,0,1,2016,4,3,15,54,8.479
459,1,0,1,2016,4,3,15,54,9.467
460,1,0,1,2016,4,3,15,54,13.91
461,1,0,1,2016,4,3,15,54,27.294
462,1,0,1,2016,4,3,15,54,27.917
463,1,0,1,2016,4,3,15,54,29.023
464,1,0,1,2016,4,3,15,54,29.939
465,1,0,1,2016,4,3,15,54,30.539
466,1,0,1,2016,4,3,15,54,40.63
467,1,0,1,2016,4,3,15,54,41.911
468,1,0,1,2016,4,3,15,54,42.859
469,1,0,1,2016,4,3,15,54,43.997
470,1,0,1,2016,4,3,15,54,45.767
471,1,0,1,2016,4,3,15,55,1.633
472,1,0,1,2016,4,3,15,55,2.445
473,1,0,1,2016,4,3,15,55,3.475
474,1,0,1,2016,4,3,15,55,6.004
475,1,0,1,2016,4,3,15,57,8.045
476,1,0,1,2016,4,3,15,57,8.975
477,2,0,1,2016,4,3,15,57,45.855
478,2,0,1,2016,4,3,15,57,53.198
479,2,0,1,2016,4,3,15,57,53.778
480,2,0,1,2016,4,3,15,57,55.378
481,1,0,1,2016,4,3,15,58,32.908
482,1,0,1,2016,4,3,16,0,5.089
483,2,0,1,2016,4,3,16,7,8.089
484,1,0,1,2016,4,3,16,9,11.441
485,1,0,1,2016,4,3,16,9,16.402
486,1,0,1,2016,4,3,16,17,37.489
487,1,0,1,2016,4,3,16,17,45.252
488,1,0,1,2016,4,3,16,18,3.531
489,1,0,1,2016,4,3,16,18,7.04
490,2,0,1,2016,4,3,16,31,57.735
491,2,0,1,2016,4,3,16,31,58.652
492,2,0,1,2016,4,3,17,57,37.994
