Var1_ 1,Var1_ 2,Var1_ 3,Var1_ 4,Var1_ 5,Var1_ 6,Var1_ 7,Var1_ 8,Var1_ 9,Var1_10
0,0,0,0,2016,4,24,10,34,43.449
1,2,2,1,2016,4,24,11,2,33.177
2,1,1,1,2016,4,24,11,21,33.131
3,2,2,1,2016,4,24,11,23,26.087
4,2,2,1,2016,4,24,11,25,21.939
5,2,2,1,2016,4,24,11,25,41.685
6,2,2,1,2016,4,24,11,25,59.024
7,2,1,1,2016,4,24,11,26,14.282
8,2,2,1,2016,4,24,11,26,37.753
9,2,2,1,2016,4,24,11,26,48.058
10,1,1,1,2016,4,24,11,27,10.274
11,1,0,1,2016,4,24,11,27,10.318
12,1,0,1,2016,4,24,11,27,10.389
13,1,1,1,2016,4,24,11,27,15.674
14,2,2,1,2016,4,24,11,33,40.955
15,2,0,1,2016,4,24,11,33,41.477
16,2,2,1,2016,4,24,11,33,52.056
17,2,2,1,2016,4,24,11,33,56.073
18,2,2,1,2016,4,24,11,34,59.086
19,2,1,1,2016,4,24,11,35,13.791
20,2,0,1,2016,4,24,11,35,15.767
21,2,0,1,2016,4,24,11,35,16.423
22,2,2,1,2016,4,24,11,35,18.153
23,2,0,1,2016,4,24,11,35,18.266
24,2,0,1,2016,4,24,11,35,18.474
25,2,2,1,2016,4,24,11,35,29.723
26,2,0,1,2016,4,24,11,35,29.777
27,2,1,1,2016,4,24,11,35,37.476
28,2,0,1,2016,4,24,11,35,38.735
29,2,0,1,2016,4,24,11,35,38.928
30,2,2,1,2016,4,24,11,35,40.848
31,2,0,1,2016,4,24,11,35,41.022
32,2,2,1,2016,4,24,11,35,48.007
33,2,2,1,2016,4,24,11,35,58.453
34,2,1,1,2016,4,24,11,36,10.628
35,1,1,1,2016,4,24,11,53,2.732
36,1,0,1,2016,4,24,11,53,2.91
37,2,2,1,2016,4,24,11,54,6.596
38,2,2,1,2016,4,24,11,54,30.981
39,2,2,1,2016,4,24,11,54,41.877
40,2,2,1,2016,4,24,11,54,51.901
41,2,1,1,2016,4,24,11,55,2.082
42,2,0,1,2016,4,24,11,55,2.238
43,2,0,1,2016,4,24,11,55,2.609
44,2,2,1,2016,4,24,11,55,11.212
45,2,2,1,2016,4,24,11,55,20.159
46,2,0,1,2016,4,24,11,55,21.156
47,2,1,1,2016,4,24,11,55,37.101
48,2,2,1,2016,4,24,11,55,42.603
49,2,2,1,2016,4,24,11,55,53.857
50,2,2,1,2016,4,24,11,56,2.903
51,2,0,1,2016,4,24,11,56,2.96
52,2,0,1,2016,4,24,11,56,3.075
53,2,1,1,2016,4,24,11,56,10.195
54,2,0,1,2016,4,24,11,56,11.162
55,2,0,1,2016,4,24,11,56,12.366
56,2,2,1,2016,4,24,11,56,13.217
57,2,1,1,2016,4,24,11,56,23.935
58,2,2,1,2016,4,24,11,56,42.794
59,2,1,1,2016,4,24,11,56,51.613
60,2,2,1,2016,4,24,11,57,2.724
61,2,0,1,2016,4,24,11,57,2.882
62,2,2,1,2016,4,24,11,57,21.904
63,2,2,1,2016,4,24,11,57,26.262
64,2,1,1,2016,4,24,11,57,40.857
65,2,1,1,2016,4,24,11,57,46.696
66,2,0,1,2016,4,24,11,57,48.008
67,2,0,1,2016,4,24,11,57,49.297
68,2,1,1,2016,4,24,11,57,50.707
69,2,0,1,2016,4,24,11,57,51.773
70,1,1,1,2016,4,24,12,0,34.085
71,1,0,1,2016,4,24,12,0,34.418
72,1,1,1,2016,4,24,12,1,59.812
73,1,1,1,2016,4,24,12,2,3.086
74,1,0,1,2016,4,24,12,2,3.727
75,1,0,1,2016,4,24,12,2,4.578
76,1,0,1,2016,4,24,12,2,5.835
77,1,1,1,2016,4,24,12,2,6.511
78,1,0,1,2016,4,24,12,2,6.921
79,1,0,1,2016,4,24,12,2,8.276
80,1,0,1,2016,4,24,12,2,9.308
81,1,1,1,2016,4,24,12,2,10.236
82,1,0,1,2016,4,24,12,2,11.057
83,1,0,1,2016,4,24,12,2,11.679
84,1,0,1,2016,4,24,12,2,12.563
85,1,1,1,2016,4,24,12,2,13.845
86,1,0,1,2016,4,24,12,2,14.518
87,1,0,1,2016,4,24,12,2,15.861
88,1,1,1,2016,4,24,12,2,16.87
89,1,1,1,2016,4,24,12,2,20.01
90,1,0,1,2016,4,24,12,2,20.65
91,1,0,1,2016,4,24,12,2,21.618
92,1,0,1,2016,4,24,12,2,22.477
93,1,1,1,2016,4,24,12,2,25.745
94,1,0,1,2016,4,24,12,2,26.574
95,1,1,1,2016,4,24,12,2,29.814
96,1,1,1,2016,4,24,12,2,43.509
97,1,1,1,2016,4,24,12,3,26.515
98,1,0,1,2016,4,24,12,3,27.267
99,1,0,1,2016,4,24,12,3,27.926
100,1,0,1,2016,4,24,12,3,28.745
101,1,1,1,2016,4,24,12,3,31.652
102,1,0,1,2016,4,24,12,3,34.408
103,1,1,1,2016,4,24,12,3,35.07
104,1,0,1,2016,4,24,12,9,25.699
105,1,0,1,2016,4,24,12,9,26.378
106,1,0,1,2016,4,24,12,9,27.394
107,1,0,1,2016,4,24,12,9,28.442
108,1,0,1,2016,4,24,12,9,29.331
109,1,0,1,2016,4,24,12,9,30.011
110,1,0,1,2016,4,24,12,9,31.046
111,1,0,1,2016,4,24,12,9,32.363
112,1,0,1,2016,4,24,12,9,34.219
113,1,0,1,2016,4,24,12,9,34.995
114,1,0,1,2016,4,24,12,9,36.2
115,1,0,1,2016,4,24,12,9,40.877
116,1,0,1,2016,4,24,12,9,41.578
117,1,0,1,2016,4,24,12,9,42.294
118,1,0,1,2016,4,24,12,9,43.346
119,1,0,1,2016,4,24,12,9,46.45
120,1,0,1,2016,4,24,12,9,47.193
121,1,0,1,2016,4,24,12,9,54.028
122,1,0,1,2016,4,24,12,9,55.584
123,1,0,1,2016,4,24,12,9,56.477
124,1,0,1,2016,4,24,12,9,58.088
125,1,0,1,2016,4,24,12,16,53.236
126,1,0,1,2016,4,24,12,16,53.796
127,1,0,1,2016,4,24,12,16,54.526
128,1,0,1,2016,4,24,12,16,55.871
129,1,0,1,2016,4,24,12,16,57.307
130,1,0,1,2016,4,24,12,17,2.235
131,1,0,1,2016,4,24,12,17,3.069
132,1,0,1,2016,4,24,12,17,4.238
133,1,0,1,2016,4,24,12,17,5.377
134,1,0,1,2016,4,24,12,17,8.561
135,1,0,1,2016,4,24,12,17,9.16
136,1,0,1,2016,4,24,12,17,13.145
137,1,0,1,2016,4,24,12,17,13.807
138,1,0,1,2016,4,24,12,17,14.828
139,1,0,1,2016,4,24,12,17,15.992
140,1,0,1,2016,4,24,12,17,17.55
141,1,0,1,2016,4,24,12,17,18.417
142,1,0,1,2016,4,24,12,17,20.457
143,2,0,1,2016,4,24,12,24,27.299
144,2,0,1,2016,4,24,12,24,27.389
145,2,0,1,2016,4,24,12,24,27.912
146,2,0,1,2016,4,24,12,24,29.042
147,2,0,1,2016,4,24,12,24,31.195
148,2,0,1,2016,4,24,12,24,33.101
149,2,0,1,2016,4,24,12,24,33.31
150,2,0,1,2016,4,24,12,24,33.733
151,2,0,1,2016,4,24,12,24,34.339
152,2,0,1,2016,4,24,12,24,34.499
153,2,0,1,2016,4,24,12,24,36.538
154,2,0,1,2016,4,24,12,24,36.636
155,2,0,1,2016,4,24,12,24,38.167
156,2,0,1,2016,4,24,12,24,38.654
157,2,0,1,2016,4,24,12,24,38.862
158,2,0,1,2016,4,24,12,24,39.583
159,2,0,1,2016,4,24,12,24,41.231
160,2,0,1,2016,4,24,12,24,43.493
161,2,0,1,2016,4,24,12,28,2.36
162,2,0,1,2016,4,24,12,28,3.731
163,2,0,1,2016,4,24,12,28,5.571
164,2,0,1,2016,4,24,12,28,5.749
165,2,0,1,2016,4,24,12,28,6.037
166,2,0,1,2016,4,24,12,28,6.217
167,2,0,1,2016,4,24,12,28,7.711
168,2,0,1,2016,4,24,12,28,9.242
169,2,0,1,2016,4,24,12,28,9.378
170,2,0,1,2016,4,24,12,28,9.552
171,1,0,1,2016,4,24,12,33,56.674
172,1,0,1,2016,4,24,12,34,16.568
173,1,0,1,2016,4,24,12,34,16.728
174,1,0,1,2016,4,24,12,34,17.553
175,1,0,1,2016,4,24,12,34,22.107
176,1,0,1,2016,4,24,12,34,23.621
177,1,0,1,2016,4,24,12,34,41.155
178,1,0,1,2016,4,24,12,34,41.217
179,1,0,1,2016,4,24,12,34,42.954
180,1,0,1,2016,4,24,12,34,50.926
181,1,0,1,2016,4,24,12,34,52.366
182,1,0,1,2016,4,24,12,34,55.999
183,1,0,1,2016,4,24,12,34,56.386
184,1,0,1,2016,4,24,12,54,6.307
185,1,0,1,2016,4,24,12,54,6.888
186,1,0,1,2016,4,24,12,54,7.898
187,1,0,1,2016,4,24,12,54,8.806
188,1,0,1,2016,4,24,12,54,11.162
189,1,0,1,2016,4,24,12,54,13.623
190,1,0,1,2016,4,24,12,54,14.358
191,1,0,1,2016,4,24,12,54,20.303
192,1,0,1,2016,4,24,12,55,18.812
193,1,0,1,2016,4,24,12,55,19.991
194,1,0,1,2016,4,24,12,55,23.582
195,1,0,1,2016,4,24,12,55,24.217
196,1,0,1,2016,4,24,12,55,25.26
197,1,0,1,2016,4,24,12,55,26.487
198,1,0,1,2016,4,24,12,55,27.343
199,1,0,1,2016,4,24,12,55,28.195
200,2,0,1,2016,4,24,13,4,33.644
201,2,0,1,2016,4,24,13,4,33.755
202,2,0,1,2016,4,24,13,4,36.105
203,2,0,1,2016,4,24,13,4,37.489
204,2,0,1,2016,4,24,13,4,38.575
205,2,0,1,2016,4,24,13,4,38.795
206,2,0,1,2016,4,24,13,4,39.573
207,2,0,1,2016,4,24,13,4,40.853
208,2,0,1,2016,4,24,13,4,41.645
209,2,0,1,2016,4,24,13,4,43.312
210,2,0,1,2016,4,24,13,16,6.316
211,2,0,1,2016,4,24,13,16,7.063
212,1,0,1,2016,4,24,13,33,35.564
213,1,0,1,2016,4,24,13,33,36.458
214,1,0,1,2016,4,24,13,33,37.101
215,1,0,1,2016,4,24,13,33,38.434
216,1,0,1,2016,4,24,13,33,39.364
217,1,0,1,2016,4,24,13,33,41.728
218,1,0,1,2016,4,24,13,33,42.249
219,1,0,1,2016,4,24,13,33,44.542
220,1,0,1,2016,4,24,13,33,44.777
221,1,0,1,2016,4,24,13,33,45.552
222,1,0,1,2016,4,24,13,33,46.586
223,1,0,1,2016,4,24,13,33,49.73
224,1,0,1,2016,4,24,13,33,51.849
225,1,0,1,2016,4,24,13,33,54.487
226,1,0,1,2016,4,24,13,33,55.359
227,1,0,1,2016,4,24,13,33,56.118
228,1,0,1,2016,4,24,13,33,57.165
229,1,0,1,2016,4,24,13,33,58.36
230,1,0,1,2016,4,24,13,34,0.864
231,1,0,1,2016,4,24,13,34,4.553
232,1,0,1,2016,4,24,13,34,5.427
233,1,0,1,2016,4,24,13,34,6.779
234,1,0,1,2016,4,24,13,34,7.888
235,1,0,1,2016,4,24,13,34,8.794
236,1,0,1,2016,4,24,13,34,10.141
237,1,0,1,2016,4,24,13,34,15.185
238,1,0,1,2016,4,24,13,34,15.807
239,1,0,1,2016,4,24,13,34,17.021
240,1,0,1,2016,4,24,13,34,18.566
241,1,0,1,2016,4,24,13,34,24.548
242,1,0,1,2016,4,24,13,34,25.193
243,1,0,1,2016,4,24,13,34,26.043
244,1,0,1,2016,4,24,13,34,26.989
245,1,0,1,2016,4,24,13,34,41.183
246,1,0,1,2016,4,24,13,34,41.883
247,1,0,1,2016,4,24,13,34,42.624
248,1,0,1,2016,4,24,13,34,46.352
249,1,0,1,2016,4,24,13,34,48.545
250,1,0,1,2016,4,24,13,34,49.172
251,1,0,1,2016,4,24,13,42,21.966
252,1,0,1,2016,4,24,13,42,22.599
253,1,0,1,2016,4,24,13,42,27.704
254,1,0,1,2016,4,24,13,42,28.229
255,1,0,1,2016,4,24,13,42,28.966
256,1,0,1,2016,4,24,13,42,29.961
257,1,0,1,2016,4,24,13,42,30.85
258,1,0,1,2016,4,24,13,42,32.112
259,1,0,1,2016,4,24,13,42,34.407
260,1,0,1,2016,4,24,13,42,37.273
261,1,0,1,2016,4,24,13,42,37.858
262,1,0,1,2016,4,24,13,42,38.768
263,1,0,1,2016,4,24,13,42,39.761
264,1,0,1,2016,4,24,13,42,40.668
265,1,0,1,2016,4,24,13,42,41.771
266,1,0,1,2016,4,24,13,42,44.406
267,1,0,1,2016,4,24,13,42,46.077
268,1,0,1,2016,4,24,13,42,48.395
269,1,0,1,2016,4,24,13,42,51.715
270,1,0,1,2016,4,24,13,42,52.217
271,1,0,1,2016,4,24,13,42,53.263
272,1,0,1,2016,4,24,13,42,53.998
273,1,0,1,2016,4,24,13,42,55.166
274,2,0,1,2016,4,24,13,50,42.842
275,2,0,1,2016,4,24,13,50,44.53
276,2,0,1,2016,4,24,13,50,44.939
277,2,0,1,2016,4,24,13,50,46.259
278,2,0,1,2016,4,24,13,50,47.366
279,2,0,1,2016,4,24,13,50,47.424
280,2,0,1,2016,4,24,13,50,47.727
281,1,0,1,2016,4,24,13,52,45.699
282,1,0,1,2016,4,24,13,52,46.227
283,1,0,1,2016,4,24,13,52,46.905
284,1,0,1,2016,4,24,13,52,49.913
285,1,0,1,2016,4,24,13,52,50.63
286,1,0,1,2016,4,24,13,52,51.196
287,1,0,1,2016,4,24,13,52,51.934
288,1,0,1,2016,4,24,13,52,53.209
289,1,0,1,2016,4,24,13,52,53.813
290,1,0,1,2016,4,24,13,52,55.361
291,1,0,1,2016,4,24,13,52,56.372
292,1,0,1,2016,4,24,13,52,56.782
293,1,0,1,2016,4,24,13,52,59.532
294,1,0,1,2016,4,24,13,53,0.398
295,1,0,1,2016,4,24,13,53,3.563
296,1,0,1,2016,4,24,13,53,4.26
297,1,0,1,2016,4,24,13,53,6.966
298,1,0,1,2016,4,24,13,53,10.964
299,1,0,1,2016,4,24,13,53,11.522
300,1,0,1,2016,4,24,13,53,16.596
301,1,0,1,2016,4,24,13,53,17.291
302,1,0,1,2016,4,24,13,53,18.277
303,1,0,1,2016,4,24,13,53,20.924
304,1,0,1,2016,4,24,13,53,24.119
305,1,0,1,2016,4,24,13,53,24.216
306,1,0,1,2016,4,24,13,53,24.566
307,1,0,1,2016,4,24,13,53,32.624
308,1,0,1,2016,4,24,13,53,33.868
309,1,0,1,2016,4,24,13,53,35.211
310,1,0,1,2016,4,24,13,53,35.968
311,1,0,1,2016,4,24,13,53,36.815
312,1,0,1,2016,4,24,13,54,6.608
313,2,0,1,2016,4,24,13,59,29.745
314,2,0,1,2016,4,24,13,59,32.513
315,2,0,1,2016,4,24,13,59,33.859
316,2,0,1,2016,4,24,13,59,36.133
317,2,0,1,2016,4,24,13,59,37.236
318,2,0,1,2016,4,24,13,59,39.099
319,2,0,1,2016,4,24,13,59,40.907
320,1,0,1,2016,4,24,13,59,49.31
321,1,0,1,2016,4,24,13,59,50.338
322,1,0,1,2016,4,24,13,59,50.573
323,1,0,1,2016,4,24,13,59,52.845
324,2,0,1,2016,4,24,14,0,29.472
325,2,0,1,2016,4,24,14,0,30.003
326,2,0,1,2016,4,24,14,0,31.722
327,2,0,1,2016,4,24,14,0,32.341
328,2,0,1,2016,4,24,14,0,32.849
329,2,0,1,2016,4,24,14,0,39.528
330,2,0,1,2016,4,24,14,0,40.278
331,2,0,1,2016,4,24,14,0,42.108
332,2,0,1,2016,4,24,14,3,46.365
333,2,0,1,2016,4,24,14,3,48.244
334,2,0,1,2016,4,24,14,3,49.579
335,1,0,1,2016,4,24,14,6,44.121
336,1,0,1,2016,4,24,14,7,7.242
337,2,0,1,2016,4,24,14,7,37.948
338,2,0,1,2016,4,24,14,7,39.496
339,2,0,1,2016,4,24,14,7,39.628
340,2,0,1,2016,4,24,14,7,40.446
341,1,0,1,2016,4,24,14,7,44.847
342,1,0,1,2016,4,24,14,7,45.247
343,1,0,1,2016,4,24,14,7,47.148
344,2,0,1,2016,4,24,14,13,17.118
345,2,0,1,2016,4,24,14,13,18.473
346,1,0,1,2016,4,24,14,23,26.25
347,1,0,1,2016,4,24,14,23,26.872
348,1,0,1,2016,4,24,14,23,28.438
349,1,0,1,2016,4,24,14,23,29.086
350,1,0,1,2016,4,24,14,27,51.373
351,1,0,1,2016,4,24,14,27,53.064
352,1,0,1,2016,4,24,14,27,54.553
353,1,0,1,2016,4,24,14,28,1.141
354,1,0,1,2016,4,24,14,37,20.841
355,1,0,1,2016,4,24,14,37,21.408
356,1,0,1,2016,4,24,14,37,21.847
357,1,0,1,2016,4,24,14,37,22.932
358,1,0,1,2016,4,24,14,37,31.072
359,1,0,1,2016,4,24,14,37,31.598
360,1,0,1,2016,4,24,14,37,36.406
361,1,0,1,2016,4,24,14,37,36.964
362,1,0,1,2016,4,24,14,37,37.671
363,1,0,1,2016,4,24,14,37,38.369
364,1,0,1,2016,4,24,14,37,38.983
365,1,0,1,2016,4,24,14,37,43.515
366,1,0,1,2016,4,24,14,37,44.803
367,1,0,1,2016,4,24,14,37,49.518
368,1,0,1,2016,4,24,14,37,50.27
369,1,0,1,2016,4,24,14,37,51.54
370,1,0,1,2016,4,24,14,37,57.535
371,1,0,1,2016,4,24,14,37,58.7
372,1,0,1,2016,4,24,14,38,0.078
373,1,0,1,2016,4,24,14,38,11.702
374,1,0,1,2016,4,24,14,44,25.699
375,1,0,1,2016,4,24,14,44,26.245
376,1,0,1,2016,4,24,14,44,28.199
377,1,0,1,2016,4,24,14,44,28.87
378,1,0,1,2016,4,24,14,44,33.123
379,1,0,1,2016,4,24,14,44,33.774
380,1,0,1,2016,4,24,14,44,34.563
381,1,0,1,2016,4,24,14,44,37.42
382,1,0,1,2016,4,24,14,44,38.181
383,1,0,1,2016,4,24,14,44,39.364
384,1,0,1,2016,4,24,14,44,42.527
385,1,0,1,2016,4,24,14,44,43.781
386,1,0,1,2016,4,24,14,44,47.143
387,1,0,1,2016,4,24,14,44,48.239
388,1,0,1,2016,4,24,14,44,50.097
389,1,0,1,2016,4,24,14,45,2.638
390,1,0,1,2016,4,24,14,45,8.928
391,1,0,1,2016,4,24,14,45,9.548
392,1,0,1,2016,4,24,14,45,10.843
393,1,0,1,2016,4,24,14,45,11.696
394,1,0,1,2016,4,24,14,45,15.944
395,2,0,1,2016,4,24,15,1,28.514
396,2,0,1,2016,4,24,15,1,30.365
397,2,0,1,2016,4,24,15,1,32.717
398,2,0,1,2016,4,24,15,1,34.294
399,2,0,1,2016,4,24,15,1,34.617
400,1,0,1,2016,4,24,15,1,45.931
401,1,0,1,2016,4,24,15,1,46.452
402,1,0,1,2016,4,24,15,1,52.512
403,2,0,1,2016,4,24,15,2,26.93
404,2,0,1,2016,4,24,15,2,27.975
405,1,0,1,2016,4,24,15,2,35.724
406,1,0,1,2016,4,24,15,2,37.454
407,1,0,1,2016,4,24,15,6,58.165
408,1,0,1,2016,4,24,15,6,58.752
409,1,0,1,2016,4,24,15,6,59.738
410,1,0,1,2016,4,24,15,7,22.951
411,1,0,1,2016,4,24,15,7,25.239
412,1,0,1,2016,4,24,15,7,25.297
413,1,0,1,2016,4,24,15,7,27.221
414,1,0,1,2016,4,24,15,7,29.455
415,1,0,1,2016,4,24,15,7,29.649
416,2,0,1,2016,4,24,15,10,19.289
417,2,0,1,2016,4,24,15,10,19.988
418,2,0,1,2016,4,24,15,10,46.245
419,2,0,1,2016,4,24,15,10,47.069
420,2,0,1,2016,4,24,15,10,47.3
421,2,0,1,2016,4,24,15,10,48.219
422,2,0,1,2016,4,24,15,10,51.102
423,2,0,1,2016,4,24,15,10,51.39
424,2,0,1,2016,4,24,15,10,51.93
425,2,0,1,2016,4,24,15,10,52.28
426,1,0,1,2016,4,24,15,11,51.789
427,1,0,1,2016,4,24,15,11,52.197
428,2,0,1,2016,4,24,15,17,28.872
429,2,0,1,2016,4,24,15,17,30.248
430,2,0,1,2016,4,24,15,17,31.273
431,2,0,1,2016,4,24,15,17,32.452
432,1,0,1,2016,4,24,15,18,49.714
433,1,0,1,2016,4,24,15,18,50.581
434,1,0,1,2016,4,24,15,18,53.701
435,1,0,1,2016,4,24,15,18,54.11
436,1,0,1,2016,4,24,15,18,54.922
437,1,0,1,2016,4,24,15,18,55.49
438,1,0,1,2016,4,24,15,18,56.106
439,1,0,1,2016,4,24,15,18,57.431
440,1,0,1,2016,4,24,15,19,3.178
441,1,0,1,2016,4,24,15,19,3.766
442,1,0,1,2016,4,24,15,19,4.644
443,1,0,1,2016,4,24,15,19,10.482
444,1,0,1,2016,4,24,15,19,11.265
445,1,0,1,2016,4,24,15,19,12.097
446,1,0,1,2016,4,24,15,19,18.192
447,1,0,1,2016,4,24,15,19,19.063
448,1,0,1,2016,4,24,15,19,19.447
449,1,0,1,2016,4,24,15,19,20.407
450,1,0,1,2016,4,24,15,19,26.967
451,1,0,1,2016,4,24,15,19,27.899
452,1,0,1,2016,4,24,15,19,28.766
453,1,0,1,2016,4,24,15,19,29.607
454,1,0,1,2016,4,24,15,19,34.401
455,1,0,1,2016,4,24,15,19,35.223
456,1,0,1,2016,4,24,15,19,41.934
457,1,0,1,2016,4,24,15,19,48.742
458,1,0,1,2016,4,24,15,19,53.83
459,1,0,1,2016,4,24,15,19,54.641
460,1,0,1,2016,4,24,15,19,55.57
461,1,0,1,2016,4,24,15,19,56.87
462,1,0,1,2016,4,24,15,19,58.744
463,1,0,1,2016,4,24,15,20,4.03
464,1,0,1,2016,4,24,15,20,4.804
465,1,0,1,2016,4,24,15,20,17.591
466,1,0,1,2016,4,24,15,20,18.468
467,1,0,1,2016,4,24,15,20,19.326
468,1,0,1,2016,4,24,15,20,28.148
469,1,0,1,2016,4,24,15,20,29.542
470,1,0,1,2016,4,24,15,20,30.241
471,1,0,1,2016,4,24,15,21,28.38
472,1,0,1,2016,4,24,15,21,29.02
473,1,0,1,2016,4,24,15,21,29.081
474,1,0,1,2016,4,24,15,21,35.603
475,1,0,1,2016,4,24,15,21,36.269
476,1,0,1,2016,4,24,15,21,44.406
477,1,0,1,2016,4,24,15,21,53.475
478,1,0,1,2016,4,24,15,21,54.116
479,1,0,1,2016,4,24,15,21,54.928
480,1,0,1,2016,4,24,15,21,59.774
481,1,0,1,2016,4,24,15,22,31.293
482,1,0,1,2016,4,24,15,22,31.973
483,1,0,1,2016,4,24,15,23,12.976
484,1,0,1,2016,4,24,15,23,14.005
485,1,0,1,2016,4,24,15,23,14.343
486,1,0,1,2016,4,24,15,24,43.125
487,1,0,1,2016,4,24,15,29,8.779
488,1,0,1,2016,4,24,15,29,9.961
489,1,0,1,2016,4,24,15,29,10.016
490,1,0,1,2016,4,24,15,29,15.424
491,2,0,1,2016,4,24,15,30,3.505
492,2,0,1,2016,4,24,15,30,3.739
493,2,0,1,2016,4,24,15,30,3.839
494,2,0,1,2016,4,24,15,30,3.89
495,2,0,1,2016,4,24,15,30,5.908
496,2,0,1,2016,4,24,15,30,8.646
497,2,0,1,2016,4,24,15,30,9.634
498,2,0,1,2016,4,24,15,30,10.487
499,2,0,1,2016,4,24,15,30,10.837
500,2,0,1,2016,4,24,15,30,22.581
501,2,0,1,2016,4,24,15,30,22.961
502,2,0,1,2016,4,24,15,30,23.774
503,2,0,1,2016,4,24,15,30,30.7
504,1,0,1,2016,4,24,15,35,9.233
505,1,0,1,2016,4,24,15,35,10.477
506,1,0,1,2016,4,24,15,35,11.126
507,1,0,1,2016,4,24,15,35,13.159
508,1,0,1,2016,4,24,15,35,18.758
509,1,0,1,2016,4,24,15,37,25.6
510,1,0,1,2016,4,24,15,37,26.272
511,1,0,1,2016,4,24,15,37,26.935
512,1,0,1,2016,4,24,15,37,27.752
513,1,0,1,2016,4,24,15,37,28.977
514,1,0,1,2016,4,24,15,37,31.483
515,1,0,1,2016,4,24,15,37,32.608
516,1,0,1,2016,4,24,15,37,33.612
517,1,0,1,2016,4,24,15,37,36.271
518,1,0,1,2016,4,24,15,37,36.525
519,1,0,1,2016,4,24,15,37,38.752
520,1,0,1,2016,4,24,15,37,39.52
521,1,0,1,2016,4,24,15,37,40.794
522,1,0,1,2016,4,24,15,37,44.581
523,1,0,1,2016,4,24,15,37,45.461
524,1,0,1,2016,4,24,15,37,46.121
525,1,0,1,2016,4,24,15,37,47.15
526,1,0,1,2016,4,24,15,37,50.775
527,1,0,1,2016,4,24,15,37,51.671
528,1,0,1,2016,4,24,15,37,54.898
529,1,0,1,2016,4,24,15,37,56.231
530,1,0,1,2016,4,24,15,37,57.026
531,1,0,1,2016,4,24,15,38,2.151
532,1,0,1,2016,4,24,15,38,6.846
533,1,0,1,2016,4,24,15,38,9.834
534,1,0,1,2016,4,24,15,38,10.435
535,1,0,1,2016,4,24,15,38,19.972
536,1,0,1,2016,4,24,15,38,21.275
537,1,0,1,2016,4,24,15,38,23.038
538,1,0,1,2016,4,24,15,38,24.607
539,1,0,1,2016,4,24,15,38,25.132
540,1,0,1,2016,4,24,15,38,26.194
541,1,0,1,2016,4,24,15,38,28.003
542,1,0,1,2016,4,24,15,38,29.609
543,1,0,1,2016,4,24,15,38,31.229
544,1,0,1,2016,4,24,15,38,32.04
545,1,0,1,2016,4,24,15,38,32.821
546,1,0,1,2016,4,24,15,38,33.435
547,1,0,1,2016,4,24,15,38,34.645
548,1,0,1,2016,4,24,15,38,36.888
549,1,0,1,2016,4,24,15,44,20.25
550,1,0,1,2016,4,24,15,44,21.029
551,1,0,1,2016,4,24,15,44,21.738
552,1,0,1,2016,4,24,15,44,23.044
553,1,0,1,2016,4,24,15,44,25.41
554,1,0,1,2016,4,24,15,44,26.114
555,1,0,1,2016,4,24,15,44,26.631
556,1,0,1,2016,4,24,15,44,29.391
557,1,0,1,2016,4,24,15,44,30.027
558,1,0,1,2016,4,24,15,44,31.149
559,1,0,1,2016,4,24,15,44,34.821
560,1,0,1,2016,4,24,15,44,39.172
561,1,0,1,2016,4,24,15,44,40.181
562,1,0,1,2016,4,24,15,44,41.173
563,1,0,1,2016,4,24,15,44,45.297
564,1,0,1,2016,4,24,15,44,46.325
565,1,0,1,2016,4,24,15,44,50.726
566,1,0,1,2016,4,24,15,44,51.226
567,1,0,1,2016,4,24,15,44,52.217
568,1,0,1,2016,4,24,15,44,53.005
569,1,0,1,2016,4,24,15,44,56.174
570,1,0,1,2016,4,24,15,44,57.55
571,1,0,1,2016,4,24,15,45,36.021
572,1,0,1,2016,4,24,15,45,36.543
573,1,0,1,2016,4,24,15,45,37.206
574,1,0,1,2016,4,24,15,45,37.885
575,1,0,1,2016,4,24,15,45,39.983
576,1,0,1,2016,4,24,15,45,40.484
577,1,0,1,2016,4,24,15,45,41.413
578,1,0,1,2016,4,24,15,45,45.446
579,1,0,1,2016,4,24,15,45,46.026
580,1,0,1,2016,4,24,15,45,49.044
581,1,0,1,2016,4,24,15,45,49.873
582,1,0,1,2016,4,24,15,45,51.284
583,1,0,1,2016,4,24,15,45,52.215
584,1,0,1,2016,4,24,15,45,54.272
585,1,0,1,2016,4,24,15,45,54.853
586,1,0,1,2016,4,24,15,45,56.187
587,1,0,1,2016,4,24,15,45,56.741
588,1,0,1,2016,4,24,15,45,59.021
589,1,0,1,2016,4,24,15,46,13.744
590,1,0,1,2016,4,24,15,46,14.385
591,1,0,1,2016,4,24,15,46,15.033
592,1,0,1,2016,4,24,15,46,18.434
593,1,0,1,2016,4,24,15,46,19.036
594,1,0,1,2016,4,24,15,46,19.676
595,1,0,1,2016,4,24,15,46,25.531
596,1,0,1,2016,4,24,15,50,2.945
597,1,0,1,2016,4,24,15,50,4.061
598,1,0,1,2016,4,24,15,50,4.389
599,2,0,1,2016,4,24,15,50,12.365
600,2,0,1,2016,4,24,15,50,13.583
601,1,0,1,2016,4,24,15,50,21.11
602,1,0,1,2016,4,24,15,51,24.699
603,2,0,1,2016,4,24,15,51,52.245
604,2,0,1,2016,4,24,15,51,52.626
605,2,0,1,2016,4,24,15,51,53.229
606,2,0,1,2016,4,24,15,51,53.681
607,2,0,1,2016,4,24,15,51,54.433
608,2,0,1,2016,4,24,15,51,55.471
609,2,0,1,2016,4,24,15,51,55.708
610,1,0,1,2016,4,24,16,12,16.09
611,1,0,1,2016,4,24,16,12,21.615
612,1,0,1,2016,4,24,16,12,21.976
613,1,0,1,2016,4,24,16,36,16.642
614,1,0,1,2016,4,24,16,36,17.25
615,1,0,1,2016,4,24,16,36,17.903
616,1,0,1,2016,4,24,16,36,18.349
617,1,0,1,2016,4,24,16,36,27.354
618,1,0,1,2016,4,24,16,36,28.168
619,1,0,1,2016,4,24,16,36,28.485
620,1,0,1,2016,4,24,16,36,35.67
621,1,0,1,2016,4,24,16,36,36.269
622,1,0,1,2016,4,24,16,36,37.083
623,1,0,1,2016,4,24,16,38,45.703
624,1,0,1,2016,4,24,16,38,46.57
625,1,0,1,2016,4,24,16,38,47.119
626,1,0,1,2016,4,24,16,38,48.198
627,2,0,1,2016,4,24,16,42,7.019
628,2,0,1,2016,4,24,16,42,7.833
629,2,0,1,2016,4,24,16,42,8.182
630,2,0,1,2016,4,24,16,42,10.701
631,2,0,1,2016,4,24,16,42,11.513
632,2,0,1,2016,4,24,16,42,11.826
633,2,0,1,2016,4,24,16,42,13.377
634,2,0,1,2016,4,24,16,42,13.898
635,2,0,1,2016,4,24,16,42,14.158
636,1,0,1,2016,4,24,16,43,8.433
637,1,0,1,2016,4,24,16,43,28.188
638,2,0,1,2016,4,24,17,4,52.199
639,2,0,1,2016,4,24,17,4,54.932
640,1,0,1,2016,4,24,17,5,42.729
641,1,0,1,2016,4,24,17,5,43.774
642,1,0,1,2016,4,24,17,9,22.691
643,1,0,1,2016,4,24,17,9,34.852
644,1,0,1,2016,4,24,17,9,35.124
645,1,0,1,2016,4,24,17,10,30.395
646,1,0,1,2016,4,24,17,10,35.039
647,1,0,1,2016,4,24,17,10,35.446
648,1,0,1,2016,4,24,17,10,35.76
649,1,0,1,2016,4,24,17,11,18.403
650,2,0,1,2016,4,24,17,11,46.157
651,2,0,1,2016,4,24,17,11,46.65
652,2,0,1,2016,4,24,17,11,48.179
653,2,0,1,2016,4,24,17,11,49.203
654,2,0,1,2016,4,24,17,11,51.171
655,1,0,1,2016,4,24,17,12,48.887
656,1,0,1,2016,4,24,17,14,24.023
657,2,0,1,2016,4,24,17,25,35.028
658,2,0,1,2016,4,24,17,25,36.079
659,2,0,1,2016,4,24,17,25,36.33
660,2,0,1,2016,4,24,17,25,38.175
661,2,0,1,2016,4,24,17,25,38.366
662,2,0,1,2016,4,24,17,25,49.221
663,2,0,1,2016,4,24,17,25,51.381
664,1,0,1,2016,4,24,17,36,12.783
665,1,0,1,2016,4,24,17,36,14.662
666,1,0,1,2016,4,24,17,36,14.853
667,1,0,1,2016,4,24,17,36,17.683
668,1,0,1,2016,4,24,17,51,43.601
669,1,0,1,2016,4,24,17,55,23.786
670,1,0,1,2016,4,24,17,55,23.858
671,1,0,1,2016,4,24,18,33,36.7
672,1,0,1,2016,4,24,18,33,38.776
673,1,0,1,2016,4,24,18,33,40.888
674,1,0,1,2016,4,24,18,33,45.947
675,1,0,1,2016,4,24,18,34,25.942
676,1,0,1,2016,4,24,18,34,27.375
677,1,0,1,2016,4,24,18,34,29.146
678,1,0,1,2016,4,24,18,39,31.627
