Var1_ 1,Var1_ 2,Var1_ 3,Var1_ 4,Var1_ 5,Var1_ 6,Var1_ 7,Var1_ 8,Var1_ 9,Var1_10
0,0,0,0,2016,5,13,9,23,57.613
1,1,1,1,2016,5,13,10,18,40.675
2,2,2,1,2016,5,13,10,19,34.171
3,2,2,1,2016,5,13,10,19,58.326
4,2,2,1,2016,5,13,10,20,5.897
5,2,2,1,2016,5,13,10,20,14.096
6,2,1,1,2016,5,13,10,20,31.659
7,2,0,1,2016,5,13,10,20,32.829
8,2,0,1,2016,5,13,10,20,34.31
9,2,2,1,2016,5,13,10,20,35.538
10,2,2,1,2016,5,13,10,20,47.462
11,2,0,1,2016,5,13,10,20,48.449
12,2,1,1,2016,5,13,10,21,4.191
13,2,0,1,2016,5,13,10,21,5.379
14,2,0,1,2016,5,13,10,21,6.514
15,2,0,1,2016,5,13,10,21,6.711
16,2,2,1,2016,5,13,10,21,8.478
17,2,0,1,2016,5,13,10,21,8.63
18,2,0,1,2016,5,13,10,21,9.05
19,2,2,1,2016,5,13,10,21,20.85
20,2,0,1,2016,5,13,10,21,21.057
21,2,2,1,2016,5,13,10,21,28.552
22,1,1,1,2016,5,13,10,21,38.646
23,1,0,1,2016,5,13,10,21,38.787
24,2,2,1,2016,5,13,10,21,59.724
25,2,0,1,2016,5,13,10,22,0.775
26,2,2,1,2016,5,13,10,22,7.103
27,2,2,1,2016,5,13,10,22,22.737
28,2,2,1,2016,5,13,10,22,39.507
29,2,1,1,2016,5,13,10,22,57.235
30,2,0,1,2016,5,13,10,22,57.522
31,2,0,1,2016,5,13,10,22,59.63
32,2,0,1,2016,5,13,10,23,0.074
33,2,2,1,2016,5,13,10,23,0.189
34,2,0,1,2016,5,13,10,23,0.983
35,2,2,1,2016,5,13,10,23,21.551
36,2,0,1,2016,5,13,10,23,22.473
37,2,1,1,2016,5,13,10,23,34.419
38,2,0,1,2016,5,13,10,23,35.676
39,2,2,1,2016,5,13,10,23,37.629
40,2,0,1,2016,5,13,10,23,38.093
41,2,2,1,2016,5,13,10,24,13.59
42,2,2,1,2016,5,13,10,24,24.069
43,2,1,1,2016,5,13,10,24,34.322
44,2,0,1,2016,5,13,10,24,35.986
45,2,0,1,2016,5,13,10,24,36.666
46,2,2,1,2016,5,13,10,24,38.589
47,2,0,1,2016,5,13,10,24,38.741
48,2,1,1,2016,5,13,10,25,13.856
49,2,0,1,2016,5,13,10,25,15.285
50,2,2,1,2016,5,13,10,25,25.017
51,2,1,1,2016,5,13,10,25,49.374
52,2,0,1,2016,5,13,10,25,50.844
53,2,2,1,2016,5,13,10,25,53.817
54,2,0,1,2016,5,13,10,25,54.549
55,2,2,1,2016,5,13,10,26,19.089
56,2,2,1,2016,5,13,10,26,43.742
57,2,2,1,2016,5,13,10,26,59.887
58,2,2,1,2016,5,13,10,27,34.357
59,2,0,1,2016,5,13,10,27,35.866
60,2,1,1,2016,5,13,10,27,57.32
61,2,2,1,2016,5,13,10,28,4.981
62,2,2,1,2016,5,13,10,28,39.681
63,2,1,1,2016,5,13,10,28,56.505
64,2,0,1,2016,5,13,10,28,56.596
65,2,1,1,2016,5,13,10,28,59.913
66,2,1,1,2016,5,13,10,29,23.54
67,2,0,1,2016,5,13,10,29,25.116
68,2,0,1,2016,5,13,10,29,25.427
69,2,1,1,2016,5,13,10,29,27.68
70,2,0,1,2016,5,13,10,29,27.829
71,2,0,1,2016,5,13,10,29,28.803
72,2,0,1,2016,5,13,10,29,30.485
73,2,2,1,2016,5,13,10,29,32.295
74,2,0,1,2016,5,13,10,29,33.185
75,2,0,1,2016,5,13,10,29,33.344
76,2,2,1,2016,5,13,10,30,32.719
77,2,1,1,2016,5,13,10,33,15.827
78,2,2,1,2016,5,13,10,33,50.385
79,2,1,1,2016,5,13,10,34,5.097
80,2,0,1,2016,5,13,10,34,6.125
81,2,0,1,2016,5,13,10,34,7.924
82,2,1,1,2016,5,13,10,34,9.808
83,2,0,1,2016,5,13,10,34,10.411
84,2,0,1,2016,5,13,10,34,10.782
85,2,0,1,2016,5,13,10,34,11.866
86,2,0,1,2016,5,13,10,34,12.235
87,2,0,1,2016,5,13,10,34,12.406
88,1,1,1,2016,5,13,10,38,58.276
89,1,1,1,2016,5,13,10,39,20.683
90,2,1,1,2016,5,13,10,40,21.327
91,2,1,1,2016,5,13,10,40,40.754
92,2,0,1,2016,5,13,10,40,42.392
93,2,1,1,2016,5,13,10,40,43.985
94,2,0,1,2016,5,13,10,40,44.102
95,2,0,1,2016,5,13,10,40,45.364
96,2,1,1,2016,5,13,10,40,47.294
97,2,0,1,2016,5,13,10,40,47.436
98,2,1,1,2016,5,13,10,41,7.048
99,2,0,1,2016,5,13,10,41,8.988
100,2,0,1,2016,5,13,10,41,9.11
101,2,1,1,2016,5,13,10,41,11.233
102,2,1,1,2016,5,13,10,41,24.308
103,1,1,1,2016,5,13,10,47,37.091
104,1,1,1,2016,5,13,10,48,32.539
105,1,1,1,2016,5,13,10,49,30.641
106,1,0,1,2016,5,13,10,49,30.869
107,1,1,1,2016,5,13,10,54,49.629
108,1,0,1,2016,5,13,10,54,49.702
109,1,0,1,2016,5,13,10,55,6.515
110,1,0,1,2016,5,13,10,55,11.45
111,1,0,1,2016,5,13,10,57,37.059
112,1,0,1,2016,5,13,10,57,37.692
113,1,0,1,2016,5,13,10,57,38.532
114,1,0,1,2016,5,13,10,57,39.419
115,1,0,1,2016,5,13,10,57,40.451
116,1,0,1,2016,5,13,10,59,8.337
117,1,0,1,2016,5,13,10,59,9.05
118,1,0,1,2016,5,13,10,59,11.862
119,1,0,1,2016,5,13,10,59,41.035
120,1,0,1,2016,5,13,10,59,42.51
121,2,0,1,2016,5,13,11,3,55.388
122,2,0,1,2016,5,13,11,3,57.025
123,2,0,1,2016,5,13,11,3,57.338
124,2,0,1,2016,5,13,11,3,59.222
125,2,0,1,2016,5,13,11,4,0.874
126,2,0,1,2016,5,13,11,4,1.023
127,2,0,1,2016,5,13,11,4,1.206
128,2,0,1,2016,5,13,11,4,1.452
129,2,0,1,2016,5,13,11,4,3.06
130,2,0,1,2016,5,13,11,4,4.894
131,2,0,1,2016,5,13,11,4,6.874
132,2,0,1,2016,5,13,11,4,7.488
133,1,0,1,2016,5,13,11,6,41.382
134,1,0,1,2016,5,13,11,7,15.289
135,1,0,1,2016,5,13,11,8,12.519
136,1,0,1,2016,5,13,11,8,14.07
137,1,0,1,2016,5,13,11,11,28.029
138,1,0,1,2016,5,13,11,11,29.174
139,1,0,1,2016,5,13,11,11,29.626
140,1,0,1,2016,5,13,11,11,53.736
141,1,0,1,2016,5,13,11,11,55.33
142,1,0,1,2016,5,13,11,11,57.428
143,1,0,1,2016,5,13,11,21,26.686
144,1,0,1,2016,5,13,11,21,30.782
145,1,0,1,2016,5,13,11,21,31.949
146,1,0,1,2016,5,13,11,24,18.83
147,1,0,1,2016,5,13,11,24,21.593
148,1,0,1,2016,5,13,11,25,39.46
149,1,0,1,2016,5,13,11,25,40.012
150,1,0,1,2016,5,13,11,28,18.819
151,1,0,1,2016,5,13,11,28,20.432
152,1,0,1,2016,5,13,11,36,52.796
153,1,0,1,2016,5,13,11,39,43.327
154,1,0,1,2016,5,13,11,39,44.911
155,1,0,1,2016,5,13,11,46,34.197
156,1,0,1,2016,5,13,11,48,28.276
157,1,0,1,2016,5,13,11,48,28.385
158,1,0,1,2016,5,13,11,49,53.291
159,1,0,1,2016,5,13,11,49,53.368
160,1,0,1,2016,5,13,11,49,54.423
161,1,0,1,2016,5,13,11,50,1.812
162,1,0,1,2016,5,13,11,50,6.102
163,1,0,1,2016,5,13,11,50,6.333
164,1,0,1,2016,5,13,11,50,7.96
165,1,0,1,2016,5,13,11,50,9.226
166,1,0,1,2016,5,13,11,50,10.254
167,1,0,1,2016,5,13,11,54,48.442
168,1,0,1,2016,5,13,11,57,15.826
169,1,0,1,2016,5,13,11,57,16.457
170,2,0,1,2016,5,13,11,57,35.147
171,2,0,1,2016,5,13,11,57,36.65
172,2,0,1,2016,5,13,11,57,36.881
173,2,0,1,2016,5,13,11,57,37.438
174,2,0,1,2016,5,13,11,57,38.47
175,2,0,1,2016,5,13,11,57,38.591
176,2,0,1,2016,5,13,11,57,39.513
177,2,0,1,2016,5,13,11,57,40.277
178,2,0,1,2016,5,13,11,57,40.49
179,2,0,1,2016,5,13,11,57,41.089
180,2,0,1,2016,5,13,11,57,43.692
181,2,0,1,2016,5,13,11,57,43.926
182,2,0,1,2016,5,13,11,57,45.184
183,2,0,1,2016,5,13,11,57,46.171
184,2,0,1,2016,5,13,11,57,47.137
185,2,0,1,2016,5,13,11,57,47.451
186,2,0,1,2016,5,13,11,58,0.167
187,2,0,1,2016,5,13,11,58,0.725
188,2,0,1,2016,5,13,11,58,1.371
189,2,0,1,2016,5,13,11,58,4.146
190,2,0,1,2016,5,13,11,58,4.319
191,2,0,1,2016,5,13,11,58,4.552
192,2,0,1,2016,5,13,11,59,50.922
193,2,0,1,2016,5,13,11,59,52.438
194,2,0,1,2016,5,13,11,59,53.839
195,2,0,1,2016,5,13,11,59,53.983
196,2,0,1,2016,5,13,11,59,55.284
197,2,0,1,2016,5,13,11,59,55.463
198,2,0,1,2016,5,13,11,59,56.979
199,2,0,1,2016,5,13,11,59,57.362
200,2,0,1,2016,5,13,11,59,57.54
201,2,0,1,2016,5,13,11,59,57.756
202,1,0,1,2016,5,13,12,5,35.898
203,1,0,1,2016,5,13,12,19,49.597
204,1,0,1,2016,5,13,12,19,52.095
205,1,0,1,2016,5,13,12,19,53.452
206,2,0,1,2016,5,13,12,20,7.879
207,2,0,1,2016,5,13,12,20,8.108
208,2,0,1,2016,5,13,12,20,8.929
209,2,0,1,2016,5,13,12,20,9.103
210,2,0,1,2016,5,13,12,20,9.31
211,2,0,1,2016,5,13,12,20,38.261
212,2,0,1,2016,5,13,12,20,40.609
213,2,0,1,2016,5,13,12,20,41.985
214,2,0,1,2016,5,13,12,20,42.198
215,1,0,1,2016,5,13,12,20,48.504
216,1,0,1,2016,5,13,12,20,50.174
217,1,0,1,2016,5,13,12,20,50.586
218,1,0,1,2016,5,13,12,21,40.832
219,2,0,1,2016,5,13,12,26,33.753
220,2,0,1,2016,5,13,12,26,36.675
221,2,0,1,2016,5,13,12,26,37.024
222,2,0,1,2016,5,13,12,26,37.552
223,2,0,1,2016,5,13,12,26,37.706
224,2,0,1,2016,5,13,12,26,39.733
225,2,0,1,2016,5,13,12,26,39.959
226,2,0,1,2016,5,13,12,26,40.178
227,2,0,1,2016,5,13,12,26,42.158
228,2,0,1,2016,5,13,12,26,42.781
229,2,0,1,2016,5,13,12,26,44.684
230,2,0,1,2016,5,13,12,26,45.673
231,2,0,1,2016,5,13,12,26,45.85
232,2,0,1,2016,5,13,12,26,47.219
233,2,0,1,2016,5,13,12,26,47.862
234,2,0,1,2016,5,13,12,26,49.467
235,2,0,1,2016,5,13,12,26,49.892
236,1,0,1,2016,5,13,12,29,4.159
237,1,0,1,2016,5,13,12,31,23.571
238,2,0,1,2016,5,13,12,35,11.977
239,2,0,1,2016,5,13,12,35,13.623
240,2,0,1,2016,5,13,12,35,14.305
241,2,0,1,2016,5,13,12,35,14.767
242,2,0,1,2016,5,13,12,35,16.049
243,2,0,1,2016,5,13,12,35,17.752
244,2,0,1,2016,5,13,12,35,17.986
245,2,0,1,2016,5,13,12,35,18.393
246,2,0,1,2016,5,13,12,35,20.354
247,2,0,1,2016,5,13,12,35,20.586
248,1,0,1,2016,5,13,12,42,48.822
249,1,0,1,2016,5,13,12,42,49.559
250,1,0,1,2016,5,13,12,42,51.3
251,1,0,1,2016,5,13,12,43,2.845
252,1,0,1,2016,5,13,12,43,3.89
253,1,0,1,2016,5,13,12,43,4.531
254,1,0,1,2016,5,13,12,43,5.87
255,1,0,1,2016,5,13,12,43,6.483
256,2,0,1,2016,5,13,12,54,55.102
257,2,0,1,2016,5,13,12,54,56.505
258,2,0,1,2016,5,13,12,54,57.552
259,2,0,1,2016,5,13,12,55,1.707
260,2,0,1,2016,5,13,12,55,19.585
261,2,0,1,2016,5,13,12,55,19.915
262,2,0,1,2016,5,13,12,55,20.146
263,2,0,1,2016,5,13,12,55,20.346
264,2,0,1,2016,5,13,12,55,21.886
265,2,0,1,2016,5,13,12,55,22.101
266,2,0,1,2016,5,13,12,55,22.493
267,1,0,1,2016,5,13,13,0,29.569
268,1,0,1,2016,5,13,13,0,35.926
269,1,0,1,2016,5,13,13,0,36.08
270,1,0,1,2016,5,13,13,4,18.597
271,1,0,1,2016,5,13,13,4,20.658
272,1,0,1,2016,5,13,13,6,3.867
273,1,0,1,2016,5,13,13,7,39.313
274,2,0,1,2016,5,13,13,18,28.571
275,2,0,1,2016,5,13,13,18,29.508
276,2,0,1,2016,5,13,13,18,31.807
277,2,0,1,2016,5,13,13,18,31.945
278,2,0,1,2016,5,13,13,18,32.684
279,2,0,1,2016,5,13,13,18,33.785
280,2,0,1,2016,5,13,13,18,33.974
281,2,0,1,2016,5,13,13,18,34.266
282,2,0,1,2016,5,13,13,18,34.564
283,2,0,1,2016,5,13,13,18,35.581
284,2,0,1,2016,5,13,13,18,36.763
285,2,0,1,2016,5,13,13,18,36.999
286,2,0,1,2016,5,13,13,18,39.341
287,2,0,1,2016,5,13,13,18,40.47
288,2,0,1,2016,5,13,13,18,40.679
289,2,0,1,2016,5,13,13,22,24.996
290,2,0,1,2016,5,13,13,22,26.629
291,2,0,1,2016,5,13,13,22,27.754
292,2,0,1,2016,5,13,13,22,28.918
293,2,0,1,2016,5,13,13,22,30.142
294,2,0,1,2016,5,13,13,22,32.461
295,2,0,1,2016,5,13,13,29,15.172
296,2,0,1,2016,5,13,13,29,17.964
297,2,0,1,2016,5,13,13,29,18.841
298,2,0,1,2016,5,13,13,29,19.361
299,2,0,1,2016,5,13,13,29,21.609
300,2,0,1,2016,5,13,13,29,21.781
301,2,0,1,2016,5,13,13,29,22.698
302,2,0,1,2016,5,13,13,29,22.847
303,2,0,1,2016,5,13,13,29,23.118
304,1,0,1,2016,5,13,13,36,8.281
305,1,0,1,2016,5,13,13,37,9.736
306,2,0,1,2016,5,13,13,39,26.852
307,2,0,1,2016,5,13,13,39,27.317
308,2,0,1,2016,5,13,13,39,27.646
309,2,0,1,2016,5,13,13,44,49.361
310,2,0,1,2016,5,13,13,44,49.801
311,2,0,1,2016,5,13,13,44,51.265
312,2,0,1,2016,5,13,13,44,52.193
313,2,0,1,2016,5,13,13,44,52.775
314,2,0,1,2016,5,13,13,44,53.733
315,2,0,1,2016,5,13,13,44,54.081
316,1,0,1,2016,5,13,13,47,2.055
317,2,0,1,2016,5,13,13,47,30.332
318,2,0,1,2016,5,13,13,47,30.898
319,1,0,1,2016,5,13,13,51,59.023
320,1,0,1,2016,5,13,13,51,59.684
321,1,0,1,2016,5,13,13,52,0.478
322,1,0,1,2016,5,13,13,53,38.967
323,1,0,1,2016,5,13,13,53,39.487
324,1,0,1,2016,5,13,13,53,40.121
325,1,0,1,2016,5,13,13,53,41.296
326,1,0,1,2016,5,13,13,53,41.987
327,1,0,1,2016,5,13,13,53,43.02
328,1,0,1,2016,5,13,13,54,3.48
329,1,0,1,2016,5,13,13,54,3.537
330,1,0,1,2016,5,13,13,54,4.851
331,1,0,1,2016,5,13,13,55,32.657
332,1,0,1,2016,5,13,13,56,45.284
333,1,0,1,2016,5,13,13,56,46.623
334,1,0,1,2016,5,13,13,57,58.732
335,1,0,1,2016,5,13,13,58,3.313
336,1,0,1,2016,5,13,13,58,15.934
337,1,0,1,2016,5,13,13,58,16.898
338,1,0,1,2016,5,13,13,58,17.195
339,1,0,1,2016,5,13,13,58,17.693
340,1,0,1,2016,5,13,13,58,19.555
341,1,0,1,2016,5,13,13,58,19.646
342,1,0,1,2016,5,13,13,58,20.968
343,1,0,1,2016,5,13,13,58,24.55
344,1,0,1,2016,5,13,13,58,24.742
345,1,0,1,2016,5,13,13,58,25.165
346,1,0,1,2016,5,13,13,58,25.197
347,1,0,1,2016,5,13,13,58,25.42
348,1,0,1,2016,5,13,13,59,49.251
349,1,0,1,2016,5,13,13,59,51.03
350,1,0,1,2016,5,13,13,59,51.227
351,1,0,1,2016,5,13,13,59,56.606
352,1,0,1,2016,5,13,14,0,1.622
353,1,0,1,2016,5,13,14,0,2.045
354,1,0,1,2016,5,13,14,0,7.911
355,1,0,1,2016,5,13,14,0,9.196
356,1,0,1,2016,5,13,14,0,11.851
357,1,0,1,2016,5,13,14,0,15.74
358,1,0,1,2016,5,13,14,0,17.468
359,1,0,1,2016,5,13,14,0,18.313
360,1,0,1,2016,5,13,14,0,20.189
361,1,0,1,2016,5,13,14,0,20.698
362,1,0,1,2016,5,13,14,0,21.449
363,1,0,1,2016,5,13,14,1,50.758
364,2,0,1,2016,5,13,14,10,15.621
365,2,0,1,2016,5,13,14,10,17.237
366,2,0,1,2016,5,13,14,10,18.494
367,2,0,1,2016,5,13,14,10,18.707
368,2,0,1,2016,5,13,14,10,20.332
369,2,0,1,2016,5,13,14,10,20.51
370,2,0,1,2016,5,13,14,10,20.803
371,2,0,1,2016,5,13,14,14,57.479
372,2,0,1,2016,5,13,14,14,58.357
373,2,0,1,2016,5,13,14,14,59.151
374,2,0,1,2016,5,13,14,14,59.825
375,2,0,1,2016,5,13,14,15,0.55
376,2,0,1,2016,5,13,14,15,1.219
377,2,0,1,2016,5,13,14,15,1.87
378,1,0,1,2016,5,13,14,16,41.9
379,1,0,1,2016,5,13,14,16,42.284
380,1,0,1,2016,5,13,14,16,42.365
381,1,0,1,2016,5,13,14,16,42.795
382,1,0,1,2016,5,13,14,16,43.762
383,1,0,1,2016,5,13,14,16,46.13
384,1,0,1,2016,5,13,14,16,46.77
385,1,0,1,2016,5,13,14,18,23.238
386,2,0,1,2016,5,13,14,18,49.836
387,2,0,1,2016,5,13,14,18,51.215
388,2,0,1,2016,5,13,14,18,52.122
389,2,0,1,2016,5,13,14,18,53.314
390,2,0,1,2016,5,13,14,18,55.434
391,2,0,1,2016,5,13,14,19,41.037
392,2,0,1,2016,5,13,14,19,42.146
393,1,0,1,2016,5,13,14,21,27.358
394,2,0,1,2016,5,13,14,26,39.88
395,2,0,1,2016,5,13,14,26,41.301
396,2,0,1,2016,5,13,14,26,41.471
397,2,0,1,2016,5,13,14,26,41.692
398,2,0,1,2016,5,13,14,26,43.354
399,2,0,1,2016,5,13,14,38,11.85
400,1,0,1,2016,5,13,14,40,19.48
401,1,0,1,2016,5,13,14,45,41.189
402,1,0,1,2016,5,13,14,45,43.345
403,1,0,1,2016,5,13,14,45,44.426
404,1,0,1,2016,5,13,14,45,46.836
405,1,0,1,2016,5,13,14,45,47.283
406,1,0,1,2016,5,13,14,45,47.358
407,1,0,1,2016,5,13,14,45,51.213
408,2,0,1,2016,5,13,14,51,45.787
409,2,0,1,2016,5,13,14,51,47.166
410,2,0,1,2016,5,13,14,57,16.967
411,2,0,1,2016,5,13,14,57,17.069
412,2,0,1,2016,5,13,14,57,18.409
413,2,0,1,2016,5,13,14,57,20.243
414,2,0,1,2016,5,13,14,57,20.534
415,2,0,1,2016,5,13,14,57,20.768
416,2,0,1,2016,5,13,14,57,22.221
417,2,0,1,2016,5,13,14,57,24.18
418,2,0,1,2016,5,13,14,57,24.65
419,2,0,1,2016,5,13,14,57,26.526
420,2,0,1,2016,5,13,14,57,27.196
421,2,0,1,2016,5,13,14,57,35.275
422,2,0,1,2016,5,13,14,57,37.433
423,2,0,1,2016,5,13,14,57,38.377
424,2,0,1,2016,5,13,14,57,39.426
425,2,0,1,2016,5,13,14,57,39.68
426,1,0,1,2016,5,13,14,57,44.365
427,1,0,1,2016,5,13,15,0,13.327
428,1,0,1,2016,5,13,15,0,14.008
429,1,0,1,2016,5,13,15,0,14.477
430,2,0,1,2016,5,13,15,0,18.566
431,2,0,1,2016,5,13,15,0,19.729
432,2,0,1,2016,5,13,15,0,19.908
433,2,0,1,2016,5,13,15,2,22.693
434,2,0,1,2016,5,13,15,2,23.918
435,2,0,1,2016,5,13,15,2,24.827
436,2,0,1,2016,5,13,15,2,27.047
437,2,0,1,2016,5,13,15,2,29.271
438,2,0,1,2016,5,13,15,2,30.321
439,2,0,1,2016,5,13,15,2,30.443
440,2,0,1,2016,5,13,15,2,30.657
441,2,0,1,2016,5,13,15,2,34.629
442,2,0,1,2016,5,13,15,2,35.499
443,2,0,1,2016,5,13,15,2,35.572
444,2,0,1,2016,5,13,15,2,35.752
445,1,0,1,2016,5,13,15,4,7.224
446,1,0,1,2016,5,13,15,4,8.949
447,1,0,1,2016,5,13,15,6,1.762
448,1,0,1,2016,5,13,15,8,17.208
449,1,0,1,2016,5,13,15,8,17.291
450,1,0,1,2016,5,13,15,8,20.568
451,1,0,1,2016,5,13,15,10,54.335
452,1,0,1,2016,5,13,15,10,55.334
453,1,0,1,2016,5,13,15,10,55.409
454,1,0,1,2016,5,13,15,12,24.955
455,1,0,1,2016,5,13,15,12,26.345
456,1,0,1,2016,5,13,15,12,27.621
457,1,0,1,2016,5,13,15,12,31.64
458,1,0,1,2016,5,13,15,17,4.731
459,1,0,1,2016,5,13,15,17,10.438
460,1,0,1,2016,5,13,15,22,47.841
461,2,0,1,2016,5,13,15,24,51.507
462,2,0,1,2016,5,13,15,24,51.547
463,2,0,1,2016,5,13,15,24,53.147
464,2,0,1,2016,5,13,15,24,53.358
465,2,0,1,2016,5,13,15,24,54.472
466,2,0,1,2016,5,13,15,24,55
467,2,0,1,2016,5,13,15,24,56.718
468,2,0,1,2016,5,13,15,24,56.802
469,2,0,1,2016,5,13,15,24,57.497
470,2,0,1,2016,5,13,15,24,58.895
471,2,0,1,2016,5,13,15,24,59.588
472,2,0,1,2016,5,13,15,24,59.705
473,1,0,1,2016,5,13,15,26,34.304
474,1,0,1,2016,5,13,15,26,35.196
475,1,0,1,2016,5,13,15,26,38.983
476,1,0,1,2016,5,13,15,26,39.505
477,1,0,1,2016,5,13,15,26,40.459
478,1,0,1,2016,5,13,15,26,41.373
479,1,0,1,2016,5,13,15,26,42.338
480,1,0,1,2016,5,13,15,26,45.636
481,1,0,1,2016,5,13,15,26,46.184
482,1,0,1,2016,5,13,15,26,46.916
483,1,0,1,2016,5,13,15,26,48.643
484,1,0,1,2016,5,13,15,26,52.189
485,1,0,1,2016,5,13,15,26,52.618
486,1,0,1,2016,5,13,15,26,53.354
487,1,0,1,2016,5,13,15,39,29.589
488,1,0,1,2016,5,13,15,39,30.287
489,1,0,1,2016,5,13,15,39,30.792
490,1,0,1,2016,5,13,15,39,31.488
491,1,0,1,2016,5,13,15,39,32.109
492,1,0,1,2016,5,13,15,39,32.864
493,1,0,1,2016,5,13,15,39,34.495
494,1,0,1,2016,5,13,15,39,35.432
495,1,0,1,2016,5,13,15,39,35.978
496,1,0,1,2016,5,13,15,39,38.8
497,1,0,1,2016,5,13,15,39,39.381
498,1,0,1,2016,5,13,15,39,41.289
499,1,0,1,2016,5,13,15,39,42.279
500,1,0,1,2016,5,13,15,39,42.817
501,1,0,1,2016,5,13,15,39,45.573
502,1,0,1,2016,5,13,15,39,46.333
503,1,0,1,2016,5,13,15,39,49.566
504,1,0,1,2016,5,13,15,39,50.148
505,1,0,1,2016,5,13,15,39,50.87
506,1,0,1,2016,5,13,15,39,51.843
507,1,0,1,2016,5,13,15,39,56.843
508,1,0,1,2016,5,13,15,39,57.405
509,1,0,1,2016,5,13,15,39,58.163
510,1,0,1,2016,5,13,15,39,58.819
511,1,0,1,2016,5,13,15,40,3.757
512,1,0,1,2016,5,13,15,40,4.67
513,1,0,1,2016,5,13,15,40,5.383
514,1,0,1,2016,5,13,15,40,6.174
515,1,0,1,2016,5,13,15,40,6.937
516,2,0,1,2016,5,13,15,44,41.536
517,2,0,1,2016,5,13,15,44,42.834
518,2,0,1,2016,5,13,15,44,45.397
519,2,0,1,2016,5,13,15,44,45.509
520,2,0,1,2016,5,13,15,44,45.75
521,2,0,1,2016,5,13,15,44,46.659
522,2,0,1,2016,5,13,15,44,47.708
523,2,0,1,2016,5,13,15,44,47.941
524,1,0,1,2016,5,13,15,52,39.158
525,1,0,1,2016,5,13,15,52,39.226
526,1,0,1,2016,5,13,15,53,47.306
527,1,0,1,2016,5,13,15,53,55.99
528,1,0,1,2016,5,13,15,54,2.503
529,1,0,1,2016,5,13,15,54,4.976
530,1,0,1,2016,5,13,15,54,6.938
531,1,0,1,2016,5,13,15,54,7.518
532,1,0,1,2016,5,13,15,54,8.232
533,1,0,1,2016,5,13,15,54,8.636
534,1,0,1,2016,5,13,15,54,9.106
535,1,0,1,2016,5,13,15,54,11.106
536,1,0,1,2016,5,13,15,54,11.771
537,1,0,1,2016,5,13,15,54,14.144
538,1,0,1,2016,5,13,16,0,41.57
539,1,0,1,2016,5,13,16,0,42.202
540,1,0,1,2016,5,13,16,1,31.494
541,1,0,1,2016,5,13,16,9,13.097
542,1,0,1,2016,5,13,16,9,13.352
543,1,0,1,2016,5,13,16,9,15.219
544,2,0,1,2016,5,13,16,10,56.953
545,2,0,1,2016,5,13,16,10,58.5
546,2,0,1,2016,5,13,16,10,58.656
547,2,0,1,2016,5,13,16,11,0.353
548,2,0,1,2016,5,13,16,11,0.519
549,1,0,1,2016,5,13,16,11,53.413
550,1,0,1,2016,5,13,16,12,2.317
551,2,0,1,2016,5,13,16,12,44.379
552,2,0,1,2016,5,13,16,12,44.496
553,2,0,1,2016,5,13,16,12,45.366
554,2,0,1,2016,5,13,16,12,47.001
555,2,0,1,2016,5,13,16,12,47.234
556,2,0,1,2016,5,13,16,12,48.599
557,2,0,1,2016,5,13,16,12,49.059
558,2,0,1,2016,5,13,16,12,49.231
559,2,0,1,2016,5,13,16,12,50.358
560,2,0,1,2016,5,13,16,12,50.592
561,2,0,1,2016,5,13,16,12,50.81
562,2,0,1,2016,5,13,16,12,52.959
563,1,0,1,2016,5,13,16,17,7.537
564,1,0,1,2016,5,13,16,17,8.839
565,1,0,1,2016,5,13,16,17,9.997
566,1,0,1,2016,5,13,16,17,14.492
567,1,0,1,2016,5,13,16,17,16.391
568,1,0,1,2016,5,13,16,19,2.16
569,1,0,1,2016,5,13,16,19,2.922
570,1,0,1,2016,5,13,16,19,3.31
571,1,0,1,2016,5,13,16,19,3.484
572,1,0,1,2016,5,13,16,20,8.527
573,2,0,1,2016,5,13,16,21,18.112
574,2,0,1,2016,5,13,16,21,18.477
575,2,0,1,2016,5,13,16,21,19.214
576,2,0,1,2016,5,13,16,21,19.394
577,2,0,1,2016,5,13,16,24,12.098
578,2,0,1,2016,5,13,16,24,52.763
579,2,0,1,2016,5,13,16,24,56.943
580,2,0,1,2016,5,13,16,24,57.296
581,2,0,1,2016,5,13,16,24,58.085
582,2,0,1,2016,5,13,16,24,58.457
583,2,0,1,2016,5,13,16,24,59.16
584,2,0,1,2016,5,13,16,25,0.184
585,2,0,1,2016,5,13,16,25,0.628
586,2,0,1,2016,5,13,16,25,0.784
587,1,0,1,2016,5,13,16,25,31.541
588,1,0,1,2016,5,13,16,25,34.031
589,1,0,1,2016,5,13,16,25,37.941
590,1,0,1,2016,5,13,16,28,17.147
591,1,0,1,2016,5,13,16,28,23.178
592,1,0,1,2016,5,13,16,34,16.621
593,1,0,1,2016,5,13,16,34,20.325
594,1,0,1,2016,5,13,16,34,51.712
595,1,0,1,2016,5,13,16,37,23.439
596,1,0,1,2016,5,13,16,38,23.602
597,1,0,1,2016,5,13,16,38,25.192
598,1,0,1,2016,5,13,16,38,26.046
599,1,0,1,2016,5,13,16,38,27.56
600,1,0,1,2016,5,13,16,38,28.28
601,1,0,1,2016,5,13,16,38,31.909
602,1,0,1,2016,5,13,16,38,32.273
603,1,0,1,2016,5,13,16,38,34.566
604,1,0,1,2016,5,13,16,38,35.244
605,1,0,1,2016,5,13,16,38,35.724
606,1,0,1,2016,5,13,16,38,36.285
607,1,0,1,2016,5,13,16,38,40.825
608,1,0,1,2016,5,13,16,38,41.12
609,1,0,1,2016,5,13,16,38,41.502
610,1,0,1,2016,5,13,16,38,42.341
611,1,0,1,2016,5,13,16,38,42.752
612,1,0,1,2016,5,13,16,38,43.129
613,1,0,1,2016,5,13,16,38,46.461
614,1,0,1,2016,5,13,16,41,39.241
615,1,0,1,2016,5,13,17,11,25.03
616,1,0,1,2016,5,13,17,11,27.514
617,1,0,1,2016,5,13,17,11,28.482
618,1,0,1,2016,5,13,17,11,29.355
619,1,0,1,2016,5,13,17,11,30.578
620,1,0,1,2016,5,13,17,11,31.322
621,1,0,1,2016,5,13,17,11,32.344
622,1,0,1,2016,5,13,17,11,39.207
623,1,0,1,2016,5,13,17,11,39.88
624,1,0,1,2016,5,13,17,11,40.888
625,2,0,1,2016,5,13,17,20,14.767
626,2,0,1,2016,5,13,17,20,16.157
627,2,0,1,2016,5,13,17,20,16.263
628,2,0,1,2016,5,13,17,20,18.213
629,2,0,1,2016,5,13,17,20,18.385
630,2,0,1,2016,5,13,17,20,19.085
631,2,0,1,2016,5,13,17,20,19.429
632,2,0,1,2016,5,13,17,24,12.58
633,2,0,1,2016,5,13,17,24,12.759
634,2,0,1,2016,5,13,17,24,12.97
635,2,0,1,2016,5,13,17,24,15.858
636,2,0,1,2016,5,13,17,24,16.016
637,2,0,1,2016,5,13,17,24,17.101
638,2,0,1,2016,5,13,17,24,17.262
