Var1_ 1,Var1_ 2,Var1_ 3,Var1_ 4,Var1_ 5,Var1_ 6,Var1_ 7,Var1_ 8,Var1_ 9,Var1_10
0,0,0,0,2016,5,10,9,46,39.304
1,1,1,1,2016,5,10,9,55,17.945
2,2,2,1,2016,5,10,10,23,8.043
3,2,2,1,2016,5,10,10,23,58.231
4,2,2,1,2016,5,10,10,24,26.112
5,2,2,1,2016,5,10,10,24,48.988
6,2,1,1,2016,5,10,10,25,13.466
7,2,2,1,2016,5,10,10,25,19.243
8,2,2,1,2016,5,10,10,27,34.024
9,2,1,1,2016,5,10,10,29,7.774
10,2,2,1,2016,5,10,10,31,46.931
11,2,2,1,2016,5,10,10,32,15.141
12,2,2,1,2016,5,10,10,33,21.76
13,2,1,1,2016,5,10,10,35,22.48
14,1,1,1,2016,5,10,10,46,7.217
15,1,1,1,2016,5,10,10,50,14.396
16,2,2,1,2016,5,10,10,52,28.85
17,2,2,1,2016,5,10,10,53,32.805
18,2,2,1,2016,5,10,10,55,31.062
19,2,2,1,2016,5,10,11,33,35.748
20,2,1,1,2016,5,10,11,34,21.806
21,2,2,1,2016,5,10,11,34,50.441
22,2,2,1,2016,5,10,11,35,36.166
23,2,1,1,2016,5,10,11,36,12.781
24,2,2,1,2016,5,10,11,36,24.147
25,2,2,1,2016,5,10,11,36,42.079
26,2,2,1,2016,5,10,11,38,7.197
27,2,1,1,2016,5,10,11,38,34.186
28,2,2,1,2016,5,10,11,45,31.246
29,2,1,1,2016,5,10,11,45,57.534
30,2,2,1,2016,5,10,11,46,12.255
31,2,1,1,2016,5,10,11,46,48.43
32,2,2,1,2016,5,10,11,47,3.286
33,2,2,1,2016,5,10,11,47,34.554
34,2,2,1,2016,5,10,11,48,46.466
35,2,2,1,2016,5,10,11,48,58.121
36,2,2,1,2016,5,10,11,50,4.414
37,2,1,1,2016,5,10,11,51,19.866
38,2,2,1,2016,5,10,11,51,50.21
39,2,2,1,2016,5,10,11,52,14.003
40,2,1,1,2016,5,10,11,53,13.831
41,2,1,1,2016,5,10,11,53,25.566
42,2,1,1,2016,5,10,11,53,45.105
43,2,1,1,2016,5,10,11,54,12.053
44,2,0,1,2016,5,10,11,54,13.081
45,1,1,1,2016,5,10,11,54,42.565
46,2,2,1,2016,5,10,11,55,47.234
47,1,1,1,2016,5,10,12,1,12.747
48,1,1,1,2016,5,10,12,1,45.962
49,1,1,1,2016,5,10,12,8,16.507
50,2,2,1,2016,5,10,12,9,18.19
51,2,1,1,2016,5,10,12,9,39.149
52,2,1,1,2016,5,10,12,9,49.312
53,2,1,1,2016,5,10,12,10,12.437
54,2,2,1,2016,5,10,12,10,24.627
55,2,1,1,2016,5,10,12,11,6.5
56,2,1,1,2016,5,10,12,11,27.935
57,2,1,1,2016,5,10,12,12,2.048
58,2,1,1,2016,5,10,12,12,50.704
59,2,0,1,2016,5,10,12,12,52.406
60,1,1,1,2016,5,10,12,16,18.212
61,1,1,1,2016,5,10,12,16,35.605
62,1,0,1,2016,5,10,12,16,36.074
63,1,1,1,2016,5,10,12,17,8.355
64,1,0,1,2016,5,10,12,17,47.308
65,1,0,1,2016,5,10,12,18,49.591
66,1,0,1,2016,5,10,12,26,51.318
67,1,0,1,2016,5,10,12,29,8.788
68,1,0,1,2016,5,10,12,29,9.106
69,1,0,1,2016,5,10,12,29,10.67
70,2,0,1,2016,5,10,12,30,48.388
71,2,0,1,2016,5,10,12,30,49.687
72,2,0,1,2016,5,10,12,30,49.979
73,2,0,1,2016,5,10,12,30,51.703
74,2,0,1,2016,5,10,12,30,55.102
75,2,0,1,2016,5,10,12,31,37.101
76,2,0,1,2016,5,10,12,31,37.509
77,2,0,1,2016,5,10,12,31,56.053
78,2,0,1,2016,5,10,12,31,57.078
79,2,0,1,2016,5,10,12,31,58.68
80,2,0,1,2016,5,10,12,31,58.895
81,2,0,1,2016,5,10,12,32,0.451
82,2,0,1,2016,5,10,12,32,0.604
83,2,0,1,2016,5,10,12,32,0.913
84,2,0,1,2016,5,10,12,32,3.689
85,2,0,1,2016,5,10,12,32,30.84
86,1,0,1,2016,5,10,12,42,6.416
87,1,0,1,2016,5,10,12,43,8.431
88,1,0,1,2016,5,10,12,43,9.847
89,1,0,1,2016,5,10,12,43,10.529
90,1,0,1,2016,5,10,12,43,11.127
91,1,0,1,2016,5,10,12,43,11.167
92,1,0,1,2016,5,10,12,43,12.753
93,1,0,1,2016,5,10,12,43,13.428
94,1,0,1,2016,5,10,12,43,13.473
95,1,0,1,2016,5,10,12,55,26.491
96,1,0,1,2016,5,10,12,55,26.586
97,1,0,1,2016,5,10,12,55,26.616
98,1,0,1,2016,5,10,12,55,27.282
99,1,0,1,2016,5,10,12,55,27.381
100,1,0,1,2016,5,10,12,55,28.02
101,1,0,1,2016,5,10,12,55,30.388
102,1,0,1,2016,5,10,12,55,30.656
103,1,0,1,2016,5,10,13,9,18.111
104,1,0,1,2016,5,10,13,9,18.14
105,1,0,1,2016,5,10,13,18,38.415
106,1,0,1,2016,5,10,13,19,48.98
107,1,0,1,2016,5,10,13,19,50.855
108,1,0,1,2016,5,10,13,26,15.032
109,2,0,1,2016,5,10,13,27,20.2
110,2,0,1,2016,5,10,13,27,42.611
111,2,0,1,2016,5,10,13,27,47.764
112,2,0,1,2016,5,10,13,28,8.047
113,2,0,1,2016,5,10,13,28,8.69
114,2,0,1,2016,5,10,13,28,9.425
115,2,0,1,2016,5,10,13,30,5.199
116,2,0,1,2016,5,10,13,30,19.926
117,2,0,1,2016,5,10,13,30,22.038
118,2,0,1,2016,5,10,13,30,25.433
119,2,0,1,2016,5,10,13,30,59.928
120,2,0,1,2016,5,10,13,31,3.131
121,2,0,1,2016,5,10,13,45,35.324
122,2,0,1,2016,5,10,13,45,51.582
123,2,0,1,2016,5,10,13,45,52.541
124,1,0,1,2016,5,10,13,53,51.833
125,1,0,1,2016,5,10,13,59,32.308
126,1,0,1,2016,5,10,13,59,32.479
127,1,0,1,2016,5,10,13,59,32.583
128,2,0,1,2016,5,10,14,7,50.122
129,2,0,1,2016,5,10,14,10,46.74
130,2,0,1,2016,5,10,14,10,48.101
131,2,0,1,2016,5,10,14,10,50.27
132,2,0,1,2016,5,10,14,10,52.066
133,2,0,1,2016,5,10,14,10,53.891
134,2,0,1,2016,5,10,14,15,57.443
135,2,0,1,2016,5,10,14,15,59.056
136,2,0,1,2016,5,10,14,16,0.202
137,1,0,1,2016,5,10,14,17,2.144
138,1,0,1,2016,5,10,14,17,3.638
139,1,0,1,2016,5,10,14,17,4.065
140,1,0,1,2016,5,10,14,40,28.987
141,1,0,1,2016,5,10,14,40,29.041
142,1,0,1,2016,5,10,14,40,29.612
143,2,0,1,2016,5,10,15,6,39.387
144,2,0,1,2016,5,10,15,6,50.765
145,1,0,1,2016,5,10,15,28,13.354
146,1,0,1,2016,5,10,15,28,13.929
147,1,0,1,2016,5,10,15,28,14.762
148,1,0,1,2016,5,10,15,28,15.808
149,1,0,1,2016,5,10,15,28,16.724
150,1,0,1,2016,5,10,15,28,17.342
151,1,0,1,2016,5,10,15,28,17.966
152,2,0,1,2016,5,10,15,44,32.271
153,2,0,1,2016,5,10,15,44,35.213
154,2,0,1,2016,5,10,15,44,50.366
155,2,0,1,2016,5,10,15,44,51.359
156,2,0,1,2016,5,10,15,44,52.618
157,2,0,1,2016,5,10,15,44,52.887
158,2,0,1,2016,5,10,15,44,57.486
159,2,0,1,2016,5,10,15,44,57.642
160,2,0,1,2016,5,10,15,44,59.945
161,2,0,1,2016,5,10,15,45,39.868
162,2,0,1,2016,5,10,15,45,41.964
163,2,0,1,2016,5,10,15,45,42.196
164,2,0,1,2016,5,10,15,46,9.592
165,2,0,1,2016,5,10,15,46,9.634
166,1,0,1,2016,5,10,16,46,26.436
167,1,0,1,2016,5,10,16,46,31.194
168,1,0,1,2016,5,10,16,46,31.456
169,1,0,1,2016,5,10,16,49,28.035
170,1,0,1,2016,5,10,17,19,45.86
171,1,0,1,2016,5,10,17,19,47.367
172,1,0,1,2016,5,10,17,19,48.12
173,1,0,1,2016,5,10,17,19,48.548
174,1,0,1,2016,5,10,17,19,50.007
175,1,0,1,2016,5,10,17,19,51.094
176,1,0,1,2016,5,10,17,19,51.386
177,1,0,1,2016,5,10,17,20,15.368
178,1,0,1,2016,5,10,17,20,16.683
179,1,0,1,2016,5,10,17,20,16.901
180,1,0,1,2016,5,10,17,20,19.026
181,1,0,1,2016,5,10,17,49,16.91
182,1,0,1,2016,5,10,17,49,19.673
183,2,0,1,2016,5,10,17,58,12.223
184,2,0,1,2016,5,10,17,58,28.481
185,2,0,1,2016,5,10,17,58,34.695
186,2,0,1,2016,5,10,17,58,41.926
187,2,0,1,2016,5,10,17,58,56.702
188,2,0,1,2016,5,10,17,58,57.85
189,2,0,1,2016,5,10,17,59,13.522
190,2,0,1,2016,5,10,17,59,13.681
191,2,0,1,2016,5,10,17,59,13.86
192,2,0,1,2016,5,10,18,24,51.498
193,1,0,1,2016,5,10,18,26,52.295
