Var1_ 1,Var1_ 2,Var1_ 3,Var1_ 4,Var1_ 5,Var1_ 6,Var1_ 7,Var1_ 8,Var1_ 9,Var1_10
0,0,0,0,2016,5,7,9,49,54.403
1,1,1,1,2016,5,7,9,49,58.273
2,1,0,1,2016,5,7,9,49,58.936
3,2,2,1,2016,5,7,9,53,58.432
4,2,2,1,2016,5,7,9,55,16.798
5,2,2,1,2016,5,7,9,55,26.973
6,2,2,1,2016,5,7,9,55,55.652
7,2,1,1,2016,5,7,9,56,1.948
8,2,2,1,2016,5,7,9,56,17.977
9,2,0,1,2016,5,7,9,56,18.274
10,2,2,1,2016,5,7,9,56,30.221
11,2,1,1,2016,5,7,9,56,39.251
12,2,2,1,2016,5,7,9,56,51.585
13,2,2,1,2016,5,7,9,57,54.571
14,2,2,1,2016,5,7,9,58,28.872
15,2,1,1,2016,5,7,10,0,12.998
16,2,0,1,2016,5,7,10,0,13.061
17,2,0,1,2016,5,7,10,0,13.789
18,2,2,1,2016,5,7,10,0,33.974
19,2,1,1,2016,5,7,10,2,17.931
20,2,2,1,2016,5,7,10,2,36.398
21,2,1,1,2016,5,7,10,2,50.46
22,2,0,1,2016,5,7,10,2,51.619
23,2,2,1,2016,5,7,10,3,26.726
24,2,2,1,2016,5,7,10,3,39.818
25,2,2,1,2016,5,7,10,3,56.586
26,2,2,1,2016,5,7,10,4,11.826
27,1,1,1,2016,5,7,10,5,48.775
28,1,1,1,2016,5,7,10,6,1.505
29,1,0,1,2016,5,7,10,6,3.085
30,1,0,1,2016,5,7,10,6,3.832
31,1,1,1,2016,5,7,10,6,4.494
32,1,1,1,2016,5,7,10,6,14.447
33,1,1,1,2016,5,7,10,6,19.574
34,2,2,1,2016,5,7,10,7,26.247
35,2,0,1,2016,5,7,10,7,26.301
36,2,1,1,2016,5,7,10,7,46.367
37,2,0,1,2016,5,7,10,7,47.929
38,2,0,1,2016,5,7,10,7,48.499
39,2,2,1,2016,5,7,10,7,49.377
40,2,0,1,2016,5,7,10,7,49.611
41,2,0,1,2016,5,7,10,7,49.801
42,2,1,1,2016,5,7,10,8,2.269
43,2,0,1,2016,5,7,10,8,3.345
44,2,0,1,2016,5,7,10,8,4.471
45,2,2,1,2016,5,7,10,8,7.997
46,2,0,1,2016,5,7,10,8,8.06
47,2,0,1,2016,5,7,10,8,8.251
48,2,0,1,2016,5,7,10,8,8.446
49,2,2,1,2016,5,7,10,8,15.151
50,2,0,1,2016,5,7,10,8,15.386
51,2,2,1,2016,5,7,10,8,32.736
52,2,2,1,2016,5,7,10,8,54.579
53,2,2,1,2016,5,7,10,9,6.213
54,2,1,1,2016,5,7,10,9,41.763
55,1,1,1,2016,5,7,10,10,7.493
56,1,1,1,2016,5,7,10,11,35.562
57,1,0,1,2016,5,7,10,11,36.262
58,1,0,1,2016,5,7,10,11,37.129
59,1,0,1,2016,5,7,10,11,38.375
60,1,1,1,2016,5,7,10,11,39.602
61,1,1,1,2016,5,7,10,16,51.355
62,2,2,1,2016,5,7,10,27,5.536
63,2,1,1,2016,5,7,10,29,58.483
64,2,2,1,2016,5,7,10,30,15.714
65,2,1,1,2016,5,7,10,31,3.343
66,2,2,1,2016,5,7,10,31,6.619
67,2,2,1,2016,5,7,10,32,22.517
68,2,0,1,2016,5,7,10,32,23.444
69,2,2,1,2016,5,7,10,32,33.482
70,2,0,1,2016,5,7,10,32,34.419
71,2,2,1,2016,5,7,10,32,39.239
72,2,2,1,2016,5,7,10,32,52.26
73,2,0,1,2016,5,7,10,32,52.317
74,2,1,1,2016,5,7,10,33,16.343
75,2,0,1,2016,5,7,10,33,17.974
76,2,0,1,2016,5,7,10,33,19.017
77,2,2,1,2016,5,7,10,33,20.125
78,2,0,1,2016,5,7,10,33,20.298
79,2,0,1,2016,5,7,10,33,20.489
80,2,1,1,2016,5,7,10,33,57.025
81,2,0,1,2016,5,7,10,33,58.534
82,2,0,1,2016,5,7,10,33,59.313
83,2,0,1,2016,5,7,10,33,59.475
84,2,1,1,2016,5,7,10,34,1.065
85,2,0,1,2016,5,7,10,34,1.255
86,2,0,1,2016,5,7,10,34,1.47
87,2,0,1,2016,5,7,10,34,2.712
88,2,0,1,2016,5,7,10,34,3.851
89,2,1,1,2016,5,7,10,34,4.895
90,2,1,1,2016,5,7,10,34,19.229
91,2,0,1,2016,5,7,10,34,20.161
92,2,0,1,2016,5,7,10,34,20.22
93,2,0,1,2016,5,7,10,34,21.32
94,2,1,1,2016,5,7,10,34,22.209
95,2,0,1,2016,5,7,10,34,22.595
96,2,0,1,2016,5,7,10,34,23.573
97,2,0,1,2016,5,7,10,34,24.649
98,2,1,1,2016,5,7,10,34,25.429
99,2,0,1,2016,5,7,10,34,26.461
100,2,0,1,2016,5,7,10,34,27.783
101,2,1,1,2016,5,7,10,34,40.759
102,2,1,1,2016,5,7,10,35,23.972
103,2,0,1,2016,5,7,10,35,25.558
104,2,0,1,2016,5,7,10,35,26.412
105,2,1,1,2016,5,7,10,35,28.314
106,2,0,1,2016,5,7,10,35,44.487
107,2,0,1,2016,5,7,10,35,48.217
108,2,0,1,2016,5,7,10,36,10.187
109,2,0,1,2016,5,7,10,36,13.392
110,2,0,1,2016,5,7,10,36,14.689
111,2,0,1,2016,5,7,10,36,16.237
112,2,0,1,2016,5,7,10,36,16.509
113,2,0,1,2016,5,7,10,36,25.413
114,2,0,1,2016,5,7,10,36,31.195
115,2,0,1,2016,5,7,10,36,51.394
116,1,0,1,2016,5,7,10,38,49.576
117,1,0,1,2016,5,7,10,38,50.638
118,1,0,1,2016,5,7,10,38,53.114
119,1,0,1,2016,5,7,10,38,53.387
120,1,0,1,2016,5,7,10,38,54.144
121,1,0,1,2016,5,7,10,39,16.456
122,1,0,1,2016,5,7,10,39,17.057
123,1,0,1,2016,5,7,10,39,17.902
124,1,0,1,2016,5,7,10,39,18.572
125,1,0,1,2016,5,7,10,39,20.894
126,1,0,1,2016,5,7,10,39,21.663
127,1,0,1,2016,5,7,10,39,22.409
128,1,0,1,2016,5,7,10,39,23.431
129,1,0,1,2016,5,7,10,39,24.517
130,1,0,1,2016,5,7,10,39,25.469
131,1,0,1,2016,5,7,10,39,27.243
132,1,0,1,2016,5,7,10,39,28.412
133,1,0,1,2016,5,7,10,39,29.585
134,1,0,1,2016,5,7,10,39,30.246
135,1,0,1,2016,5,7,10,39,31.379
136,1,0,1,2016,5,7,10,39,32.815
137,1,0,1,2016,5,7,10,39,34.478
138,1,0,1,2016,5,7,10,39,37.055
139,1,0,1,2016,5,7,10,39,37.7
140,1,0,1,2016,5,7,10,39,38.315
141,1,0,1,2016,5,7,10,39,40.105
142,2,0,1,2016,5,7,10,41,41.185
143,1,0,1,2016,5,7,10,42,16.842
144,1,0,1,2016,5,7,10,42,17.69
145,1,0,1,2016,5,7,10,42,18.411
146,1,0,1,2016,5,7,10,42,20.413
147,1,0,1,2016,5,7,10,42,21.609
148,1,0,1,2016,5,7,10,42,29.803
149,1,0,1,2016,5,7,10,42,30.445
150,1,0,1,2016,5,7,10,42,31.388
151,1,0,1,2016,5,7,10,42,32.166
152,1,0,1,2016,5,7,10,42,33.039
153,1,0,1,2016,5,7,10,42,33.712
154,1,0,1,2016,5,7,10,42,35.601
155,1,0,1,2016,5,7,10,42,36.216
156,1,0,1,2016,5,7,10,42,37.496
157,1,0,1,2016,5,7,10,42,38.323
158,1,0,1,2016,5,7,10,42,39.259
159,1,0,1,2016,5,7,10,42,44.742
160,1,0,1,2016,5,7,10,42,45.477
161,1,0,1,2016,5,7,10,42,47.184
162,1,0,1,2016,5,7,10,42,48.815
163,1,0,1,2016,5,7,10,42,49.502
164,1,0,1,2016,5,7,10,42,50.132
165,1,0,1,2016,5,7,10,42,53.822
166,1,0,1,2016,5,7,10,42,54.397
167,1,0,1,2016,5,7,10,42,55.251
168,1,0,1,2016,5,7,10,42,59.105
169,1,0,1,2016,5,7,10,42,59.568
170,1,0,1,2016,5,7,10,43,0.468
171,1,0,1,2016,5,7,10,43,3.322
172,1,0,1,2016,5,7,10,43,3.997
173,1,0,1,2016,5,7,10,43,4.616
174,1,0,1,2016,5,7,10,43,5.413
175,1,0,1,2016,5,7,10,43,13.201
176,1,0,1,2016,5,7,10,43,13.845
177,1,0,1,2016,5,7,10,43,14.714
178,1,0,1,2016,5,7,10,43,15.433
179,1,0,1,2016,5,7,10,43,19.878
180,1,0,1,2016,5,7,10,43,20.504
181,1,0,1,2016,5,7,10,43,21.351
182,1,0,1,2016,5,7,10,43,22.162
183,1,0,1,2016,5,7,10,43,26.938
184,1,0,1,2016,5,7,10,43,27.561
185,1,0,1,2016,5,7,10,43,28.297
186,1,0,1,2016,5,7,10,43,29.173
187,1,0,1,2016,5,7,10,43,29.885
188,1,0,1,2016,5,7,10,43,34.526
189,1,0,1,2016,5,7,10,43,35.491
190,1,0,1,2016,5,7,10,43,36.52
191,1,0,1,2016,5,7,10,45,22.503
192,1,0,1,2016,5,7,10,45,23.091
193,1,0,1,2016,5,7,10,45,25.027
194,1,0,1,2016,5,7,10,45,25.468
195,1,0,1,2016,5,7,10,45,26.518
196,1,0,1,2016,5,7,10,48,19.257
197,1,0,1,2016,5,7,10,48,19.788
198,1,0,1,2016,5,7,10,48,20.521
199,1,0,1,2016,5,7,10,48,22.73
200,1,0,1,2016,5,7,10,48,23.367
201,1,0,1,2016,5,7,10,48,28.294
202,1,0,1,2016,5,7,10,48,29.207
203,1,0,1,2016,5,7,10,48,29.963
204,1,0,1,2016,5,7,10,48,31.031
205,1,0,1,2016,5,7,10,48,36.488
206,1,0,1,2016,5,7,10,48,36.95
207,1,0,1,2016,5,7,10,48,37.534
208,1,0,1,2016,5,7,10,48,38.501
209,1,0,1,2016,5,7,10,52,16.516
210,1,0,1,2016,5,7,10,52,16.958
211,1,0,1,2016,5,7,10,52,17.864
212,1,0,1,2016,5,7,10,52,18.587
213,1,0,1,2016,5,7,10,52,19.884
214,2,0,1,2016,5,7,10,52,24.368
215,2,0,1,2016,5,7,10,52,26.24
216,2,0,1,2016,5,7,10,52,27.009
217,2,0,1,2016,5,7,10,52,27.1
218,2,0,1,2016,5,7,10,52,28.1
219,1,0,1,2016,5,7,10,56,12.297
220,1,0,1,2016,5,7,10,56,13.089
221,1,0,1,2016,5,7,10,56,14.139
222,1,0,1,2016,5,7,10,56,17.091
223,1,0,1,2016,5,7,10,56,17.59
224,1,0,1,2016,5,7,10,56,22.601
225,1,0,1,2016,5,7,10,56,23.416
226,1,0,1,2016,5,7,10,56,24.067
227,1,0,1,2016,5,7,10,56,27.715
228,1,0,1,2016,5,7,10,56,28.63
229,1,0,1,2016,5,7,10,56,29.831
230,1,0,1,2016,5,7,10,56,30.593
231,1,0,1,2016,5,7,10,56,31.528
232,1,0,1,2016,5,7,10,56,32.11
233,1,0,1,2016,5,7,10,56,35.642
234,1,0,1,2016,5,7,10,56,36.199
235,1,0,1,2016,5,7,10,56,36.882
236,1,0,1,2016,5,7,10,56,37.655
237,1,0,1,2016,5,7,10,56,38.002
238,1,0,1,2016,5,7,10,56,38.629
239,1,0,1,2016,5,7,10,56,41.883
240,1,0,1,2016,5,7,10,56,42.383
241,1,0,1,2016,5,7,10,56,43.261
242,1,0,1,2016,5,7,10,56,46.941
243,1,0,1,2016,5,7,10,56,47.522
244,1,0,1,2016,5,7,10,56,48.449
245,1,0,1,2016,5,7,10,56,49.438
246,1,0,1,2016,5,7,10,56,54.437
247,1,0,1,2016,5,7,10,56,55.018
248,1,0,1,2016,5,7,10,56,55.756
249,1,0,1,2016,5,7,10,56,56.274
250,1,0,1,2016,5,7,10,57,4.706
251,1,0,1,2016,5,7,10,57,48.925
252,1,0,1,2016,5,7,10,57,49.535
253,1,0,1,2016,5,7,10,58,24.442
254,1,0,1,2016,5,7,10,58,25.01
255,1,0,1,2016,5,7,10,58,25.549
256,1,0,1,2016,5,7,10,58,26.194
257,1,0,1,2016,5,7,10,58,26.81
258,2,0,1,2016,5,7,10,59,27.22
259,2,0,1,2016,5,7,10,59,28.207
260,2,0,1,2016,5,7,10,59,29.236
261,1,0,1,2016,5,7,10,59,52.345
262,2,0,1,2016,5,7,10,59,58.147
263,2,0,1,2016,5,7,10,59,59.197
264,1,0,1,2016,5,7,11,3,48.645
265,1,0,1,2016,5,7,11,3,49.057
266,1,0,1,2016,5,7,11,3,51.415
267,1,0,1,2016,5,7,11,3,54.154
268,1,0,1,2016,5,7,11,3,54.742
269,1,0,1,2016,5,7,11,4,0.687
270,1,0,1,2016,5,7,11,4,1.542
271,1,0,1,2016,5,7,11,4,2.689
272,1,0,1,2016,5,7,11,4,3.361
273,1,0,1,2016,5,7,11,4,3.949
274,1,0,1,2016,5,7,11,4,4.993
275,1,0,1,2016,5,7,11,4,6.14
276,1,0,1,2016,5,7,11,4,7.859
277,1,0,1,2016,5,7,11,4,9.103
278,1,0,1,2016,5,7,11,4,10.953
279,1,0,1,2016,5,7,11,4,11.833
280,1,0,1,2016,5,7,11,4,14.769
281,1,0,1,2016,5,7,11,4,25.953
282,1,0,1,2016,5,7,11,4,26.575
283,1,0,1,2016,5,7,11,4,27.215
284,1,0,1,2016,5,7,11,4,28.006
285,1,0,1,2016,5,7,11,4,28.533
286,1,0,1,2016,5,7,11,5,40.296
287,1,0,1,2016,5,7,11,5,40.689
288,1,0,1,2016,5,7,11,5,43.537
289,1,0,1,2016,5,7,11,6,11.414
290,1,0,1,2016,5,7,11,6,12.154
291,1,0,1,2016,5,7,11,6,12.849
292,1,0,1,2016,5,7,11,6,13.514
293,2,0,1,2016,5,7,11,6,28.561
294,1,0,1,2016,5,7,11,12,27.667
295,1,0,1,2016,5,7,11,12,28.139
296,1,0,1,2016,5,7,11,23,26.136
297,1,0,1,2016,5,7,11,23,27.338
298,1,0,1,2016,5,7,11,23,28.308
299,1,0,1,2016,5,7,11,23,31.02
300,1,0,1,2016,5,7,11,23,48.298
301,1,0,1,2016,5,7,11,23,49.114
302,1,0,1,2016,5,7,11,23,50.605
303,1,0,1,2016,5,7,11,23,52.416
304,1,0,1,2016,5,7,11,24,7.768
305,1,0,1,2016,5,7,11,24,8.297
306,1,0,1,2016,5,7,11,24,22.911
307,1,0,1,2016,5,7,11,24,50.136
308,1,0,1,2016,5,7,11,24,50.951
309,1,0,1,2016,5,7,11,24,51.651
310,1,0,1,2016,5,7,11,24,51.766
311,1,0,1,2016,5,7,11,24,54.565
312,1,0,1,2016,5,7,11,24,54.711
313,1,0,1,2016,5,7,11,24,58.15
314,1,0,1,2016,5,7,11,24,58.272
315,1,0,1,2016,5,7,11,24,58.326
316,1,0,1,2016,5,7,11,24,58.984
317,2,0,1,2016,5,7,11,25,41.936
318,2,0,1,2016,5,7,11,25,42.785
319,2,0,1,2016,5,7,11,25,44.744
320,2,0,1,2016,5,7,11,25,46.368
321,2,0,1,2016,5,7,11,25,51.457
322,2,0,1,2016,5,7,11,25,52.253
323,2,0,1,2016,5,7,11,25,54.604
324,2,0,1,2016,5,7,11,25,55.244
325,2,0,1,2016,5,7,11,25,55.305
326,2,0,1,2016,5,7,11,25,55.436
327,1,0,1,2016,5,7,11,26,36.86
328,1,0,1,2016,5,7,11,31,42.228
329,1,0,1,2016,5,7,11,31,43.103
330,1,0,1,2016,5,7,11,31,43.669
331,1,0,1,2016,5,7,11,31,45.73
332,1,0,1,2016,5,7,11,31,46.227
333,2,0,1,2016,5,7,11,33,40.624
334,2,0,1,2016,5,7,11,33,41.708
335,2,0,1,2016,5,7,11,33,41.828
336,2,0,1,2016,5,7,11,33,42.583
337,2,0,1,2016,5,7,11,33,43.517
338,2,0,1,2016,5,7,11,33,44.652
339,2,0,1,2016,5,7,11,33,50.373
340,2,0,1,2016,5,7,11,33,52.494
341,2,0,1,2016,5,7,11,33,52.667
342,2,0,1,2016,5,7,11,33,55.113
343,2,0,1,2016,5,7,11,33,55.266
344,1,0,1,2016,5,7,11,36,26.742
345,1,0,1,2016,5,7,11,36,27.382
346,1,0,1,2016,5,7,11,36,27.449
347,1,0,1,2016,5,7,11,36,28.419
348,1,0,1,2016,5,7,11,36,28.917
349,1,0,1,2016,5,7,11,36,28.975
350,1,0,1,2016,5,7,11,43,4.035
351,1,0,1,2016,5,7,11,43,4.944
352,1,0,1,2016,5,7,11,43,5.699
353,1,0,1,2016,5,7,11,43,6.082
354,2,0,1,2016,5,7,11,43,34.862
355,2,0,1,2016,5,7,11,45,51.914
356,2,0,1,2016,5,7,11,45,52.062
357,2,0,1,2016,5,7,11,45,52.164
358,2,0,1,2016,5,7,11,45,53.135
359,2,0,1,2016,5,7,11,45,54.072
360,2,0,1,2016,5,7,11,45,55.174
361,2,0,1,2016,5,7,11,46,3.581
362,2,0,1,2016,5,7,11,46,3.696
363,2,0,1,2016,5,7,11,46,3.914
364,2,0,1,2016,5,7,11,46,4.498
365,2,0,1,2016,5,7,11,46,5.349
366,2,0,1,2016,5,7,11,46,5.522
367,2,0,1,2016,5,7,11,46,5.738
368,2,0,1,2016,5,7,11,46,6.297
369,2,0,1,2016,5,7,11,46,7.244
370,2,0,1,2016,5,7,11,46,7.399
371,2,0,1,2016,5,7,11,46,8.333
372,2,0,1,2016,5,7,11,46,8.392
373,2,0,1,2016,5,7,11,46,8.7
374,2,0,1,2016,5,7,11,46,8.912
375,2,0,1,2016,5,7,11,46,12.139
376,2,0,1,2016,5,7,11,46,13.707
377,2,0,1,2016,5,7,11,46,26.717
378,2,0,1,2016,5,7,11,46,27.36
379,2,0,1,2016,5,7,11,46,28.341
380,2,0,1,2016,5,7,11,46,28.391
381,2,0,1,2016,5,7,11,46,29.145
382,2,0,1,2016,5,7,11,46,29.471
383,2,0,1,2016,5,7,11,46,29.991
384,2,0,1,2016,5,7,11,46,30.206
385,2,0,1,2016,5,7,11,46,31.157
386,2,0,1,2016,5,7,11,46,32.049
387,2,0,1,2016,5,7,11,46,32.208
388,2,0,1,2016,5,7,11,46,32.609
389,2,0,1,2016,5,7,11,46,32.767
390,2,0,1,2016,5,7,11,46,32.942
391,2,0,1,2016,5,7,11,46,34.239
392,2,0,1,2016,5,7,11,46,34.395
393,2,0,1,2016,5,7,11,46,35.425
394,2,0,1,2016,5,7,11,49,18.46
395,2,0,1,2016,5,7,11,49,18.576
396,2,0,1,2016,5,7,11,49,19.587
397,2,0,1,2016,5,7,11,49,20.788
398,2,0,1,2016,5,7,11,49,20.909
399,2,0,1,2016,5,7,11,49,21.2
400,2,0,1,2016,5,7,11,49,21.723
401,2,0,1,2016,5,7,11,49,22.404
402,2,0,1,2016,5,7,11,49,23.295
403,2,0,1,2016,5,7,11,49,28.068
404,2,0,1,2016,5,7,11,49,30.075
405,1,0,1,2016,5,7,11,53,1.952
406,1,0,1,2016,5,7,11,53,2.706
407,1,0,1,2016,5,7,11,53,3.444
408,1,0,1,2016,5,7,11,53,4.819
409,1,0,1,2016,5,7,11,53,5.211
410,2,0,1,2016,5,7,11,54,47.188
411,2,0,1,2016,5,7,11,54,48.504
412,2,0,1,2016,5,7,11,54,49.165
413,2,0,1,2016,5,7,11,54,49.316
414,2,0,1,2016,5,7,11,54,51.097
415,2,0,1,2016,5,7,11,54,52.645
416,2,0,1,2016,5,7,11,54,53.534
417,2,0,1,2016,5,7,11,54,53.769
418,2,0,1,2016,5,7,11,55,52.048
419,2,0,1,2016,5,7,11,55,52.302
420,2,0,1,2016,5,7,11,59,11.836
421,2,0,1,2016,5,7,11,59,15.443
422,2,0,1,2016,5,7,12,4,33.478
423,2,0,1,2016,5,7,12,4,34.443
424,1,0,1,2016,5,7,12,6,54.372
425,1,0,1,2016,5,7,12,6,55.069
426,1,0,1,2016,5,7,12,6,55.221
427,1,0,1,2016,5,7,12,6,57.218
428,1,0,1,2016,5,7,12,7,0.365
429,1,0,1,2016,5,7,12,7,0.587
430,2,0,1,2016,5,7,12,9,2.654
431,2,0,1,2016,5,7,12,9,3.237
432,2,0,1,2016,5,7,12,9,4.017
433,2,0,1,2016,5,7,12,9,4.19
434,1,0,1,2016,5,7,12,12,43.586
435,1,0,1,2016,5,7,12,12,46.036
436,1,0,1,2016,5,7,12,14,43.224
437,1,0,1,2016,5,7,12,14,43.883
438,1,0,1,2016,5,7,12,14,44.629
439,1,0,1,2016,5,7,12,14,46.845
440,1,0,1,2016,5,7,12,14,47.018
441,1,0,1,2016,5,7,12,14,47.194
442,1,0,1,2016,5,7,12,14,49.184
443,1,0,1,2016,5,7,12,16,39.384
444,1,0,1,2016,5,7,12,16,39.846
445,1,0,1,2016,5,7,12,16,40.58
446,1,0,1,2016,5,7,12,17,31.664
447,1,0,1,2016,5,7,12,17,32.286
448,1,0,1,2016,5,7,12,17,33.079
449,1,0,1,2016,5,7,12,17,33.721
450,1,0,1,2016,5,7,12,17,34.751
451,1,0,1,2016,5,7,12,17,36.675
452,1,0,1,2016,5,7,12,17,37.431
453,1,0,1,2016,5,7,12,17,39.879
454,1,0,1,2016,5,7,12,17,40.519
455,1,0,1,2016,5,7,12,17,41.513
456,1,0,1,2016,5,7,12,17,41.916
457,1,0,1,2016,5,7,12,17,42.948
458,1,0,1,2016,5,7,12,17,43.85
459,1,0,1,2016,5,7,12,17,44.804
460,1,0,1,2016,5,7,12,17,46.083
461,1,0,1,2016,5,7,12,17,46.849
462,1,0,1,2016,5,7,12,17,50.848
463,1,0,1,2016,5,7,12,17,51.333
464,1,0,1,2016,5,7,12,17,52.069
465,1,0,1,2016,5,7,12,17,52.689
466,1,0,1,2016,5,7,12,17,56.138
467,1,0,1,2016,5,7,12,17,56.958
468,1,0,1,2016,5,7,12,17,57.598
469,2,0,1,2016,5,7,12,18,53.258
470,2,0,1,2016,5,7,12,18,53.725
471,2,0,1,2016,5,7,12,18,53.837
472,2,0,1,2016,5,7,12,18,54.537
473,2,0,1,2016,5,7,12,18,56.443
474,2,0,1,2016,5,7,12,18,56.611
475,2,0,1,2016,5,7,12,18,56.804
476,2,0,1,2016,5,7,12,18,58.14
477,2,0,1,2016,5,7,12,19,5.32
478,2,0,1,2016,5,7,12,19,6.004
479,2,0,1,2016,5,7,12,19,6.141
480,2,0,1,2016,5,7,12,19,7.248
481,2,0,1,2016,5,7,12,19,7.42
482,2,0,1,2016,5,7,12,20,25.425
483,2,0,1,2016,5,7,12,20,26.046
484,2,0,1,2016,5,7,12,20,26.882
485,2,0,1,2016,5,7,12,20,27.693
486,2,0,1,2016,5,7,12,20,28.347
487,2,0,1,2016,5,7,12,20,29.065
488,2,0,1,2016,5,7,12,20,29.181
489,2,0,1,2016,5,7,12,20,29.354
490,1,0,1,2016,5,7,12,25,17.749
491,1,0,1,2016,5,7,12,25,19.732
492,1,0,1,2016,5,7,12,25,19.94
493,1,0,1,2016,5,7,12,25,21.108
494,1,0,1,2016,5,7,12,25,24.412
495,1,0,1,2016,5,7,12,25,24.489
496,1,0,1,2016,5,7,12,25,24.778
497,1,0,1,2016,5,7,12,27,26.155
498,2,0,1,2016,5,7,12,32,37.676
499,2,0,1,2016,5,7,12,32,38.826
500,2,0,1,2016,5,7,12,32,39.003
501,2,0,1,2016,5,7,12,32,41.117
502,2,0,1,2016,5,7,12,35,2.383
503,2,0,1,2016,5,7,12,35,3.028
504,2,0,1,2016,5,7,12,35,4.19
505,2,0,1,2016,5,7,12,35,5.1
506,2,0,1,2016,5,7,12,35,5.854
507,2,0,1,2016,5,7,12,35,6.666
508,2,0,1,2016,5,7,12,35,7.384
509,2,0,1,2016,5,7,12,35,7.48
510,2,0,1,2016,5,7,12,35,7.93
511,2,0,1,2016,5,7,12,35,9.468
512,2,0,1,2016,5,7,12,35,10.46
513,2,0,1,2016,5,7,12,35,11.314
514,2,0,1,2016,5,7,12,35,12.399
515,2,0,1,2016,5,7,12,35,13.424
516,2,0,1,2016,5,7,12,35,14.997
517,2,0,1,2016,5,7,12,35,15.308
518,2,0,1,2016,5,7,12,35,16.625
519,2,0,1,2016,5,7,12,35,18.184
520,1,0,1,2016,5,7,12,35,38.903
521,1,0,1,2016,5,7,12,35,39.516
522,1,0,1,2016,5,7,12,40,12.702
523,1,0,1,2016,5,7,12,40,14.941
524,1,0,1,2016,5,7,12,40,18.787
525,1,0,1,2016,5,7,12,40,19.89
526,1,0,1,2016,5,7,12,40,20.817
527,1,0,1,2016,5,7,12,40,21.343
528,1,0,1,2016,5,7,12,40,23.401
529,1,0,1,2016,5,7,12,40,24.037
530,1,0,1,2016,5,7,12,40,24.794
531,1,0,1,2016,5,7,12,40,25.746
532,1,0,1,2016,5,7,12,40,30.062
533,1,0,1,2016,5,7,12,40,33.183
534,1,0,1,2016,5,7,12,40,33.978
535,1,0,1,2016,5,7,12,40,38.87
536,1,0,1,2016,5,7,12,40,39.623
537,1,0,1,2016,5,7,12,40,40.553
538,1,0,1,2016,5,7,12,40,41.306
539,1,0,1,2016,5,7,12,40,42.132
540,1,0,1,2016,5,7,12,40,46.788
541,1,0,1,2016,5,7,12,40,48.029
542,1,0,1,2016,5,7,12,40,48.693
543,1,0,1,2016,5,7,12,40,53.267
544,1,0,1,2016,5,7,12,40,54.021
545,1,0,1,2016,5,7,12,40,54.778
546,1,0,1,2016,5,7,12,40,55.507
547,1,0,1,2016,5,7,12,41,0.24
548,1,0,1,2016,5,7,12,41,0.884
549,1,0,1,2016,5,7,12,41,1.599
550,1,0,1,2016,5,7,12,41,2.379
551,1,0,1,2016,5,7,12,41,3.037
552,1,0,1,2016,5,7,12,41,3.616
553,1,0,1,2016,5,7,12,41,4.294
554,1,0,1,2016,5,7,12,42,47.756
555,1,0,1,2016,5,7,12,42,48.964
556,1,0,1,2016,5,7,12,42,49.25
557,1,0,1,2016,5,7,12,44,13.393
558,1,0,1,2016,5,7,12,44,14.074
559,1,0,1,2016,5,7,12,44,15.946
560,1,0,1,2016,5,7,12,44,16.615
561,1,0,1,2016,5,7,12,44,19.727
562,1,0,1,2016,5,7,12,44,20.637
563,1,0,1,2016,5,7,12,44,24.754
564,1,0,1,2016,5,7,12,44,26.08
565,1,0,1,2016,5,7,12,44,27.293
566,1,0,1,2016,5,7,12,44,29.104
567,1,0,1,2016,5,7,12,44,29.707
568,1,0,1,2016,5,7,12,47,22.223
569,1,0,1,2016,5,7,12,47,22.379
570,1,0,1,2016,5,7,12,47,23.584
571,1,0,1,2016,5,7,12,47,25.016
572,1,0,1,2016,5,7,12,47,25.272
573,1,0,1,2016,5,7,12,47,35.686
574,1,0,1,2016,5,7,12,47,37.565
575,1,0,1,2016,5,7,12,47,37.636
576,1,0,1,2016,5,7,12,47,37.882
577,1,0,1,2016,5,7,12,47,38.519
578,1,0,1,2016,5,7,12,47,58.694
579,2,0,1,2016,5,7,12,57,1.741
580,2,0,1,2016,5,7,12,57,6.85
581,2,0,1,2016,5,7,12,57,8.748
582,2,0,1,2016,5,7,12,57,9.06
583,2,0,1,2016,5,7,12,57,15.02
584,2,0,1,2016,5,7,12,57,15.969
585,2,0,1,2016,5,7,12,57,16.903
586,1,0,1,2016,5,7,13,3,26.748
587,1,0,1,2016,5,7,13,3,27.744
588,1,0,1,2016,5,7,13,3,29.43
589,1,0,1,2016,5,7,13,3,30.123
590,1,0,1,2016,5,7,13,3,30.845
591,1,0,1,2016,5,7,13,3,34.387
592,1,0,1,2016,5,7,13,3,37.745
593,1,0,1,2016,5,7,13,3,38.443
594,1,0,1,2016,5,7,13,4,6.326
595,1,0,1,2016,5,7,13,4,6.848
596,1,0,1,2016,5,7,13,4,7.572
597,1,0,1,2016,5,7,13,4,8.323
598,1,0,1,2016,5,7,13,5,21.317
599,1,0,1,2016,5,7,13,5,22.012
600,1,0,1,2016,5,7,13,5,27.031
601,1,0,1,2016,5,7,13,5,27.262
602,1,0,1,2016,5,7,13,5,27.696
603,1,0,1,2016,5,7,13,5,28.464
604,1,0,1,2016,5,7,13,5,29.4
605,1,0,1,2016,5,7,13,5,30.104
606,1,0,1,2016,5,7,13,5,30.744
607,1,0,1,2016,5,7,13,7,55.174
608,1,0,1,2016,5,7,13,14,11.662
609,1,0,1,2016,5,7,13,14,12.668
610,2,0,1,2016,5,7,13,14,26.134
611,2,0,1,2016,5,7,13,14,26.442
612,2,0,1,2016,5,7,13,14,29.452
613,2,0,1,2016,5,7,13,14,29.745
614,2,0,1,2016,5,7,13,14,34.406
615,2,0,1,2016,5,7,13,14,35.323
616,2,0,1,2016,5,7,13,14,35.975
617,2,0,1,2016,5,7,13,14,40.442
618,2,0,1,2016,5,7,13,14,40.709
619,2,0,1,2016,5,7,13,14,41.835
620,2,0,1,2016,5,7,13,14,41.973
621,2,0,1,2016,5,7,13,14,42.207
622,2,0,1,2016,5,7,13,14,42.437
623,2,0,1,2016,5,7,13,14,43.736
624,2,0,1,2016,5,7,13,14,44.438
625,2,0,1,2016,5,7,13,14,44.593
626,2,0,1,2016,5,7,13,14,45.12
627,2,0,1,2016,5,7,13,14,46.943
628,2,0,1,2016,5,7,13,14,53.944
629,2,0,1,2016,5,7,13,14,54.432
630,2,0,1,2016,5,7,13,14,55.338
631,2,0,1,2016,5,7,13,14,56.554
632,2,0,1,2016,5,7,13,14,57.138
633,2,0,1,2016,5,7,13,14,57.277
634,2,0,1,2016,5,7,13,14,57.336
635,2,0,1,2016,5,7,13,14,58.477
636,2,0,1,2016,5,7,13,15,21.029
637,1,0,1,2016,5,7,13,18,37.773
638,1,0,1,2016,5,7,13,18,38.491
639,1,0,1,2016,5,7,13,18,40.604
640,1,0,1,2016,5,7,13,18,41.192
641,1,0,1,2016,5,7,13,21,37.981
642,1,0,1,2016,5,7,13,21,38.247
643,1,0,1,2016,5,7,13,21,38.539
644,1,0,1,2016,5,7,13,21,46.902
645,2,0,1,2016,5,7,13,30,13.084
646,2,0,1,2016,5,7,13,30,13.225
647,1,0,1,2016,5,7,13,32,12.922
648,1,0,1,2016,5,7,13,32,13.524
649,1,0,1,2016,5,7,13,32,14.177
650,1,0,1,2016,5,7,13,32,15.11
651,1,0,1,2016,5,7,13,32,19.94
652,1,0,1,2016,5,7,13,32,20.446
653,1,0,1,2016,5,7,13,32,21.051
654,1,0,1,2016,5,7,13,32,21.746
655,1,0,1,2016,5,7,13,34,3.899
656,1,0,1,2016,5,7,13,34,4.384
657,1,0,1,2016,5,7,13,34,4.749
658,2,0,1,2016,5,7,13,35,41.127
659,2,0,1,2016,5,7,13,35,42.889
660,2,0,1,2016,5,7,13,35,42.957
661,2,0,1,2016,5,7,13,35,44.165
662,2,0,1,2016,5,7,13,35,45.274
663,2,0,1,2016,5,7,13,35,47.305
664,2,0,1,2016,5,7,13,35,47.508
665,2,0,1,2016,5,7,13,35,48.063
666,2,0,1,2016,5,7,13,35,56.729
667,2,0,1,2016,5,7,13,35,56.861
668,2,0,1,2016,5,7,13,35,56.922
669,2,0,1,2016,5,7,13,35,58.449
670,2,0,1,2016,5,7,13,35,59.375
671,2,0,1,2016,5,7,13,35,59.611
672,2,0,1,2016,5,7,13,35,59.753
673,2,0,1,2016,5,7,13,36,0.545
674,2,0,1,2016,5,7,13,36,1.209
675,2,0,1,2016,5,7,13,36,1.901
676,2,0,1,2016,5,7,13,36,3.534
677,2,0,1,2016,5,7,13,36,4.019
678,2,0,1,2016,5,7,13,36,5.723
679,2,0,1,2016,5,7,13,36,6.323
680,2,0,1,2016,5,7,13,36,6.502
681,2,0,1,2016,5,7,13,41,8.885
682,2,0,1,2016,5,7,13,41,9.186
683,2,0,1,2016,5,7,13,41,10.67
684,2,0,1,2016,5,7,13,41,11.111
685,2,0,1,2016,5,7,13,41,54.047
686,2,0,1,2016,5,7,13,41,54.785
687,2,0,1,2016,5,7,13,41,55.389
688,2,0,1,2016,5,7,13,42,51.675
689,2,0,1,2016,5,7,13,43,1.228
690,1,0,1,2016,5,7,13,44,23.229
691,1,0,1,2016,5,7,13,47,53.769
692,1,0,1,2016,5,7,13,47,54.294
693,1,0,1,2016,5,7,13,47,54.844
694,1,0,1,2016,5,7,13,47,55.501
695,1,0,1,2016,5,7,13,47,57.519
696,1,0,1,2016,5,7,13,47,58.513
697,1,0,1,2016,5,7,13,48,1.344
698,1,0,1,2016,5,7,13,48,2.169
699,1,0,1,2016,5,7,13,48,5.74
700,1,0,1,2016,5,7,13,48,6.563
701,1,0,1,2016,5,7,13,48,7.079
702,1,0,1,2016,5,7,13,48,8.632
703,1,0,1,2016,5,7,13,48,9.944
704,1,0,1,2016,5,7,13,48,13.82
705,1,0,1,2016,5,7,13,48,14.384
706,2,0,1,2016,5,7,13,51,43.454
707,2,0,1,2016,5,7,13,51,44.21
708,2,0,1,2016,5,7,13,51,44.381
709,1,0,1,2016,5,7,13,52,10.786
710,1,0,1,2016,5,7,13,52,14.368
711,1,0,1,2016,5,7,13,56,6.977
712,1,0,1,2016,5,7,13,56,31.879
713,1,0,1,2016,5,7,13,56,33.649
714,1,0,1,2016,5,7,13,56,48.453
715,1,0,1,2016,5,7,13,56,48.961
716,1,0,1,2016,5,7,13,56,49.673
717,1,0,1,2016,5,7,13,56,50.196
718,2,0,1,2016,5,7,13,57,33.857
719,2,0,1,2016,5,7,13,57,34.278
720,2,0,1,2016,5,7,13,57,40.464
721,1,0,1,2016,5,7,13,58,57.213
722,1,0,1,2016,5,7,13,58,57.936
723,1,0,1,2016,5,7,13,58,58.421
724,1,0,1,2016,5,7,13,59,8.729
725,1,0,1,2016,5,7,13,59,9.08
726,1,0,1,2016,5,7,14,0,19.952
727,1,0,1,2016,5,7,14,0,20.399
728,1,0,1,2016,5,7,14,0,20.571
729,1,0,1,2016,5,7,14,0,21.298
730,1,0,1,2016,5,7,14,0,22.036
731,1,0,1,2016,5,7,14,0,24.083
732,1,0,1,2016,5,7,14,0,24.431
733,1,0,1,2016,5,7,14,0,25.156
734,1,0,1,2016,5,7,14,0,25.912
735,1,0,1,2016,5,7,14,3,19.176
736,1,0,1,2016,5,7,14,3,19.836
737,1,0,1,2016,5,7,14,3,20.336
738,1,0,1,2016,5,7,14,3,20.411
739,1,0,1,2016,5,7,14,3,20.789
740,1,0,1,2016,5,7,14,3,22.608
741,1,0,1,2016,5,7,14,3,23.081
742,1,0,1,2016,5,7,14,3,29.501
743,1,0,1,2016,5,7,14,3,30.64
744,1,0,1,2016,5,7,14,3,30.718
745,2,0,1,2016,5,7,14,5,26.672
746,2,0,1,2016,5,7,14,5,31.549
747,2,0,1,2016,5,7,14,5,31.92
748,2,0,1,2016,5,7,14,5,32.536
749,2,0,1,2016,5,7,14,5,33.086
750,1,0,1,2016,5,7,14,5,41.416
751,1,0,1,2016,5,7,14,5,41.908
752,1,0,1,2016,5,7,14,5,42.389
753,1,0,1,2016,5,7,14,5,54.965
754,2,0,1,2016,5,7,14,7,6.675
755,2,0,1,2016,5,7,14,7,7.455
756,2,0,1,2016,5,7,14,7,7.845
757,2,0,1,2016,5,7,14,7,8.579
758,2,0,1,2016,5,7,14,9,24.842
759,1,0,1,2016,5,7,14,15,29.127
760,1,0,1,2016,5,7,14,15,30.328
761,1,0,1,2016,5,7,14,15,44.849
762,1,0,1,2016,5,7,14,15,45.451
763,1,0,1,2016,5,7,14,15,45.979
764,1,0,1,2016,5,7,14,15,46.114
765,1,0,1,2016,5,7,14,16,58.018
766,1,0,1,2016,5,7,14,16,59.05
767,1,0,1,2016,5,7,14,17,11.098
768,1,0,1,2016,5,7,14,21,52.999
769,1,0,1,2016,5,7,14,21,53.676
770,1,0,1,2016,5,7,14,21,54.358
771,1,0,1,2016,5,7,14,21,58.739
772,1,0,1,2016,5,7,14,22,1.341
773,1,0,1,2016,5,7,14,22,1.996
774,1,0,1,2016,5,7,14,22,4.888
775,1,0,1,2016,5,7,14,22,5.46
776,1,0,1,2016,5,7,14,22,6.313
777,1,0,1,2016,5,7,14,22,9.526
778,1,0,1,2016,5,7,14,22,10.437
779,1,0,1,2016,5,7,14,22,11.153
780,1,0,1,2016,5,7,14,22,15.628
781,1,0,1,2016,5,7,14,22,16.489
782,1,0,1,2016,5,7,14,22,17.114
783,1,0,1,2016,5,7,14,22,20.27
784,1,0,1,2016,5,7,14,22,21.049
785,1,0,1,2016,5,7,14,22,25.508
786,1,0,1,2016,5,7,14,22,26.01
787,1,0,1,2016,5,7,14,22,26.557
788,1,0,1,2016,5,7,14,22,27.153
789,1,0,1,2016,5,7,14,22,27.734
790,1,0,1,2016,5,7,14,22,34.107
791,1,0,1,2016,5,7,14,22,35.017
792,1,0,1,2016,5,7,14,22,35.973
793,1,0,1,2016,5,7,14,23,3.106
794,1,0,1,2016,5,7,14,23,3.938
795,1,0,1,2016,5,7,14,23,8.56
796,1,0,1,2016,5,7,14,23,9.385
797,1,0,1,2016,5,7,14,23,14.499
798,1,0,1,2016,5,7,14,23,15.199
799,1,0,1,2016,5,7,14,23,16.142
800,1,0,1,2016,5,7,14,23,36.431
801,1,0,1,2016,5,7,14,24,42.807
802,1,0,1,2016,5,7,14,24,45.19
803,1,0,1,2016,5,7,14,24,46.201
804,1,0,1,2016,5,7,14,24,46.942
805,1,0,1,2016,5,7,14,24,51.729
806,1,0,1,2016,5,7,14,24,52.556
807,1,0,1,2016,5,7,14,24,53.29
808,1,0,1,2016,5,7,14,24,54.039
809,1,0,1,2016,5,7,14,24,57.322
810,1,0,1,2016,5,7,14,24,58.005
811,1,0,1,2016,5,7,14,24,58.838
812,1,0,1,2016,5,7,14,24,59.499
813,1,0,1,2016,5,7,14,25,9.307
814,1,0,1,2016,5,7,14,25,10.13
815,1,0,1,2016,5,7,14,25,16.381
816,1,0,1,2016,5,7,14,25,16.93
817,1,0,1,2016,5,7,14,25,17.552
818,1,0,1,2016,5,7,14,25,18.173
819,1,0,1,2016,5,7,14,25,21.755
820,1,0,1,2016,5,7,14,25,22.264
821,1,0,1,2016,5,7,14,25,28.465
822,1,0,1,2016,5,7,14,25,29.107
823,1,0,1,2016,5,7,14,25,29.78
824,1,0,1,2016,5,7,14,25,30.294
825,1,0,1,2016,5,7,14,25,31.001
826,1,0,1,2016,5,7,14,31,26.784
827,1,0,1,2016,5,7,14,31,27.561
828,1,0,1,2016,5,7,14,31,28.628
829,1,0,1,2016,5,7,14,31,34.627
830,1,0,1,2016,5,7,14,31,35.146
831,1,0,1,2016,5,7,14,31,35.964
832,1,0,1,2016,5,7,14,31,36.757
833,1,0,1,2016,5,7,14,31,39.551
834,1,0,1,2016,5,7,14,31,40.74
835,1,0,1,2016,5,7,14,31,42.155
836,1,0,1,2016,5,7,14,31,42.873
837,1,0,1,2016,5,7,14,31,48.922
838,1,0,1,2016,5,7,14,31,49.354
839,1,0,1,2016,5,7,14,31,50.031
840,1,0,1,2016,5,7,14,31,50.655
841,1,0,1,2016,5,7,14,31,54.791
842,1,0,1,2016,5,7,14,31,55.572
843,1,0,1,2016,5,7,14,37,17.937
844,1,0,1,2016,5,7,14,37,18.284
845,1,0,1,2016,5,7,14,37,18.916
846,1,0,1,2016,5,7,14,46,39.811
847,2,0,1,2016,5,7,14,47,37.731
848,2,0,1,2016,5,7,14,47,43.675
849,2,0,1,2016,5,7,14,47,50.218
850,2,0,1,2016,5,7,14,47,50.998
851,2,0,1,2016,5,7,14,47,51.158
852,2,0,1,2016,5,7,14,48,16.667
853,2,0,1,2016,5,7,14,48,18.115
854,2,0,1,2016,5,7,14,48,19.196
855,2,0,1,2016,5,7,14,48,19.736
856,2,0,1,2016,5,7,14,48,20.554
857,2,0,1,2016,5,7,14,48,22.195
858,2,0,1,2016,5,7,14,48,22.602
859,2,0,1,2016,5,7,14,48,23.456
860,2,0,1,2016,5,7,14,48,23.558
861,2,0,1,2016,5,7,14,48,24.211
862,2,0,1,2016,5,7,14,48,25.056
863,2,0,1,2016,5,7,14,48,26.309
864,2,0,1,2016,5,7,14,48,26.526
865,2,0,1,2016,5,7,14,48,26.834
866,2,0,1,2016,5,7,14,49,0.422
867,2,0,1,2016,5,7,14,49,0.803
868,2,0,1,2016,5,7,14,49,2.332
869,2,0,1,2016,5,7,14,49,2.819
870,2,0,1,2016,5,7,14,49,3.98
871,2,0,1,2016,5,7,14,49,4.122
872,2,0,1,2016,5,7,14,49,4.315
873,2,0,1,2016,5,7,14,49,4.804
874,2,0,1,2016,5,7,14,49,5.421
875,2,0,1,2016,5,7,14,49,5.632
876,2,0,1,2016,5,7,14,49,7.761
877,2,0,1,2016,5,7,14,49,8.075
878,2,0,1,2016,5,7,14,49,8.69
879,2,0,1,2016,5,7,14,49,9.82
880,2,0,1,2016,5,7,14,49,11.416
881,2,0,1,2016,5,7,14,49,11.511
882,2,0,1,2016,5,7,14,49,12.021
883,2,0,1,2016,5,7,14,49,13.863
884,2,0,1,2016,5,7,14,49,19.902
885,2,0,1,2016,5,7,14,49,20.629
886,2,0,1,2016,5,7,14,49,21.564
887,2,0,1,2016,5,7,14,49,22.223
888,2,0,1,2016,5,7,14,49,23.521
889,2,0,1,2016,5,7,14,49,25.503
890,2,0,1,2016,5,7,14,49,25.822
891,2,0,1,2016,5,7,14,49,27.445
892,2,0,1,2016,5,7,14,49,27.698
893,2,0,1,2016,5,7,14,49,27.852
894,1,0,1,2016,5,7,14,51,18.637
895,1,0,1,2016,5,7,14,51,19.333
896,1,0,1,2016,5,7,14,51,20.246
897,1,0,1,2016,5,7,14,51,22.5
898,1,0,1,2016,5,7,14,51,22.946
899,1,0,1,2016,5,7,14,51,23.858
900,1,0,1,2016,5,7,14,51,25.901
901,1,0,1,2016,5,7,14,51,27.385
902,1,0,1,2016,5,7,14,51,28.132
903,1,0,1,2016,5,7,14,51,28.843
904,1,0,1,2016,5,7,14,51,29.374
905,1,0,1,2016,5,7,14,51,31.74
906,1,0,1,2016,5,7,14,51,32.537
907,1,0,1,2016,5,7,14,51,36.405
908,1,0,1,2016,5,7,14,51,37.055
909,1,0,1,2016,5,7,14,51,38.308
910,1,0,1,2016,5,7,14,51,42.474
911,1,0,1,2016,5,7,14,54,7.099
912,1,0,1,2016,5,7,14,54,7.773
913,1,0,1,2016,5,7,14,54,8.552
914,1,0,1,2016,5,7,14,58,6.973
915,1,0,1,2016,5,7,14,58,7.646
916,1,0,1,2016,5,7,14,58,8.463
917,1,0,1,2016,5,7,14,58,12.834
918,2,0,1,2016,5,7,14,58,17.392
919,2,0,1,2016,5,7,14,58,17.586
920,2,0,1,2016,5,7,14,58,18.242
921,2,0,1,2016,5,7,14,58,18.322
922,2,0,1,2016,5,7,14,58,18.787
923,2,0,1,2016,5,7,14,58,19.909
924,2,0,1,2016,5,7,15,0,9.116
925,2,0,1,2016,5,7,15,0,18.184
926,2,0,1,2016,5,7,15,0,18.28
927,2,0,1,2016,5,7,15,0,19.265
928,2,0,1,2016,5,7,15,0,19.366
929,2,0,1,2016,5,7,15,0,20.134
930,2,0,1,2016,5,7,15,0,20.909
931,2,0,1,2016,5,7,15,0,21.264
932,2,0,1,2016,5,7,15,0,22.215
933,2,0,1,2016,5,7,15,0,22.34
934,2,0,1,2016,5,7,15,0,23.582
935,2,0,1,2016,5,7,15,0,36.338
936,2,0,1,2016,5,7,15,0,36.785
937,2,0,1,2016,5,7,15,1,49.699
938,2,0,1,2016,5,7,15,1,50.09
939,2,0,1,2016,5,7,15,1,50.808
940,2,0,1,2016,5,7,15,1,51.47
941,2,0,1,2016,5,7,15,1,51.856
942,2,0,1,2016,5,7,15,1,52.548
943,2,0,1,2016,5,7,15,1,53.386
944,2,0,1,2016,5,7,15,1,53.551
945,2,0,1,2016,5,7,15,1,54.391
946,2,0,1,2016,5,7,15,1,54.599
947,2,0,1,2016,5,7,15,1,54.758
948,2,0,1,2016,5,7,15,1,55.73
949,1,0,1,2016,5,7,15,4,30.846
950,1,0,1,2016,5,7,15,4,39.793
951,1,0,1,2016,5,7,15,4,39.961
952,1,0,1,2016,5,7,15,4,45.201
953,1,0,1,2016,5,7,15,4,45.33
954,2,0,1,2016,5,7,15,5,10.618
955,2,0,1,2016,5,7,15,5,12.29
956,2,0,1,2016,5,7,15,5,12.852
957,2,0,1,2016,5,7,15,5,13.827
958,2,0,1,2016,5,7,15,5,14.43
959,2,0,1,2016,5,7,15,5,14.622
960,2,0,1,2016,5,7,15,5,15.31
961,2,0,1,2016,5,7,15,5,29.293
962,2,0,1,2016,5,7,15,5,29.684
963,2,0,1,2016,5,7,15,5,30.301
964,2,0,1,2016,5,7,15,5,30.512
965,2,0,1,2016,5,7,15,5,30.999
966,2,0,1,2016,5,7,15,5,31.083
967,2,0,1,2016,5,7,15,5,32.199
968,2,0,1,2016,5,7,15,5,33.191
969,2,0,1,2016,5,7,15,5,33.926
970,2,0,1,2016,5,7,15,5,36.161
971,2,0,1,2016,5,7,15,5,36.684
972,2,0,1,2016,5,7,15,5,38.719
973,2,0,1,2016,5,7,15,5,39.107
974,2,0,1,2016,5,7,15,5,44.635
975,2,0,1,2016,5,7,15,5,54.157
976,2,0,1,2016,5,7,15,5,54.252
977,2,0,1,2016,5,7,15,5,54.718
978,2,0,1,2016,5,7,15,5,55.102
979,2,0,1,2016,5,7,15,5,56.138
980,2,0,1,2016,5,7,15,5,56.528
981,2,0,1,2016,5,7,15,5,56.773
982,2,0,1,2016,5,7,15,5,57.007
983,2,0,1,2016,5,7,15,6,4.779
984,1,0,1,2016,5,7,15,7,51.502
985,1,0,1,2016,5,7,15,7,51.601
986,1,0,1,2016,5,7,15,7,52.36
987,1,0,1,2016,5,7,15,7,52.569
988,1,0,1,2016,5,7,15,7,53.713
989,1,0,1,2016,5,7,15,7,54.095
990,1,0,1,2016,5,7,15,7,56.873
991,1,0,1,2016,5,7,15,8,21.233
992,1,0,1,2016,5,7,15,8,21.334
993,1,0,1,2016,5,7,15,8,21.987
994,1,0,1,2016,5,7,15,8,22.34
995,1,0,1,2016,5,7,15,8,22.547
996,1,0,1,2016,5,7,15,8,22.641
997,1,0,1,2016,5,7,15,8,44.202
998,1,0,1,2016,5,7,15,8,44.534
999,1,0,1,2016,5,7,15,8,49.169
1000,1,0,1,2016,5,7,15,8,55.526
1001,1,0,1,2016,5,7,15,8,58.126
1002,1,0,1,2016,5,7,15,11,20.697
1003,1,0,1,2016,5,7,15,11,21.766
1004,1,0,1,2016,5,7,15,11,22.865
1005,1,0,1,2016,5,7,15,11,23.659
1006,1,0,1,2016,5,7,15,16,20.323
1007,1,0,1,2016,5,7,15,16,20.844
1008,1,0,1,2016,5,7,15,16,21.697
1009,1,0,1,2016,5,7,15,16,23.893
1010,1,0,1,2016,5,7,15,16,24.414
1011,1,0,1,2016,5,7,15,16,24.996
1012,1,0,1,2016,5,7,15,16,28.719
1013,1,0,1,2016,5,7,15,16,29.398
1014,1,0,1,2016,5,7,15,16,30.101
1015,1,0,1,2016,5,7,15,16,31.326
1016,1,0,1,2016,5,7,15,16,31.732
1017,1,0,1,2016,5,7,15,16,42.881
1018,1,0,1,2016,5,7,15,16,43.445
1019,1,0,1,2016,5,7,15,16,44.015
1020,1,0,1,2016,5,7,15,16,45.014
1021,1,0,1,2016,5,7,15,16,45.576
1022,1,0,1,2016,5,7,15,21,16.71
1023,1,0,1,2016,5,7,15,21,17.115
1024,1,0,1,2016,5,7,15,21,18.386
1025,1,0,1,2016,5,7,15,24,7.949
1026,1,0,1,2016,5,7,15,24,8.536
1027,1,0,1,2016,5,7,15,24,9.23
1028,1,0,1,2016,5,7,15,24,35.833
1029,1,0,1,2016,5,7,15,24,36.641
1030,1,0,1,2016,5,7,15,24,38.378
1031,1,0,1,2016,5,7,15,24,39.148
1032,1,0,1,2016,5,7,15,24,43.636
1033,1,0,1,2016,5,7,15,24,44.079
1034,1,0,1,2016,5,7,15,24,45.175
1035,1,0,1,2016,5,7,15,24,48.493
1036,1,0,1,2016,5,7,15,24,49.112
1037,1,0,1,2016,5,7,15,24,49.813
1038,1,0,1,2016,5,7,15,24,50.626
1039,1,0,1,2016,5,7,15,24,51.328
1040,1,0,1,2016,5,7,15,25,5.118
1041,1,0,1,2016,5,7,15,25,5.628
1042,1,0,1,2016,5,7,15,25,6.269
1043,1,0,1,2016,5,7,15,26,22.756
1044,1,0,1,2016,5,7,15,26,23.166
1045,1,0,1,2016,5,7,15,26,23.687
1046,1,0,1,2016,5,7,15,26,24.366
1047,1,0,1,2016,5,7,15,26,24.946
1048,1,0,1,2016,5,7,15,26,32.712
1049,1,0,1,2016,5,7,15,26,33.299
1050,1,0,1,2016,5,7,15,26,38.034
1051,1,0,1,2016,5,7,15,26,38.647
1052,1,0,1,2016,5,7,15,26,39.448
1053,1,0,1,2016,5,7,15,26,40.173
1054,1,0,1,2016,5,7,15,26,44.163
1055,1,0,1,2016,5,7,15,26,44.766
1056,1,0,1,2016,5,7,15,26,45.428
1057,1,0,1,2016,5,7,15,26,46.424
1058,1,0,1,2016,5,7,15,26,47.68
1059,1,0,1,2016,5,7,15,26,48.475
1060,2,0,1,2016,5,7,15,31,34.561
1061,2,0,1,2016,5,7,15,31,36.617
1062,2,0,1,2016,5,7,15,31,36.773
1063,2,0,1,2016,5,7,15,31,36.914
1064,2,0,1,2016,5,7,15,31,59.184
1065,1,0,1,2016,5,7,15,32,8.369
1066,1,0,1,2016,5,7,15,32,8.463
1067,1,0,1,2016,5,7,15,32,9.024
1068,1,0,1,2016,5,7,15,32,12.302
1069,2,0,1,2016,5,7,15,33,18.438
1070,2,0,1,2016,5,7,15,33,18.616
1071,2,0,1,2016,5,7,15,33,22.784
1072,2,0,1,2016,5,7,15,33,23.527
1073,2,0,1,2016,5,7,15,33,24.258
1074,2,0,1,2016,5,7,15,33,27.173
1075,2,0,1,2016,5,7,15,34,23.396
1076,2,0,1,2016,5,7,15,34,24.033
1077,2,0,1,2016,5,7,15,34,24.171
1078,2,0,1,2016,5,7,15,34,25.701
1079,2,0,1,2016,5,7,15,34,26.575
1080,2,0,1,2016,5,7,15,34,27.55
1081,2,0,1,2016,5,7,15,34,28.871
1082,2,0,1,2016,5,7,15,34,30.119
1083,2,0,1,2016,5,7,15,34,31.105
1084,2,0,1,2016,5,7,15,34,31.316
1085,2,0,1,2016,5,7,15,34,31.827
1086,1,0,1,2016,5,7,15,34,46.274
1087,1,0,1,2016,5,7,15,34,47.149
1088,1,0,1,2016,5,7,15,41,9.982
1089,1,0,1,2016,5,7,15,41,10.562
1090,1,0,1,2016,5,7,15,41,11.196
1091,1,0,1,2016,5,7,15,41,11.758
1092,1,0,1,2016,5,7,15,41,12.496
1093,1,0,1,2016,5,7,15,41,14.626
1094,1,0,1,2016,5,7,15,41,15.299
1095,1,0,1,2016,5,7,15,41,16.044
1096,1,0,1,2016,5,7,15,41,19.105
1097,1,0,1,2016,5,7,15,41,19.564
1098,1,0,1,2016,5,7,15,41,20.304
1099,1,0,1,2016,5,7,15,41,22.327
1100,1,0,1,2016,5,7,15,41,23.295
1101,1,0,1,2016,5,7,15,41,28.349
1102,1,0,1,2016,5,7,15,41,28.816
1103,1,0,1,2016,5,7,15,41,29.632
1104,1,0,1,2016,5,7,15,41,30.652
1105,1,0,1,2016,5,7,15,41,36.527
1106,1,0,1,2016,5,7,15,41,37.051
1107,2,0,1,2016,5,7,15,46,1.664
1108,2,0,1,2016,5,7,15,52,0.595
1109,2,0,1,2016,5,7,15,52,13.989
1110,2,0,1,2016,5,7,15,52,14.223
1111,2,0,1,2016,5,7,15,52,15.153
1112,2,0,1,2016,5,7,15,52,20.045
1113,2,0,1,2016,5,7,15,52,20.626
1114,2,0,1,2016,5,7,15,52,29.017
1115,2,0,1,2016,5,7,15,52,35.958
1116,1,0,1,2016,5,7,15,57,48.635
1117,1,0,1,2016,5,7,15,57,49.249
1118,1,0,1,2016,5,7,15,57,53.99
1119,1,0,1,2016,5,7,15,57,54.685
1120,1,0,1,2016,5,7,15,57,55.795
1121,1,0,1,2016,5,7,15,57,56.41
1122,1,0,1,2016,5,7,15,57,57.118
1123,1,0,1,2016,5,7,15,59,17.723
1124,1,0,1,2016,5,7,15,59,18.359
1125,1,0,1,2016,5,7,15,59,19.045
1126,1,0,1,2016,5,7,15,59,23.754
1127,1,0,1,2016,5,7,15,59,24.208
1128,1,0,1,2016,5,7,15,59,28.623
1129,1,0,1,2016,5,7,15,59,29.205
1130,1,0,1,2016,5,7,15,59,29.762
1131,1,0,1,2016,5,7,15,59,30.506
1132,1,0,1,2016,5,7,15,59,31.18
1133,1,0,1,2016,5,7,15,59,31.707
1134,1,0,1,2016,5,7,15,59,38.225
1135,1,0,1,2016,5,7,15,59,38.326
1136,1,0,1,2016,5,7,15,59,38.748
1137,1,0,1,2016,5,7,15,59,39.133
1138,1,0,1,2016,5,7,15,59,39.986
1139,1,0,1,2016,5,7,16,1,11.945
1140,1,0,1,2016,5,7,16,1,12.877
1141,1,0,1,2016,5,7,16,1,13.238
1142,1,0,1,2016,5,7,16,1,13.645
1143,1,0,1,2016,5,7,16,1,14.09
1144,1,0,1,2016,5,7,16,1,14.381
1145,2,0,1,2016,5,7,16,3,55.446
1146,2,0,1,2016,5,7,16,3,55.908
1147,1,0,1,2016,5,7,16,7,10.11
1148,1,0,1,2016,5,7,16,7,11.331
1149,2,0,1,2016,5,7,16,10,15.989
1150,2,0,1,2016,5,7,16,10,48.077
1151,2,0,1,2016,5,7,16,10,48.762
1152,1,0,1,2016,5,7,16,17,14.437
1153,1,0,1,2016,5,7,16,17,14.882
1154,1,0,1,2016,5,7,16,17,15.423
1155,1,0,1,2016,5,7,16,17,16.124
1156,1,0,1,2016,5,7,16,17,17.374
1157,1,0,1,2016,5,7,16,17,17.979
1158,1,0,1,2016,5,7,16,17,21.843
1159,1,0,1,2016,5,7,16,17,22.577
1160,1,0,1,2016,5,7,16,20,23.899
1161,1,0,1,2016,5,7,16,20,24.423
1162,1,0,1,2016,5,7,16,20,24.939
1163,1,0,1,2016,5,7,16,20,26.028
1164,1,0,1,2016,5,7,16,20,27.256
1165,1,0,1,2016,5,7,16,20,27.821
1166,1,0,1,2016,5,7,16,20,30.528
1167,1,0,1,2016,5,7,16,20,31.093
1168,1,0,1,2016,5,7,16,20,31.594
1169,1,0,1,2016,5,7,16,20,34.895
1170,1,0,1,2016,5,7,16,20,35.448
1171,1,0,1,2016,5,7,16,20,36.157
1172,1,0,1,2016,5,7,16,20,37.475
1173,1,0,1,2016,5,7,16,20,38.71
1174,1,0,1,2016,5,7,16,20,41.017
1175,1,0,1,2016,5,7,16,20,42.375
1176,1,0,1,2016,5,7,16,20,43.292
1177,1,0,1,2016,5,7,16,20,44.791
1178,1,0,1,2016,5,7,16,20,45.487
1179,1,0,1,2016,5,7,16,20,47.293
1180,1,0,1,2016,5,7,16,20,48.285
1181,1,0,1,2016,5,7,16,20,49.991
1182,1,0,1,2016,5,7,16,20,51.075
1183,1,0,1,2016,5,7,16,20,53.112
1184,1,0,1,2016,5,7,16,20,53.445
1185,1,0,1,2016,5,7,16,20,54.277
1186,2,0,1,2016,5,7,16,35,41.573
1187,2,0,1,2016,5,7,16,35,43.44
1188,2,0,1,2016,5,7,16,35,44.583
1189,2,0,1,2016,5,7,16,35,44.816
1190,2,0,1,2016,5,7,16,38,15.875
1191,1,0,1,2016,5,7,16,44,15.71
1192,1,0,1,2016,5,7,16,44,16.155
1193,1,0,1,2016,5,7,16,44,17.847
1194,1,0,1,2016,5,7,16,44,18.315
1195,1,0,1,2016,5,7,16,44,21.707
1196,1,0,1,2016,5,7,16,44,22.209
1197,1,0,1,2016,5,7,16,44,22.929
1198,1,0,1,2016,5,7,16,44,24.917
1199,1,0,1,2016,5,7,16,44,25.276
1200,1,0,1,2016,5,7,16,44,26.504
1201,1,0,1,2016,5,7,16,44,29.586
1202,1,0,1,2016,5,7,16,44,30.201
1203,1,0,1,2016,5,7,16,44,33.174
1204,1,0,1,2016,5,7,16,44,33.814
1205,1,0,1,2016,5,7,16,44,38.388
1206,1,0,1,2016,5,7,16,44,38.802
1207,1,0,1,2016,5,7,16,44,39.383
1208,1,0,1,2016,5,7,16,44,40.115
1209,1,0,1,2016,5,7,16,44,40.815
1210,1,0,1,2016,5,7,16,44,45.928
1211,1,0,1,2016,5,7,16,44,46.345
1212,1,0,1,2016,5,7,16,44,47.251
1213,1,0,1,2016,5,7,16,44,50.488
1214,1,0,1,2016,5,7,16,52,12.038
1215,1,0,1,2016,5,7,16,52,13.031
1216,1,0,1,2016,5,7,16,52,13.352
1217,1,0,1,2016,5,7,16,53,55.223
1218,1,0,1,2016,5,7,16,53,55.337
1219,1,0,1,2016,5,7,16,53,56.581
1220,1,0,1,2016,5,7,16,55,11.405
1221,1,0,1,2016,5,7,16,55,13.536
1222,2,0,1,2016,5,7,16,57,30.311
1223,2,0,1,2016,5,7,16,57,30.427
1224,2,0,1,2016,5,7,16,57,37.76
1225,2,0,1,2016,5,7,16,57,37.933
1226,2,0,1,2016,5,7,16,57,38.838
1227,2,0,1,2016,5,7,16,57,49.993
1228,2,0,1,2016,5,7,16,57,50.116
1229,2,0,1,2016,5,7,16,57,50.333
1230,2,0,1,2016,5,7,16,57,52.875
1231,2,0,1,2016,5,7,16,58,1.013
1232,2,0,1,2016,5,7,16,58,1.12
1233,2,0,1,2016,5,7,16,58,1.496
1234,1,0,1,2016,5,7,16,58,9.734
1235,2,0,1,2016,5,7,16,58,52.866
1236,2,0,1,2016,5,7,16,58,55.202
1237,1,0,1,2016,5,7,16,59,13.734
1238,1,0,1,2016,5,7,16,59,14.963
1239,1,0,1,2016,5,7,17,1,14.655
1240,1,0,1,2016,5,7,17,1,16.163
1241,1,0,1,2016,5,7,17,1,30.268
1242,1,0,1,2016,5,7,17,1,32.984
1243,1,0,1,2016,5,7,17,1,33.102
1244,1,0,1,2016,5,7,17,1,33.96
1245,1,0,1,2016,5,7,17,2,39.905
1246,1,0,1,2016,5,7,17,2,40.372
1247,1,0,1,2016,5,7,17,2,41.345
1248,1,0,1,2016,5,7,17,2,43.705
1249,1,0,1,2016,5,7,17,2,44.208
1250,1,0,1,2016,5,7,17,2,44.579
1251,1,0,1,2016,5,7,17,2,45.51
1252,1,0,1,2016,5,7,17,2,51.495
1253,1,0,1,2016,5,7,17,2,52.078
1254,1,0,1,2016,5,7,17,2,52.815
1255,1,0,1,2016,5,7,17,2,53.668
1256,1,0,1,2016,5,7,17,2,57.537
1257,1,0,1,2016,5,7,17,2,58.092
1258,1,0,1,2016,5,7,17,3,2.562
1259,1,0,1,2016,5,7,17,3,3.586
1260,1,0,1,2016,5,7,17,3,5.43
1261,1,0,1,2016,5,7,17,3,6.308
1262,1,0,1,2016,5,7,17,3,7.774
1263,1,0,1,2016,5,7,17,3,8.604
1264,1,0,1,2016,5,7,17,3,9.832
1265,1,0,1,2016,5,7,17,3,10.044
1266,1,0,1,2016,5,7,17,3,11.476
1267,1,0,1,2016,5,7,17,3,12.158
1268,1,0,1,2016,5,7,17,3,13.595
1269,1,0,1,2016,5,7,17,3,14.579
1270,1,0,1,2016,5,7,17,3,15.259
1271,1,0,1,2016,5,7,17,3,15.879
1272,1,0,1,2016,5,7,17,3,16.64
1273,1,0,1,2016,5,7,17,4,26.74
1274,1,0,1,2016,5,7,17,5,46.433
1275,1,0,1,2016,5,7,17,5,47.895
1276,1,0,1,2016,5,7,17,5,48.971
1277,1,0,1,2016,5,7,17,5,50.227
1278,1,0,1,2016,5,7,17,5,50.332
1279,2,0,1,2016,5,7,17,7,55.045
1280,2,0,1,2016,5,7,17,7,55.98
1281,2,0,1,2016,5,7,17,7,56.134
1282,2,0,1,2016,5,7,17,7,56.664
1283,2,0,1,2016,5,7,17,7,58.119
1284,2,0,1,2016,5,7,17,7,58.29
1285,2,0,1,2016,5,7,17,7,58.878
1286,1,0,1,2016,5,7,17,8,13.946
1287,1,0,1,2016,5,7,17,8,17.32
1288,1,0,1,2016,5,7,17,8,17.517
1289,1,0,1,2016,5,7,17,8,17.686
1290,1,0,1,2016,5,7,17,8,17.928
1291,1,0,1,2016,5,7,17,9,30.068
1292,1,0,1,2016,5,7,17,9,30.24
1293,1,0,1,2016,5,7,17,9,30.574
1294,1,0,1,2016,5,7,17,9,31.254
1295,1,0,1,2016,5,7,17,9,33.167
1296,1,0,1,2016,5,7,17,9,33.434
1297,1,0,1,2016,5,7,17,9,33.535
1298,1,0,1,2016,5,7,17,9,33.635
1299,1,0,1,2016,5,7,17,9,34.307
1300,1,0,1,2016,5,7,17,9,34.416
1301,1,0,1,2016,5,7,17,9,35.223
1302,1,0,1,2016,5,7,17,9,35.458
1303,1,0,1,2016,5,7,17,9,37.19
1304,1,0,1,2016,5,7,17,9,39.358
1305,1,0,1,2016,5,7,17,9,39.464
1306,1,0,1,2016,5,7,17,9,39.691
1307,1,0,1,2016,5,7,17,9,40.093
1308,1,0,1,2016,5,7,17,9,40.218
1309,1,0,1,2016,5,7,17,9,43.829
1310,1,0,1,2016,5,7,17,9,44.406
1311,1,0,1,2016,5,7,17,9,44.521
1312,1,0,1,2016,5,7,17,9,44.612
1313,1,0,1,2016,5,7,17,9,44.714
1314,1,0,1,2016,5,7,17,9,45.216
1315,1,0,1,2016,5,7,17,9,46.773
1316,1,0,1,2016,5,7,17,9,47.414
1317,1,0,1,2016,5,7,17,11,50.023
1318,1,0,1,2016,5,7,17,11,50.38
1319,1,0,1,2016,5,7,17,11,50.49
1320,1,0,1,2016,5,7,17,12,24.846
1321,2,0,1,2016,5,7,17,16,40.051
1322,2,0,1,2016,5,7,17,16,42.104
1323,2,0,1,2016,5,7,17,16,42.397
1324,2,0,1,2016,5,7,17,17,6.003
1325,2,0,1,2016,5,7,17,17,6.153
1326,2,0,1,2016,5,7,17,18,10.947
1327,2,0,1,2016,5,7,17,18,11.054
1328,2,0,1,2016,5,7,17,18,11.198
1329,2,0,1,2016,5,7,17,18,12.597
1330,2,0,1,2016,5,7,17,18,12.715
1331,2,0,1,2016,5,7,17,18,12.943
1332,2,0,1,2016,5,7,17,18,15.513
1333,2,0,1,2016,5,7,17,18,15.629
1334,2,0,1,2016,5,7,17,18,29.239
1335,2,0,1,2016,5,7,17,19,17.656
1336,2,0,1,2016,5,7,17,19,18.118
1337,2,0,1,2016,5,7,17,19,18.524
1338,2,0,1,2016,5,7,17,19,19.257
1339,2,0,1,2016,5,7,17,19,19.355
1340,2,0,1,2016,5,7,17,19,19.448
1341,2,0,1,2016,5,7,17,19,20.499
1342,2,0,1,2016,5,7,17,19,20.606
1343,2,0,1,2016,5,7,17,19,20.7
1344,2,0,1,2016,5,7,17,19,20.79
1345,2,0,1,2016,5,7,17,19,52.758
1346,2,0,1,2016,5,7,17,20,23.145
1347,2,0,1,2016,5,7,17,20,24.944
1348,2,0,1,2016,5,7,17,20,25.062
1349,2,0,1,2016,5,7,17,20,25.429
1350,2,0,1,2016,5,7,17,20,34.433
1351,2,0,1,2016,5,7,17,20,34.544
1352,2,0,1,2016,5,7,17,20,34.646
1353,2,0,1,2016,5,7,17,20,42.794
1354,2,0,1,2016,5,7,17,20,45.741
1355,2,0,1,2016,5,7,17,20,47.53
1356,2,0,1,2016,5,7,17,20,51.18
1357,2,0,1,2016,5,7,17,20,51.376
1358,2,0,1,2016,5,7,17,20,53.952
1359,2,0,1,2016,5,7,17,21,5.105
1360,2,0,1,2016,5,7,17,22,44.647
1361,2,0,1,2016,5,7,17,22,46.224
1362,2,0,1,2016,5,7,17,22,59.998
1363,2,0,1,2016,5,7,17,23,0.673
1364,2,0,1,2016,5,7,17,24,49.08
1365,2,0,1,2016,5,7,17,24,51.324
1366,2,0,1,2016,5,7,17,27,20.158
1367,2,0,1,2016,5,7,17,27,20.333
1368,2,0,1,2016,5,7,17,27,21.361
1369,2,0,1,2016,5,7,17,27,21.852
1370,2,0,1,2016,5,7,17,27,22.468
1371,2,0,1,2016,5,7,17,27,23.952
1372,2,0,1,2016,5,7,17,27,34.806
1373,1,0,1,2016,5,7,17,34,47.181
1374,1,0,1,2016,5,7,17,34,47.663
1375,1,0,1,2016,5,7,17,34,49.89
1376,1,0,1,2016,5,7,17,34,50.396
1377,1,0,1,2016,5,7,17,34,51.954
1378,1,0,1,2016,5,7,17,34,52.454
1379,1,0,1,2016,5,7,17,34,53.528
1380,1,0,1,2016,5,7,17,34,54.514
1381,1,0,1,2016,5,7,17,34,56.353
1382,1,0,1,2016,5,7,17,34,56.781
1383,1,0,1,2016,5,7,17,34,58.412
1384,1,0,1,2016,5,7,17,34,59.015
1385,1,0,1,2016,5,7,17,34,59.81
1386,1,0,1,2016,5,7,17,35,2.434
1387,1,0,1,2016,5,7,17,35,3.091
1388,1,0,1,2016,5,7,17,35,4.693
1389,1,0,1,2016,5,7,17,35,8.798
1390,1,0,1,2016,5,7,17,35,9.633
1391,1,0,1,2016,5,7,17,35,10.501
1392,1,0,1,2016,5,7,17,35,11.912
1393,1,0,1,2016,5,7,17,35,12.5
1394,1,0,1,2016,5,7,17,35,13.291
1395,1,0,1,2016,5,7,17,35,15.115
1396,1,0,1,2016,5,7,17,35,16.857
1397,1,0,1,2016,5,7,17,35,17.63
1398,1,0,1,2016,5,7,17,35,19.3
1399,1,0,1,2016,5,7,17,35,20.586
1400,1,0,1,2016,5,7,17,35,34.898
1401,1,0,1,2016,5,7,17,35,35.462
1402,1,0,1,2016,5,7,17,35,38.213
1403,1,0,1,2016,5,7,17,35,39.142
1404,1,0,1,2016,5,7,17,35,39.951
1405,1,0,1,2016,5,7,17,35,43.773
1406,1,0,1,2016,5,7,17,35,44.273
1407,1,0,1,2016,5,7,17,35,44.914
1408,1,0,1,2016,5,7,17,35,45.374
1409,1,0,1,2016,5,7,17,35,45.96
1410,1,0,1,2016,5,7,17,35,46.307
1411,1,0,1,2016,5,7,17,35,51.94
1412,1,0,1,2016,5,7,17,35,52.308
1413,1,0,1,2016,5,7,17,35,52.439
1414,1,0,1,2016,5,7,17,35,52.661
1415,1,0,1,2016,5,7,17,35,53.832
1416,1,0,1,2016,5,7,17,35,54.509
1417,1,0,1,2016,5,7,17,40,23.978
1418,1,0,1,2016,5,7,17,40,25.918
1419,1,0,1,2016,5,7,17,40,30.184
1420,1,0,1,2016,5,7,17,40,40.126
1421,1,0,1,2016,5,7,17,40,48.456
1422,1,0,1,2016,5,7,17,41,19.434
1423,1,0,1,2016,5,7,17,41,55.593
1424,1,0,1,2016,5,7,17,42,8.761
1425,1,0,1,2016,5,7,17,42,9.688
1426,1,0,1,2016,5,7,17,42,11.34
1427,1,0,1,2016,5,7,17,42,30.901
1428,1,0,1,2016,5,7,17,42,32.091
1429,2,0,1,2016,5,7,17,42,53.951
1430,2,0,1,2016,5,7,17,42,54.118
1431,2,0,1,2016,5,7,17,42,55.517
1432,2,0,1,2016,5,7,17,42,55.675
1433,2,0,1,2016,5,7,17,42,55.771
1434,2,0,1,2016,5,7,17,42,55.879
1435,2,0,1,2016,5,7,17,42,56.229
1436,2,0,1,2016,5,7,17,42,57.401
1437,2,0,1,2016,5,7,17,43,41.298
1438,2,0,1,2016,5,7,17,43,41.966
1439,2,0,1,2016,5,7,17,43,42.173
1440,2,0,1,2016,5,7,17,43,43.705
1441,2,0,1,2016,5,7,17,43,43.826
1442,2,0,1,2016,5,7,17,43,43.997
1443,2,0,1,2016,5,7,17,43,45.778
1444,2,0,1,2016,5,7,17,43,46.635
1445,2,0,1,2016,5,7,17,43,47.507
1446,2,0,1,2016,5,7,17,43,47.628
1447,2,0,1,2016,5,7,17,43,47.738
1448,2,0,1,2016,5,7,17,43,48.586
1449,2,0,1,2016,5,7,17,43,49.753
1450,2,0,1,2016,5,7,17,43,49.949
1451,2,0,1,2016,5,7,17,43,50.569
1452,2,0,1,2016,5,7,17,44,4.277
1453,2,0,1,2016,5,7,17,44,4.426
1454,2,0,1,2016,5,7,17,44,4.541
1455,2,0,1,2016,5,7,17,44,5.423
1456,2,0,1,2016,5,7,17,44,9.254
1457,2,0,1,2016,5,7,17,44,10.611
1458,1,0,1,2016,5,7,18,4,46.554
1459,1,0,1,2016,5,7,18,4,46.679
1460,1,0,1,2016,5,7,18,11,15.934
1461,1,0,1,2016,5,7,18,11,18.67
1462,1,0,1,2016,5,7,18,11,58.239
1463,1,0,1,2016,5,7,18,12,0.838
1464,1,0,1,2016,5,7,18,12,4.824
1465,1,0,1,2016,5,7,18,12,5.404
1466,2,0,1,2016,5,7,18,14,35.575
1467,2,0,1,2016,5,7,18,18,33.333
1468,2,0,1,2016,5,7,18,18,34.953
1469,2,0,1,2016,5,7,18,18,37.268
1470,2,0,1,2016,5,7,18,18,38.327
1471,2,0,1,2016,5,7,18,18,40.468
1472,2,0,1,2016,5,7,18,18,42.427
1473,2,0,1,2016,5,7,18,18,43.978
1474,2,0,1,2016,5,7,18,18,44.624
1475,2,0,1,2016,5,7,18,18,48.734
1476,2,0,1,2016,5,7,18,18,49.488
1477,2,0,1,2016,5,7,18,18,55.965
1478,2,0,1,2016,5,7,18,19,32.946
1479,2,0,1,2016,5,7,18,19,33.059
1480,2,0,1,2016,5,7,18,32,59.843
1481,2,0,1,2016,5,7,18,32,59.98
1482,2,0,1,2016,5,7,18,33,1.517
1483,2,0,1,2016,5,7,18,33,3.087
1484,2,0,1,2016,5,7,18,39,46.508
1485,1,0,1,2016,5,7,18,40,23.241
1486,1,0,1,2016,5,7,18,40,23.369
1487,1,0,1,2016,5,7,18,40,30.616
1488,1,0,1,2016,5,7,18,41,19.992
1489,1,0,1,2016,5,7,18,41,20.225
1490,1,0,1,2016,5,7,18,41,23.101
1491,1,0,1,2016,5,7,18,41,30.436
1492,1,0,1,2016,5,7,18,41,37.401
1493,1,0,1,2016,5,7,18,45,37.632
1494,1,0,1,2016,5,7,18,45,38.621
1495,1,0,1,2016,5,7,18,45,43.217
1496,2,0,1,2016,5,7,18,50,39.458
1497,2,0,1,2016,5,7,18,50,48.551
1498,2,0,1,2016,5,7,18,50,48.67
1499,2,0,1,2016,5,7,18,50,48.801
1500,2,0,1,2016,5,7,18,50,50.563
1501,2,0,1,2016,5,7,18,51,21.162
1502,2,0,1,2016,5,7,18,51,23.317
1503,2,0,1,2016,5,7,18,51,25.625
1504,2,0,1,2016,5,7,18,51,25.818
1505,2,0,1,2016,5,7,18,51,32.578
