Var1_ 1,Var1_ 2,Var1_ 3,Var1_ 4,Var1_ 5,Var1_ 6,Var1_ 7,Var1_ 8,Var1_ 9,Var1_10
0,0,0,0,2016,4,20,9,37,54.68
1,1,1,1,2016,4,20,9,49,59.262
2,1,1,1,2016,4,20,9,57,0.806
3,1,1,1,2016,4,20,9,59,20.401
4,1,2,1,2016,4,20,9,59,25.064
5,1,0,1,2016,4,20,9,59,25.629
6,1,1,1,2016,4,20,9,59,44.387
7,1,0,1,2016,4,20,9,59,44.965
8,1,1,1,2016,4,20,10,0,13.706
9,1,1,1,2016,4,20,10,0,18.838
10,1,0,1,2016,4,20,10,0,19.337
11,1,0,1,2016,4,20,10,0,20.154
12,1,0,1,2016,4,20,10,0,21.006
13,1,1,1,2016,4,20,10,0,22.833
14,1,0,1,2016,4,20,10,0,23.513
15,1,0,1,2016,4,20,10,0,24.904
16,1,0,1,2016,4,20,10,0,25.568
17,1,1,1,2016,4,20,10,0,28.847
18,1,0,1,2016,4,20,10,0,29.601
19,1,0,1,2016,4,20,10,0,30.312
20,1,0,1,2016,4,20,10,0,31.097
21,1,1,1,2016,4,20,10,0,32.469
22,1,0,1,2016,4,20,10,0,32.55
23,1,0,1,2016,4,20,10,0,32.84
24,1,1,1,2016,4,20,10,0,37.727
25,2,2,1,2016,4,20,10,3,35.724
26,2,2,1,2016,4,20,10,4,50.851
27,2,2,1,2016,4,20,10,5,54.697
28,2,2,1,2016,4,20,10,6,29.288
29,2,2,1,2016,4,20,10,7,1.283
30,2,2,1,2016,4,20,10,7,18.02
31,2,2,1,2016,4,20,10,7,38.26
32,2,0,1,2016,4,20,10,7,38.59
33,2,2,1,2016,4,20,10,7,48.055
34,2,2,1,2016,4,20,10,8,5.991
35,2,2,1,2016,4,20,10,9,21.211
36,2,2,1,2016,4,20,10,9,44.67
37,2,0,1,2016,4,20,10,9,44.76
38,2,1,1,2016,4,20,10,10,17.539
39,2,2,1,2016,4,20,10,10,25.235
40,2,0,1,2016,4,20,10,10,25.444
41,2,1,1,2016,4,20,10,13,11.713
42,2,2,1,2016,4,20,10,13,14.739
43,2,1,1,2016,4,20,10,13,31.21
44,2,2,1,2016,4,20,10,13,36.761
45,2,2,1,2016,4,20,10,13,47.029
46,2,0,1,2016,4,20,10,13,47.353
47,1,1,1,2016,4,20,10,21,53.526
48,2,2,1,2016,4,20,10,32,32.93
49,2,1,1,2016,4,20,10,33,29.521
50,2,2,1,2016,4,20,10,36,56.518
51,2,1,1,2016,4,20,10,38,4.174
52,2,2,1,2016,4,20,10,38,28.161
53,2,0,1,2016,4,20,10,38,28.457
54,2,2,1,2016,4,20,10,38,46.625
55,2,2,1,2016,4,20,10,39,1.728
56,2,2,1,2016,4,20,10,39,5.644
57,2,2,1,2016,4,20,10,56,39.886
58,2,1,1,2016,4,20,10,58,38.449
59,2,0,1,2016,4,20,10,58,38.679
60,2,2,1,2016,4,20,10,58,42.639
61,2,2,1,2016,4,20,10,59,3.907
62,2,1,1,2016,4,20,10,59,13.672
63,2,1,1,2016,4,20,10,59,21.976
64,2,0,1,2016,4,20,10,59,23.31
65,2,0,1,2016,4,20,10,59,23.686
66,1,1,1,2016,4,20,11,15,35.334
67,1,1,1,2016,4,20,11,25,14.049
68,1,1,1,2016,4,20,11,25,17.866
69,1,1,1,2016,4,20,11,27,24.437
70,2,2,1,2016,4,20,11,37,31.399
71,2,0,1,2016,4,20,11,37,31.585
72,2,1,1,2016,4,20,11,37,46.344
73,2,1,1,2016,4,20,11,37,49.68
74,2,1,1,2016,4,20,11,37,53.637
75,1,1,1,2016,4,20,12,22,3.802
76,1,1,1,2016,4,20,12,23,27.893
77,1,2,1,2016,4,20,12,36,54.806
78,2,2,1,2016,4,20,12,58,41.801
79,1,1,1,2016,4,20,13,14,46.484
80,1,0,1,2016,4,20,13,14,47.364
81,1,0,1,2016,4,20,13,14,48.659
82,1,1,1,2016,4,20,13,14,51.359
83,1,0,1,2016,4,20,13,14,53.724
84,1,2,1,2016,4,20,13,14,57.463
85,1,0,1,2016,4,20,13,14,58.009
86,1,2,1,2016,4,20,13,15,15.228
87,1,0,1,2016,4,20,13,27,46.881
88,2,0,1,2016,4,20,14,2,0.293
89,2,0,1,2016,4,20,14,2,1.923
90,2,0,1,2016,4,20,14,2,3.51
91,2,0,1,2016,4,20,14,2,5.265
92,2,0,1,2016,4,20,14,2,6.877
93,2,0,1,2016,4,20,14,2,8.297
94,2,0,1,2016,4,20,14,2,9.697
95,2,0,1,2016,4,20,14,2,10.297
96,2,0,1,2016,4,20,14,2,10.668
97,2,0,1,2016,4,20,14,2,11.795
98,2,0,1,2016,4,20,14,2,12.11
99,2,0,1,2016,4,20,14,2,14.61
100,2,0,1,2016,4,20,14,2,14.842
101,2,0,1,2016,4,20,14,2,16.196
102,2,0,1,2016,4,20,14,2,16.78
103,2,0,1,2016,4,20,14,2,22.126
104,2,0,1,2016,4,20,14,2,22.394
105,2,0,1,2016,4,20,14,4,8.376
106,2,0,1,2016,4,20,14,4,9.732
107,2,0,1,2016,4,20,14,4,10.006
108,2,0,1,2016,4,20,14,4,14.532
109,2,0,1,2016,4,20,14,4,14.747
110,1,0,1,2016,4,20,14,4,38.519
111,1,0,1,2016,4,20,14,4,38.601
112,1,0,1,2016,4,20,14,4,38.829
113,1,0,1,2016,4,20,14,4,48.14
114,2,0,1,2016,4,20,14,5,14.481
115,2,0,1,2016,4,20,14,5,14.614
116,2,0,1,2016,4,20,14,5,16.866
117,2,0,1,2016,4,20,14,5,16.93
118,2,0,1,2016,4,20,14,5,17.045
119,2,0,1,2016,4,20,14,5,17.485
120,2,0,1,2016,4,20,14,5,21.268
121,2,0,1,2016,4,20,14,5,21.455
122,1,0,1,2016,4,20,14,7,32.449
123,1,0,1,2016,4,20,14,7,32.897
124,1,0,1,2016,4,20,14,7,33.805
125,1,0,1,2016,4,20,14,7,34.753
126,1,0,1,2016,4,20,14,7,37.925
127,1,0,1,2016,4,20,14,7,38.847
128,1,0,1,2016,4,20,14,7,39.746
129,1,0,1,2016,4,20,14,11,17.638
130,1,0,1,2016,4,20,14,11,17.8
131,1,0,1,2016,4,20,14,11,17.862
132,1,0,1,2016,4,20,14,12,56.461
133,1,0,1,2016,4,20,14,12,56.985
134,1,0,1,2016,4,20,14,12,58.092
135,1,0,1,2016,4,20,14,13,10.291
136,1,0,1,2016,4,20,14,13,11.424
137,1,0,1,2016,4,20,14,13,12.027
138,1,0,1,2016,4,20,14,13,17.225
139,1,0,1,2016,4,20,14,13,17.776
140,1,0,1,2016,4,20,14,13,18.515
141,1,0,1,2016,4,20,14,13,28.351
142,1,0,1,2016,4,20,14,13,30.218
143,1,0,1,2016,4,20,14,13,30.779
144,1,0,1,2016,4,20,14,13,31.732
145,1,0,1,2016,4,20,14,13,32.955
146,1,0,1,2016,4,20,14,13,33.44
147,1,0,1,2016,4,20,14,13,34.334
148,1,0,1,2016,4,20,14,13,37.862
149,1,0,1,2016,4,20,14,13,55.499
150,1,0,1,2016,4,20,14,13,56.055
151,1,0,1,2016,4,20,14,13,56.696
152,1,0,1,2016,4,20,14,14,32.571
153,1,0,1,2016,4,20,14,14,33.435
154,1,0,1,2016,4,20,14,14,34.027
155,1,0,1,2016,4,20,14,14,34.922
156,1,0,1,2016,4,20,14,14,36.106
157,1,0,1,2016,4,20,14,14,37.518
158,1,0,1,2016,4,20,14,14,38.078
159,1,0,1,2016,4,20,14,14,49.347
160,1,0,1,2016,4,20,14,15,23.592
161,1,0,1,2016,4,20,14,15,24.103
162,1,0,1,2016,4,20,14,15,24.721
163,1,0,1,2016,4,20,14,15,25.364
164,1,0,1,2016,4,20,14,15,26.915
165,1,0,1,2016,4,20,14,15,27.77
166,1,0,1,2016,4,20,14,15,29.263
167,1,0,1,2016,4,20,14,15,33.448
168,1,0,1,2016,4,20,14,15,34.297
169,1,0,1,2016,4,20,14,15,35.052
170,1,0,1,2016,4,20,14,15,36.529
171,1,0,1,2016,4,20,14,15,39.385
172,1,0,1,2016,4,20,14,15,41.443
173,1,0,1,2016,4,20,14,15,42.709
174,1,0,1,2016,4,20,14,15,49.634
175,1,0,1,2016,4,20,14,15,50.253
176,1,0,1,2016,4,20,14,25,56.289
177,1,0,1,2016,4,20,14,25,58.802
178,1,0,1,2016,4,20,14,27,36.801
179,1,0,1,2016,4,20,14,27,37.387
180,1,0,1,2016,4,20,14,27,38.093
181,1,0,1,2016,4,20,14,27,39.145
182,1,0,1,2016,4,20,14,27,40.077
183,1,0,1,2016,4,20,14,27,41.285
184,1,0,1,2016,4,20,14,27,42.641
185,1,0,1,2016,4,20,14,27,46.298
186,1,0,1,2016,4,20,14,27,47.55
187,1,0,1,2016,4,20,14,27,47.788
188,1,0,1,2016,4,20,14,27,48.247
189,1,0,1,2016,4,20,14,27,48.603
190,1,0,1,2016,4,20,14,27,52.254
191,1,0,1,2016,4,20,14,27,52.948
192,1,0,1,2016,4,20,14,27,53.569
193,1,0,1,2016,4,20,14,27,54.775
194,1,0,1,2016,4,20,14,27,55.4
195,1,0,1,2016,4,20,14,28,2.041
196,1,0,1,2016,4,20,14,28,2.367
197,1,0,1,2016,4,20,14,28,34.356
198,1,0,1,2016,4,20,14,28,36.242
199,1,0,1,2016,4,20,14,28,36.714
200,1,0,1,2016,4,20,14,29,4.149
201,1,0,1,2016,4,20,14,29,4.617
202,2,0,1,2016,4,20,14,33,43.839
203,2,0,1,2016,4,20,14,33,43.93
204,2,0,1,2016,4,20,14,33,45.452
205,2,0,1,2016,4,20,14,33,46.047
206,2,0,1,2016,4,20,14,33,47.939
207,2,0,1,2016,4,20,14,33,48.981
208,2,0,1,2016,4,20,14,33,49.175
209,2,0,1,2016,4,20,14,33,49.583
210,2,0,1,2016,4,20,14,33,51.046
211,2,0,1,2016,4,20,14,33,51.271
212,2,0,1,2016,4,20,14,33,54.109
213,2,0,1,2016,4,20,14,33,54.216
214,2,0,1,2016,4,20,14,33,55.713
215,2,0,1,2016,4,20,14,33,56.002
216,2,0,1,2016,4,20,14,33,56.69
217,2,0,1,2016,4,20,14,33,57.651
218,2,0,1,2016,4,20,14,33,58.297
219,2,0,1,2016,4,20,14,34,41.623
220,1,0,1,2016,4,20,14,36,2.863
221,1,0,1,2016,4,20,14,41,1.388
222,1,0,1,2016,4,20,14,45,59.354
223,1,0,1,2016,4,20,14,45,59.448
224,1,0,1,2016,4,20,14,46,0.423
225,1,0,1,2016,4,20,14,46,0.768
226,1,0,1,2016,4,20,14,46,3.625
227,1,0,1,2016,4,20,14,46,4.072
228,1,0,1,2016,4,20,14,46,18.315
229,1,0,1,2016,4,20,14,46,20.017
230,1,0,1,2016,4,20,14,46,20.578
231,1,0,1,2016,4,20,14,46,20.793
232,1,0,1,2016,4,20,14,46,22.619
233,1,0,1,2016,4,20,14,46,23.927
234,1,0,1,2016,4,20,14,46,24.777
235,1,0,1,2016,4,20,14,46,27.526
236,1,0,1,2016,4,20,14,46,28.015
237,1,0,1,2016,4,20,14,46,29.911
238,1,0,1,2016,4,20,14,46,30.97
239,1,0,1,2016,4,20,14,46,31.843
240,1,0,1,2016,4,20,14,46,32.807
241,2,0,1,2016,4,20,14,46,57.565
242,2,0,1,2016,4,20,15,10,38.13
243,2,0,1,2016,4,20,15,17,53.001
244,1,0,1,2016,4,20,15,22,39.515
245,1,0,1,2016,4,20,15,22,40.175
246,1,0,1,2016,4,20,15,29,38.756
247,1,0,1,2016,4,20,15,29,39.49
248,1,0,1,2016,4,20,15,29,42.909
249,1,0,1,2016,4,20,15,29,43.362
250,1,0,1,2016,4,20,15,29,44.038
251,1,0,1,2016,4,20,15,29,45.415
252,1,0,1,2016,4,20,15,29,47.295
253,1,0,1,2016,4,20,15,29,48.267
254,1,0,1,2016,4,20,15,29,53.063
255,1,0,1,2016,4,20,15,29,53.801
256,1,0,1,2016,4,20,15,30,1.128
257,1,0,1,2016,4,20,15,30,2.097
258,1,0,1,2016,4,20,15,30,2.856
259,1,0,1,2016,4,20,15,30,4.079
260,1,0,1,2016,4,20,15,30,12.025
261,1,0,1,2016,4,20,15,30,12.784
262,1,0,1,2016,4,20,15,30,14.129
263,1,0,1,2016,4,20,15,30,14.975
264,1,0,1,2016,4,20,15,30,15.886
265,1,0,1,2016,4,20,15,30,27.84
266,1,0,1,2016,4,20,15,30,28.368
267,1,0,1,2016,4,20,15,30,29.045
268,1,0,1,2016,4,20,15,30,30.261
269,1,0,1,2016,4,20,15,50,34.041
270,1,0,1,2016,4,20,15,50,34.977
271,1,0,1,2016,4,20,15,50,36.235
272,1,0,1,2016,4,20,15,50,38.901
273,1,0,1,2016,4,20,15,50,39.304
274,1,0,1,2016,4,20,15,50,40.705
275,1,0,1,2016,4,20,15,50,42.914
276,1,0,1,2016,4,20,15,50,43.494
277,1,0,1,2016,4,20,15,50,45.687
278,1,0,1,2016,4,20,15,50,46.568
279,1,0,1,2016,4,20,15,50,47.068
280,1,0,1,2016,4,20,15,50,48.411
281,1,0,1,2016,4,20,15,50,48.583
282,1,0,1,2016,4,20,15,50,49.668
283,1,0,1,2016,4,20,15,50,50.742
284,1,0,1,2016,4,20,15,50,51.619
285,1,0,1,2016,4,20,15,50,52.582
286,1,0,1,2016,4,20,15,50,55.048
287,1,0,1,2016,4,20,15,50,56.213
288,1,0,1,2016,4,20,15,50,57.747
289,2,0,1,2016,4,20,15,54,45.947
290,2,0,1,2016,4,20,15,54,47.521
291,2,0,1,2016,4,20,15,54,48.125
292,2,0,1,2016,4,20,15,54,48.239
293,2,0,1,2016,4,20,15,54,48.42
294,2,0,1,2016,4,20,15,54,50.551
295,2,0,1,2016,4,20,15,57,46.724
296,2,0,1,2016,4,20,15,57,47.255
297,2,0,1,2016,4,20,15,57,47.954
298,2,0,1,2016,4,20,15,57,48.646
299,2,0,1,2016,4,20,15,57,50.67
300,2,0,1,2016,4,20,15,57,50.956
301,2,0,1,2016,4,20,15,57,52.823
302,2,0,1,2016,4,20,15,57,52.998
303,2,0,1,2016,4,20,15,57,54.736
304,2,0,1,2016,4,20,15,57,55.525
305,2,0,1,2016,4,20,15,57,57.213
306,2,0,1,2016,4,20,15,57,57.304
307,2,0,1,2016,4,20,15,57,58.997
308,2,0,1,2016,4,20,15,57,59.176
309,1,0,1,2016,4,20,15,58,36.545
310,1,0,1,2016,4,20,15,58,36.637
311,1,0,1,2016,4,20,15,58,37.033
312,1,0,1,2016,4,20,15,58,37.118
313,1,0,1,2016,4,20,15,59,1.211
314,1,0,1,2016,4,20,15,59,8.23
315,1,0,1,2016,4,20,15,59,10.498
316,1,0,1,2016,4,20,15,59,42.078
317,1,0,1,2016,4,20,16,6,2.1
318,1,0,1,2016,4,20,16,6,3.011
319,1,0,1,2016,4,20,16,6,3.216
320,1,0,1,2016,4,20,16,6,3.331
321,1,0,1,2016,4,20,16,6,4.164
322,1,0,1,2016,4,20,16,6,4.579
323,1,0,1,2016,4,20,16,6,6.323
324,1,0,1,2016,4,20,16,6,7.404
325,1,0,1,2016,4,20,16,6,44.06
326,1,0,1,2016,4,20,16,6,44.819
327,2,0,1,2016,4,20,16,13,52.628
328,2,0,1,2016,4,20,16,13,53.451
329,2,0,1,2016,4,20,16,13,57.678
330,2,0,1,2016,4,20,16,13,58.905
331,2,0,1,2016,4,20,16,13,59.344
332,2,0,1,2016,4,20,16,26,11.681
333,2,0,1,2016,4,20,16,26,12.093
334,1,0,1,2016,4,20,16,29,35.863
335,1,0,1,2016,4,20,16,29,36.537
336,1,0,1,2016,4,20,16,29,37.044
337,1,0,1,2016,4,20,16,29,39.172
338,1,0,1,2016,4,20,16,29,39.214
339,1,0,1,2016,4,20,16,29,39.911
340,1,0,1,2016,4,20,16,29,42.804
341,1,0,1,2016,4,20,16,29,43.278
342,1,0,1,2016,4,20,16,35,10.774
343,1,0,1,2016,4,20,16,35,10.895
344,1,0,1,2016,4,20,16,35,11.014
345,1,0,1,2016,4,20,16,35,11.687
346,1,0,1,2016,4,20,16,35,12.197
347,1,0,1,2016,4,20,16,35,18.074
348,1,0,1,2016,4,20,16,35,18.345
349,1,0,1,2016,4,20,16,35,18.499
350,1,0,1,2016,4,20,16,35,18.742
351,1,0,1,2016,4,20,16,35,18.95
352,1,0,1,2016,4,20,16,35,19.421
353,1,0,1,2016,4,20,16,35,38.04
354,1,0,1,2016,4,20,16,49,20.944
355,1,0,1,2016,4,20,17,16,27.307
356,1,0,1,2016,4,20,17,16,28.914
357,1,0,1,2016,4,20,17,16,58.731
358,1,0,1,2016,4,20,17,19,26.406
359,1,0,1,2016,4,20,17,19,54.734
360,1,0,1,2016,4,20,17,29,23.647
361,1,0,1,2016,4,20,17,29,54.639
362,1,0,1,2016,4,20,17,30,2.698
363,1,0,1,2016,4,20,17,30,3.33
364,1,0,1,2016,4,20,17,33,59.084
365,1,0,1,2016,4,20,17,33,59.876
366,1,0,1,2016,4,20,17,34,1.602
367,1,0,1,2016,4,20,17,34,2.517
368,1,0,1,2016,4,20,17,34,3.854
369,1,0,1,2016,4,20,17,34,4.714
370,1,0,1,2016,4,20,17,34,6.768
371,1,0,1,2016,4,20,17,34,7.788
372,1,0,1,2016,4,20,17,34,8.527
373,1,0,1,2016,4,20,17,34,25.006
374,1,0,1,2016,4,20,17,37,52.852
375,1,0,1,2016,4,20,17,37,53.149
376,1,0,1,2016,4,20,17,37,53.393
377,1,0,1,2016,4,20,17,37,55.552
378,1,0,1,2016,4,20,17,37,58.107
379,2,0,1,2016,4,20,17,44,39.139
380,2,0,1,2016,4,20,17,44,40.087
381,2,0,1,2016,4,20,17,44,42.04
382,2,0,1,2016,4,20,17,44,47.038
383,1,0,1,2016,4,20,17,46,9.487
384,1,0,1,2016,4,20,17,46,9.935
385,1,0,1,2016,4,20,17,46,10.551
386,1,0,1,2016,4,20,17,46,11.71
387,1,0,1,2016,4,20,17,46,13.801
388,1,0,1,2016,4,20,17,46,14.13
389,1,0,1,2016,4,20,17,46,15.993
390,1,0,1,2016,4,20,17,46,16.29
391,1,0,1,2016,4,20,17,46,18.133
392,1,0,1,2016,4,20,17,46,18.519
393,1,0,1,2016,4,20,17,46,18.979
394,1,0,1,2016,4,20,17,46,22.439
395,1,0,1,2016,4,20,17,46,22.742
396,1,0,1,2016,4,20,17,46,23.427
397,2,0,1,2016,4,20,17,50,38.643
398,2,0,1,2016,4,20,17,51,23.805
399,2,0,1,2016,4,20,17,51,23.982
400,2,0,1,2016,4,20,17,51,25.921
401,2,0,1,2016,4,20,17,51,26.114
402,2,0,1,2016,4,20,17,51,29.012
403,2,0,1,2016,4,20,17,51,29.185
404,2,0,1,2016,4,20,17,51,43.738
405,2,0,1,2016,4,20,17,51,43.857
406,2,0,1,2016,4,20,17,51,46.405
407,2,0,1,2016,4,20,17,51,47.104
408,2,0,1,2016,4,20,17,51,47.952
409,2,0,1,2016,4,20,18,27,21.307
410,1,0,1,2016,4,20,18,27,58.74
411,1,0,1,2016,4,20,18,28,0.605
412,2,0,1,2016,4,20,18,58,45.386
