Var1_ 1,Var1_ 2,Var1_ 3,Var1_ 4,Var1_ 5,Var1_ 6,Var1_ 7,Var1_ 8,Var1_ 9,Var1_10
0,0,0,0,2016,3,31,9,23,34.133
1,1,1,1,2016,3,31,9,34,27.549
2,2,2,1,2016,3,31,9,54,12.46
3,1,1,1,2016,3,31,10,0,29.271
4,1,1,1,2016,3,31,10,0,35.01
5,1,0,1,2016,3,31,10,0,37.201
6,1,1,1,2016,3,31,10,0,41.761
7,1,2,1,2016,3,31,10,0,45.513
8,1,0,1,2016,3,31,10,0,47.347
9,1,0,1,2016,3,31,10,0,48.277
10,1,1,1,2016,3,31,10,0,49.419
11,1,0,1,2016,3,31,10,0,51.124
12,1,1,1,2016,3,31,10,3,27.941
13,1,0,1,2016,3,31,10,3,29.994
14,1,1,1,2016,3,31,10,3,31.761
15,1,0,1,2016,3,31,10,3,32.434
16,1,0,1,2016,3,31,10,3,33.246
17,1,0,1,2016,3,31,10,3,34.237
18,1,1,1,2016,3,31,10,3,35.671
19,1,1,1,2016,3,31,10,3,38.909
20,1,1,1,2016,3,31,10,3,42.195
21,1,0,1,2016,3,31,10,3,44.078
22,1,1,1,2016,3,31,10,3,45.144
23,1,2,1,2016,3,31,10,8,36.821
24,1,0,1,2016,3,31,10,8,37.79
25,1,0,1,2016,3,31,10,8,39.388
26,1,2,1,2016,3,31,10,8,48.768
27,1,0,1,2016,3,31,10,8,49.646
28,1,0,1,2016,3,31,10,8,51.479
29,1,1,1,2016,3,31,10,8,53.952
30,1,0,1,2016,3,31,10,8,55.752
31,1,2,1,2016,3,31,10,8,57.279
32,1,0,1,2016,3,31,10,8,58.327
33,1,0,1,2016,3,31,10,8,59.041
34,1,0,1,2016,3,31,10,8,59.794
35,2,2,1,2016,3,31,10,19,54.021
36,2,0,1,2016,3,31,10,19,55.129
37,2,0,1,2016,3,31,10,19,55.224
38,1,1,1,2016,3,31,11,22,39.1
39,1,0,1,2016,3,31,11,22,39.969
40,1,0,1,2016,3,31,11,22,41.44
41,1,1,1,2016,3,31,11,22,48.382
42,1,0,1,2016,3,31,11,22,49.182
43,1,0,1,2016,3,31,11,22,50.378
44,1,2,1,2016,3,31,11,22,52.199
45,1,0,1,2016,3,31,11,22,53.173
46,1,0,1,2016,3,31,11,22,54.044
47,1,0,1,2016,3,31,11,22,54.821
48,1,2,1,2016,3,31,11,22,55.77
49,1,0,1,2016,3,31,11,22,56.717
50,1,0,1,2016,3,31,11,22,58.428
51,1,1,1,2016,3,31,11,23,0.135
52,1,0,1,2016,3,31,11,23,2.698
53,1,2,1,2016,3,31,11,23,3.602
54,1,0,1,2016,3,31,11,23,4.242
55,1,0,1,2016,3,31,11,23,6.159
56,1,1,1,2016,3,31,11,23,7.765
57,1,1,1,2016,3,31,11,23,28.367
58,1,0,1,2016,3,31,11,23,28.948
59,1,0,1,2016,3,31,11,23,31.018
60,2,2,1,2016,3,31,11,57,50.078
61,2,2,1,2016,3,31,12,23,22.5
62,2,0,1,2016,3,31,12,23,25.311
63,2,2,1,2016,3,31,12,23,30.394
64,1,1,1,2016,3,31,12,29,13.141
65,1,1,1,2016,3,31,12,29,17.52
66,1,2,1,2016,3,31,12,38,15.039
67,1,2,1,2016,3,31,12,38,21.532
68,1,0,1,2016,3,31,12,38,22.037
69,1,0,1,2016,3,31,12,38,23.157
70,1,0,1,2016,3,31,12,38,24.033
71,1,1,1,2016,3,31,12,38,26.127
72,1,2,1,2016,3,31,12,38,51.927
73,1,0,1,2016,3,31,12,38,53.149
74,1,0,1,2016,3,31,12,38,54.463
75,1,1,1,2016,3,31,12,38,55.375
76,1,1,1,2016,3,31,12,40,0.552
77,1,0,1,2016,3,31,12,40,1.053
78,1,1,1,2016,3,31,12,40,15.797
79,1,0,1,2016,3,31,12,40,16.376
80,1,1,1,2016,3,31,12,51,34.393
81,1,0,1,2016,3,31,12,51,35.476
82,1,0,1,2016,3,31,12,51,36.157
83,1,1,1,2016,3,31,12,51,37.764
84,1,0,1,2016,3,31,12,51,38.266
85,1,0,1,2016,3,31,12,51,39.392
86,1,0,1,2016,3,31,12,51,40.206
87,1,1,1,2016,3,31,12,51,41.141
88,1,0,1,2016,3,31,12,51,42.143
89,1,2,1,2016,3,31,12,51,45.654
90,1,0,1,2016,3,31,12,51,47.02
91,1,1,1,2016,3,31,12,51,49.87
92,1,0,1,2016,3,31,12,51,50.331
93,1,2,1,2016,3,31,12,52,5.677
94,1,0,1,2016,3,31,12,52,6.208
95,1,0,1,2016,3,31,12,52,7.115
96,1,2,1,2016,3,31,12,52,9.253
97,1,0,1,2016,3,31,12,52,9.922
98,1,0,1,2016,3,31,12,52,10.639
99,1,0,1,2016,3,31,12,52,11.59
100,1,1,1,2016,3,31,12,52,14.836
101,1,0,1,2016,3,31,12,52,15.596
102,1,2,1,2016,3,31,12,52,19.901
103,1,0,1,2016,3,31,12,52,20.592
104,1,0,1,2016,3,31,12,52,21.446
105,1,1,1,2016,3,31,12,52,29.007
106,1,2,1,2016,3,31,12,52,48.881
107,1,2,1,2016,3,31,12,53,0.497
108,1,0,1,2016,3,31,12,53,1.545
109,1,2,1,2016,3,31,12,53,32.529
110,1,0,1,2016,3,31,12,53,33.835
111,1,1,1,2016,3,31,12,53,40.758
112,1,2,1,2016,3,31,12,53,46.203
113,1,0,1,2016,3,31,12,53,47.642
114,1,2,1,2016,3,31,12,53,55.201
115,1,0,1,2016,3,31,12,53,56.779
116,1,2,1,2016,3,31,12,54,1.285
117,1,2,1,2016,3,31,13,9,41.483
118,1,0,1,2016,3,31,13,9,42.707
119,1,0,1,2016,3,31,13,9,44.358
120,1,2,1,2016,3,31,13,9,45.252
121,1,0,1,2016,3,31,13,9,46.814
122,1,2,1,2016,3,31,13,9,48.388
123,1,0,1,2016,3,31,13,9,49.897
124,1,0,1,2016,3,31,13,9,51.084
125,1,2,1,2016,3,31,13,9,52.031
126,1,0,1,2016,3,31,13,9,53.733
127,1,2,1,2016,3,31,13,9,58.55
128,1,0,1,2016,3,31,13,9,59.89
129,1,0,1,2016,3,31,13,10,0.861
130,1,0,1,2016,3,31,13,10,2.493
131,1,0,1,2016,3,31,13,10,3.558
132,1,0,1,2016,3,31,13,10,4.566
133,1,0,1,2016,3,31,13,10,5.554
134,1,0,1,2016,3,31,13,10,7.965
135,1,0,1,2016,3,31,13,10,9.882
136,1,0,1,2016,3,31,13,11,6.392
137,1,0,1,2016,3,31,13,11,8.586
138,1,0,1,2016,3,31,13,11,9.324
139,1,0,1,2016,3,31,13,13,7.196
140,1,0,1,2016,3,31,13,13,8.418
141,1,0,1,2016,3,31,13,13,9.271
142,1,0,1,2016,3,31,13,13,10.409
143,1,0,1,2016,3,31,13,13,11.084
144,1,0,1,2016,3,31,13,13,11.636
145,1,0,1,2016,3,31,13,13,12.312
146,1,0,1,2016,3,31,13,13,13.613
147,1,0,1,2016,3,31,13,13,39.669
148,1,0,1,2016,3,31,13,13,40.429
149,1,0,1,2016,3,31,13,13,41.099
150,1,0,1,2016,3,31,13,13,42.366
151,1,0,1,2016,3,31,13,13,52.765
152,1,0,1,2016,3,31,13,18,30.123
153,1,0,1,2016,3,31,13,18,30.886
154,1,0,1,2016,3,31,13,18,31.565
155,1,0,1,2016,3,31,13,18,32.456
156,1,0,1,2016,3,31,13,18,36.387
157,1,0,1,2016,3,31,13,18,37.24
158,1,0,1,2016,3,31,13,18,37.807
159,1,0,1,2016,3,31,13,18,38.891
160,1,0,1,2016,3,31,13,19,26.298
161,1,0,1,2016,3,31,13,19,27.834
162,1,0,1,2016,3,31,13,19,28.508
163,1,0,1,2016,3,31,13,19,31.578
164,1,0,1,2016,3,31,13,19,32.261
165,1,0,1,2016,3,31,13,19,32.961
166,1,0,1,2016,3,31,13,19,34.044
167,1,0,1,2016,3,31,13,19,35.56
168,1,0,1,2016,3,31,13,44,18.265
169,1,0,1,2016,3,31,13,44,19.351
170,1,0,1,2016,3,31,13,44,21.307
171,1,0,1,2016,3,31,13,44,22.24
172,1,0,1,2016,3,31,13,44,23.322
173,1,0,1,2016,3,31,13,44,27.035
174,1,0,1,2016,3,31,13,44,28.2
175,2,0,1,2016,3,31,13,44,43.643
176,2,0,1,2016,3,31,13,44,44.521
177,2,0,1,2016,3,31,13,44,45.312
178,2,0,1,2016,3,31,13,44,46.426
179,2,0,1,2016,3,31,13,44,53.413
180,2,0,1,2016,3,31,13,44,54.871
181,2,0,1,2016,3,31,13,44,55.881
182,2,0,1,2016,3,31,13,44,59.215
183,2,0,1,2016,3,31,13,45,4.635
184,2,0,1,2016,3,31,13,45,10.061
185,1,0,1,2016,3,31,14,9,38.742
186,1,0,1,2016,3,31,14,9,40.353
187,1,0,1,2016,3,31,14,11,37.342
188,1,0,1,2016,3,31,14,11,40.014
189,1,0,1,2016,3,31,14,11,40.738
190,1,0,1,2016,3,31,14,11,42.367
191,1,0,1,2016,3,31,14,11,43.274
192,1,0,1,2016,3,31,14,11,44.244
193,1,0,1,2016,3,31,14,11,45.312
194,1,0,1,2016,3,31,14,11,46.748
195,1,0,1,2016,3,31,14,11,49.309
196,1,0,1,2016,3,31,14,11,51.551
197,1,0,1,2016,3,31,14,11,51.778
198,1,0,1,2016,3,31,14,11,57.21
199,1,0,1,2016,3,31,14,11,59.604
200,1,0,1,2016,3,31,14,12,5.985
201,1,0,1,2016,3,31,14,12,7.077
202,1,0,1,2016,3,31,14,12,8.456
203,1,0,1,2016,3,31,14,15,59.587
204,1,0,1,2016,3,31,14,16,0.388
205,1,0,1,2016,3,31,14,16,0.905
206,1,0,1,2016,3,31,14,16,1.789
207,1,0,1,2016,3,31,14,16,2.588
208,1,0,1,2016,3,31,14,54,1.682
209,1,0,1,2016,3,31,14,54,4.929
210,1,0,1,2016,3,31,14,54,13.199
211,1,0,1,2016,3,31,14,54,24.145
212,1,0,1,2016,3,31,14,54,25.368
213,1,0,1,2016,3,31,14,54,26.069
214,1,0,1,2016,3,31,14,54,26.923
215,1,0,1,2016,3,31,14,54,27.677
216,1,0,1,2016,3,31,14,54,29.309
217,1,0,1,2016,3,31,14,54,30.339
218,1,0,1,2016,3,31,14,54,33.968
219,1,0,1,2016,3,31,14,54,35.808
220,1,0,1,2016,3,31,15,7,3.008
221,1,0,1,2016,3,31,15,7,7.085
222,1,0,1,2016,3,31,15,7,10.034
223,1,0,1,2016,3,31,15,7,29.221
224,1,0,1,2016,3,31,15,7,30.364
225,1,0,1,2016,3,31,15,7,31.685
226,1,0,1,2016,3,31,15,7,37.024
227,1,0,1,2016,3,31,15,8,11.394
228,1,0,1,2016,3,31,15,8,18.927
229,1,0,1,2016,3,31,15,8,25.196
230,1,0,1,2016,3,31,15,8,25.583
231,1,0,1,2016,3,31,15,8,26.694
232,1,0,1,2016,3,31,15,8,48.102
233,1,0,1,2016,3,31,15,8,49.306
234,1,0,1,2016,3,31,15,8,50.27
235,1,0,1,2016,3,31,15,8,51.05
236,1,0,1,2016,3,31,15,8,51.857
237,1,0,1,2016,3,31,15,8,52.811
238,1,0,1,2016,3,31,15,8,54.07
239,1,0,1,2016,3,31,15,9,0.113
240,1,0,1,2016,3,31,15,9,0.985
241,1,0,1,2016,3,31,15,9,1.919
242,1,0,1,2016,3,31,15,9,17.969
243,1,0,1,2016,3,31,15,9,19.368
244,1,0,1,2016,3,31,15,9,24.567
245,1,0,1,2016,3,31,16,8,55.99
246,1,0,1,2016,3,31,16,35,38.15
247,1,0,1,2016,3,31,16,35,50.553
248,1,0,1,2016,3,31,16,35,51.653
249,1,0,1,2016,3,31,16,35,52.572
250,1,0,1,2016,3,31,16,35,53.31
251,1,0,1,2016,3,31,16,35,54.071
252,1,0,1,2016,3,31,16,35,55.348
253,1,0,1,2016,3,31,16,35,56.201
254,1,0,1,2016,3,31,16,35,56.825
255,1,0,1,2016,3,31,16,35,57.582
256,1,0,1,2016,3,31,16,35,58.313
257,1,0,1,2016,3,31,16,35,58.585
258,1,0,1,2016,3,31,16,35,58.739
259,1,0,1,2016,3,31,16,35,59.633
260,1,0,1,2016,3,31,16,36,13.224
261,1,0,1,2016,3,31,16,36,22.023
262,1,0,1,2016,3,31,16,36,23.07
263,1,0,1,2016,3,31,16,36,24.081
264,1,0,1,2016,3,31,16,36,24.666
265,1,0,1,2016,3,31,17,23,17.375
266,1,0,1,2016,3,31,17,23,19.414
267,1,0,1,2016,3,31,17,23,20.151
268,1,0,1,2016,3,31,17,23,21.146
269,1,0,1,2016,3,31,17,23,21.818
270,1,0,1,2016,3,31,17,23,23.338
271,1,0,1,2016,3,31,17,23,24.789
272,1,0,1,2016,3,31,17,23,25.835
273,1,0,1,2016,3,31,17,23,27.209
274,1,0,1,2016,3,31,17,33,48.447
275,1,0,1,2016,3,31,17,40,30.601
276,1,0,1,2016,3,31,17,40,31.125
277,1,0,1,2016,3,31,17,40,34.46
278,1,0,1,2016,3,31,17,40,34.578
279,1,0,1,2016,3,31,17,40,41.385
280,1,0,1,2016,3,31,17,40,43.143
281,1,0,1,2016,3,31,18,10,12.594
282,1,0,1,2016,3,31,18,10,14.518
283,1,0,1,2016,3,31,18,10,15.212
284,1,0,1,2016,3,31,18,10,16.84
285,1,0,1,2016,3,31,18,10,18.277
286,1,0,1,2016,3,31,18,10,19.104
287,1,0,1,2016,3,31,18,10,20.847
288,1,0,1,2016,3,31,18,10,21.43
289,1,0,1,2016,3,31,18,10,26.576
290,1,0,1,2016,3,31,18,10,27.51
291,1,0,1,2016,3,31,18,10,50.69
292,1,0,1,2016,3,31,18,10,51.497
293,2,0,1,2016,3,31,18,44,42.011
294,2,0,1,2016,3,31,18,44,42.911
295,1,0,1,2016,3,31,18,50,52.326
296,1,0,1,2016,3,31,18,50,58.504
297,1,0,1,2016,3,31,18,51,4.737
