Var1_ 1,Var1_ 2,Var1_ 3,Var1_ 4,Var1_ 5,Var1_ 6,Var1_ 7,Var1_ 8,Var1_ 9,Var1_10
0,0,0,0,2016,5,5,9,49,5.275
1,1,1,1,2016,5,5,9,49,20.573
2,1,1,1,2016,5,5,9,49,33.036
3,1,1,1,2016,5,5,9,49,52.809
4,1,2,1,2016,5,5,9,50,21.756
5,1,1,1,2016,5,5,9,51,54.236
6,1,0,1,2016,5,5,9,51,54.415
7,1,1,1,2016,5,5,9,52,17.62
8,1,1,1,2016,5,5,9,52,52.379
9,1,1,1,2016,5,5,9,54,12.389
10,2,2,1,2016,5,5,9,55,8.66
11,2,0,1,2016,5,5,9,55,8.774
12,2,2,1,2016,5,5,9,55,27.297
13,2,2,1,2016,5,5,9,55,55.458
14,2,2,1,2016,5,5,9,56,4.362
15,2,0,1,2016,5,5,9,56,4.701
16,2,2,1,2016,5,5,9,56,15.086
17,2,0,1,2016,5,5,9,56,15.357
18,2,2,1,2016,5,5,9,56,24.545
19,2,0,1,2016,5,5,9,56,24.896
20,2,0,1,2016,5,5,9,56,25.022
21,2,2,1,2016,5,5,9,56,31.292
22,2,1,1,2016,5,5,9,56,47.987
23,2,0,1,2016,5,5,9,56,48.138
24,2,0,1,2016,5,5,9,56,48.794
25,2,0,1,2016,5,5,9,56,48.956
26,2,2,1,2016,5,5,9,56,51.615
27,2,0,1,2016,5,5,9,56,51.734
28,2,0,1,2016,5,5,9,56,51.811
29,2,2,1,2016,5,5,9,56,58.366
30,2,0,1,2016,5,5,9,56,58.52
31,2,2,1,2016,5,5,9,57,8.265
32,2,1,1,2016,5,5,9,57,20.663
33,2,0,1,2016,5,5,9,57,20.719
34,2,2,1,2016,5,5,9,57,44.55
35,2,1,1,2016,5,5,9,57,58.707
36,2,0,1,2016,5,5,9,58,0.528
37,2,2,1,2016,5,5,9,58,2.271
38,1,1,1,2016,5,5,10,1,59.891
39,1,0,1,2016,5,5,10,1,59.956
40,1,1,1,2016,5,5,10,2,10.054
41,1,1,1,2016,5,5,10,2,29.118
42,1,2,1,2016,5,5,10,3,11.181
43,1,1,1,2016,5,5,10,6,29.446
44,1,2,1,2016,5,5,10,13,21.715
45,1,0,1,2016,5,5,10,13,21.777
46,2,2,1,2016,5,5,10,14,46.892
47,2,1,1,2016,5,5,10,15,12.995
48,2,2,1,2016,5,5,10,15,29.451
49,2,0,1,2016,5,5,10,15,29.915
50,2,1,1,2016,5,5,10,16,19.1
51,2,2,1,2016,5,5,10,16,25.011
52,2,0,1,2016,5,5,10,16,25.138
53,2,0,1,2016,5,5,10,16,25.753
54,2,2,1,2016,5,5,10,17,1.516
55,2,2,1,2016,5,5,10,17,23.571
56,2,2,1,2016,5,5,10,17,35.686
57,2,0,1,2016,5,5,10,17,36.676
58,2,2,1,2016,5,5,10,17,53.85
59,1,1,1,2016,5,5,10,19,35.044
60,1,1,1,2016,5,5,10,20,0.75
61,1,0,1,2016,5,5,10,20,0.887
62,1,1,1,2016,5,5,10,20,10.696
63,1,0,1,2016,5,5,10,20,10.815
64,1,1,1,2016,5,5,10,20,31.282
65,1,1,1,2016,5,5,10,20,37.317
66,1,0,1,2016,5,5,10,20,37.433
67,1,1,1,2016,5,5,10,21,1.033
68,1,0,1,2016,5,5,10,21,2.255
69,1,0,1,2016,5,5,10,21,2.361
70,1,1,1,2016,5,5,10,21,15.526
71,1,1,1,2016,5,5,10,21,23.459
72,1,1,1,2016,5,5,10,22,38.664
73,1,0,1,2016,5,5,10,22,39.774
74,1,1,1,2016,5,5,10,25,32.15
75,1,0,1,2016,5,5,10,25,34.808
76,1,1,1,2016,5,5,10,25,36.731
77,1,0,1,2016,5,5,10,25,36.879
78,1,1,1,2016,5,5,10,25,50.379
79,1,2,1,2016,5,5,10,25,54.982
80,2,2,1,2016,5,5,10,26,28.245
81,2,0,1,2016,5,5,10,26,28.418
82,2,2,1,2016,5,5,10,26,44.609
83,2,2,1,2016,5,5,10,27,6.211
84,2,0,1,2016,5,5,10,27,6.502
85,2,2,1,2016,5,5,10,27,13.248
86,2,0,1,2016,5,5,10,27,13.583
87,2,2,1,2016,5,5,10,27,32.761
88,2,2,1,2016,5,5,10,27,51.184
89,2,1,1,2016,5,5,10,28,15.276
90,2,0,1,2016,5,5,10,28,18.176
91,2,2,1,2016,5,5,10,28,18.31
92,2,1,1,2016,5,5,10,28,35.984
93,2,0,1,2016,5,5,10,28,36.086
94,2,0,1,2016,5,5,10,28,36.901
95,2,0,1,2016,5,5,10,28,37.033
96,2,0,1,2016,5,5,10,28,37.891
97,2,0,1,2016,5,5,10,28,38.025
98,2,0,1,2016,5,5,10,28,38.727
99,2,0,1,2016,5,5,10,28,38.858
100,2,0,1,2016,5,5,10,28,43.529
101,2,0,1,2016,5,5,10,28,43.841
102,2,0,1,2016,5,5,10,28,45.201
103,2,0,1,2016,5,5,10,28,46.109
104,2,0,1,2016,5,5,10,28,46.209
105,2,0,1,2016,5,5,10,28,47.116
106,2,0,1,2016,5,5,10,28,47.166
107,2,0,1,2016,5,5,10,28,48.423
108,2,0,1,2016,5,5,10,28,49.578
109,2,0,1,2016,5,5,10,28,49.814
110,2,0,1,2016,5,5,10,28,50.56
111,2,0,1,2016,5,5,10,28,50.702
112,2,0,1,2016,5,5,10,28,51.033
113,2,0,1,2016,5,5,10,28,51.518
114,2,0,1,2016,5,5,10,28,51.788
115,2,0,1,2016,5,5,10,28,51.902
116,1,0,1,2016,5,5,10,35,15.306
117,1,0,1,2016,5,5,10,35,17.642
118,1,0,1,2016,5,5,10,35,21.232
119,1,0,1,2016,5,5,10,37,57.771
120,1,0,1,2016,5,5,10,37,58.336
121,1,0,1,2016,5,5,10,37,59.224
122,1,0,1,2016,5,5,10,37,59.345
123,1,0,1,2016,5,5,10,37,59.534
124,1,0,1,2016,5,5,10,38,6.427
125,1,0,1,2016,5,5,10,38,7.651
126,1,0,1,2016,5,5,10,38,23.368
127,1,0,1,2016,5,5,10,38,24.585
128,1,0,1,2016,5,5,10,38,27.297
129,1,0,1,2016,5,5,10,38,28.846
130,1,0,1,2016,5,5,10,38,40.54
131,1,0,1,2016,5,5,10,38,40.689
132,1,0,1,2016,5,5,10,38,43.469
133,1,0,1,2016,5,5,10,38,47.012
134,1,0,1,2016,5,5,10,38,47.54
135,1,0,1,2016,5,5,10,38,48.196
136,1,0,1,2016,5,5,10,40,53.531
137,1,0,1,2016,5,5,10,45,33.177
138,1,0,1,2016,5,5,10,45,34.976
139,1,0,1,2016,5,5,10,47,32.457
140,1,0,1,2016,5,5,10,47,33.914
141,1,0,1,2016,5,5,10,47,35.856
142,1,0,1,2016,5,5,10,47,38.399
143,1,0,1,2016,5,5,10,47,38.865
144,1,0,1,2016,5,5,10,48,30.968
145,1,0,1,2016,5,5,10,48,47.276
146,1,0,1,2016,5,5,10,48,47.357
147,1,0,1,2016,5,5,10,48,47.845
148,1,0,1,2016,5,5,10,48,48.798
149,1,0,1,2016,5,5,10,48,49.436
150,1,0,1,2016,5,5,10,48,50.646
151,1,0,1,2016,5,5,10,48,53.129
152,1,0,1,2016,5,5,10,49,15.346
153,1,0,1,2016,5,5,10,49,15.459
154,1,0,1,2016,5,5,10,49,16.495
155,1,0,1,2016,5,5,10,51,10.025
156,1,0,1,2016,5,5,10,51,13.73
157,1,0,1,2016,5,5,10,51,14.329
158,1,0,1,2016,5,5,10,51,15.403
159,1,0,1,2016,5,5,10,51,16.078
160,1,0,1,2016,5,5,10,59,36.862
161,1,0,1,2016,5,5,10,59,38.3
162,1,0,1,2016,5,5,10,59,39.431
163,1,0,1,2016,5,5,11,1,9.519
164,1,0,1,2016,5,5,11,1,9.577
165,1,0,1,2016,5,5,11,1,11.129
166,1,0,1,2016,5,5,11,1,11.666
167,2,0,1,2016,5,5,11,1,18.324
168,1,0,1,2016,5,5,11,5,26.258
169,1,0,1,2016,5,5,11,5,27.761
170,1,0,1,2016,5,5,11,5,27.937
171,1,0,1,2016,5,5,11,5,48.3
172,1,0,1,2016,5,5,11,5,48.411
173,1,0,1,2016,5,5,11,8,19.869
174,1,0,1,2016,5,5,11,8,22.75
175,1,0,1,2016,5,5,11,8,22.964
176,1,0,1,2016,5,5,11,8,38.278
177,1,0,1,2016,5,5,11,8,38.324
178,1,0,1,2016,5,5,11,8,39.74
179,1,0,1,2016,5,5,11,8,39.798
180,1,0,1,2016,5,5,11,8,44.033
181,2,0,1,2016,5,5,11,10,56.311
182,2,0,1,2016,5,5,11,10,57.102
183,2,0,1,2016,5,5,11,10,57.313
184,2,0,1,2016,5,5,11,10,57.765
185,2,0,1,2016,5,5,11,10,58.004
186,2,0,1,2016,5,5,11,10,59.456
187,2,0,1,2016,5,5,11,11,0.214
188,2,0,1,2016,5,5,11,11,0.366
189,2,0,1,2016,5,5,11,11,3.231
190,2,0,1,2016,5,5,11,11,3.413
191,2,0,1,2016,5,5,11,11,5.314
192,2,0,1,2016,5,5,11,11,5.464
193,2,0,1,2016,5,5,11,11,6.066
194,2,0,1,2016,5,5,11,11,6.322
195,2,0,1,2016,5,5,11,11,7.288
196,2,0,1,2016,5,5,11,11,7.45
197,2,0,1,2016,5,5,11,11,7.93
198,2,0,1,2016,5,5,11,11,8.611
199,2,0,1,2016,5,5,11,11,10.822
200,2,0,1,2016,5,5,11,11,11.002
201,1,0,1,2016,5,5,11,11,18.878
202,1,0,1,2016,5,5,11,11,19.044
203,1,0,1,2016,5,5,11,11,19.67
204,1,0,1,2016,5,5,11,11,21.592
205,1,0,1,2016,5,5,11,11,21.923
206,2,0,1,2016,5,5,11,13,21.115
207,2,0,1,2016,5,5,11,13,21.256
208,2,0,1,2016,5,5,11,13,21.519
209,2,0,1,2016,5,5,11,13,24.731
210,2,0,1,2016,5,5,11,13,24.865
211,2,0,1,2016,5,5,11,13,25.635
212,2,0,1,2016,5,5,11,13,25.663
213,2,0,1,2016,5,5,11,13,25.808
214,2,0,1,2016,5,5,11,13,28.758
215,2,0,1,2016,5,5,11,13,29.842
216,2,0,1,2016,5,5,11,13,30.408
217,2,0,1,2016,5,5,11,17,5.343
218,2,0,1,2016,5,5,11,17,7.033
219,2,0,1,2016,5,5,11,17,7.194
220,2,0,1,2016,5,5,11,17,8.043
221,2,0,1,2016,5,5,11,17,8.148
222,2,0,1,2016,5,5,11,17,8.322
223,2,0,1,2016,5,5,11,17,10.799
224,2,0,1,2016,5,5,11,17,10.932
225,2,0,1,2016,5,5,11,17,11.849
226,2,0,1,2016,5,5,11,17,12.027
227,2,0,1,2016,5,5,11,17,13.59
228,2,0,1,2016,5,5,11,17,16.947
229,2,0,1,2016,5,5,11,17,17.446
230,1,0,1,2016,5,5,11,20,27.54
231,1,0,1,2016,5,5,11,20,29.059
232,1,0,1,2016,5,5,11,20,30.527
233,1,0,1,2016,5,5,11,20,31
234,1,0,1,2016,5,5,11,20,33.423
235,1,0,1,2016,5,5,11,20,55.983
236,1,0,1,2016,5,5,11,26,29.416
237,1,0,1,2016,5,5,11,26,33.956
238,1,0,1,2016,5,5,11,26,34.31
239,2,0,1,2016,5,5,11,40,28.608
240,2,0,1,2016,5,5,11,40,30.246
241,2,0,1,2016,5,5,11,40,30.362
242,2,0,1,2016,5,5,11,40,30.472
243,2,0,1,2016,5,5,11,40,31.928
244,2,0,1,2016,5,5,11,40,32.06
245,2,0,1,2016,5,5,11,40,33.305
246,2,0,1,2016,5,5,11,40,33.48
247,1,0,1,2016,5,5,11,41,38.09
248,1,0,1,2016,5,5,11,41,38.188
249,1,0,1,2016,5,5,11,41,53.35
250,1,0,1,2016,5,5,11,41,54.282
251,1,0,1,2016,5,5,11,41,57.16
252,1,0,1,2016,5,5,11,41,58.069
253,1,0,1,2016,5,5,11,42,34.445
254,1,0,1,2016,5,5,11,48,40.744
255,1,0,1,2016,5,5,11,48,42.389
256,2,0,1,2016,5,5,11,48,48.179
257,2,0,1,2016,5,5,11,48,48.239
258,2,0,1,2016,5,5,11,48,48.426
259,2,0,1,2016,5,5,11,48,49.862
260,2,0,1,2016,5,5,11,48,49.982
261,2,0,1,2016,5,5,11,48,50.214
262,2,0,1,2016,5,5,11,48,51.613
263,2,0,1,2016,5,5,11,48,51.729
264,2,0,1,2016,5,5,11,48,53.315
265,2,0,1,2016,5,5,11,48,53.977
266,2,0,1,2016,5,5,11,48,54.246
267,2,0,1,2016,5,5,11,48,56.324
268,2,0,1,2016,5,5,11,48,56.44
269,1,0,1,2016,5,5,11,49,3.883
270,1,0,1,2016,5,5,11,49,58.771
271,1,0,1,2016,5,5,11,49,59.247
272,1,0,1,2016,5,5,11,49,59.999
273,1,0,1,2016,5,5,11,50,0.768
274,1,0,1,2016,5,5,11,50,1.76
275,1,0,1,2016,5,5,11,50,2.39
276,2,0,1,2016,5,5,11,52,16.849
277,2,0,1,2016,5,5,11,52,18.89
278,2,0,1,2016,5,5,11,52,20.893
279,2,0,1,2016,5,5,11,52,21.117
280,2,0,1,2016,5,5,11,52,22.109
281,2,0,1,2016,5,5,11,52,22.346
282,1,0,1,2016,5,5,11,54,50.712
283,1,0,1,2016,5,5,11,54,53.638
284,1,0,1,2016,5,5,11,57,10.556
285,1,0,1,2016,5,5,11,57,10.716
286,1,0,1,2016,5,5,11,57,11.684
287,1,0,1,2016,5,5,11,57,14.015
288,2,0,1,2016,5,5,12,1,24.177
289,2,0,1,2016,5,5,12,1,26.902
290,2,0,1,2016,5,5,12,1,27.012
291,1,0,1,2016,5,5,12,3,59.62
292,1,0,1,2016,5,5,12,3,59.675
293,2,0,1,2016,5,5,12,4,6.237
294,2,0,1,2016,5,5,12,4,7.321
295,2,0,1,2016,5,5,12,4,7.44
296,2,0,1,2016,5,5,12,4,9.779
297,2,0,1,2016,5,5,12,4,11.526
298,2,0,1,2016,5,5,12,4,12.325
299,2,0,1,2016,5,5,12,4,12.441
300,2,0,1,2016,5,5,12,4,13.414
301,2,0,1,2016,5,5,12,4,13.851
302,2,0,1,2016,5,5,12,4,14.963
303,2,0,1,2016,5,5,12,4,16.085
304,2,0,1,2016,5,5,12,4,16.241
305,2,0,1,2016,5,5,12,4,17.581
306,2,0,1,2016,5,5,12,4,17.681
307,2,0,1,2016,5,5,12,4,18.706
308,2,0,1,2016,5,5,12,4,18.819
309,2,0,1,2016,5,5,12,4,19.678
310,2,0,1,2016,5,5,12,4,20.3
311,1,0,1,2016,5,5,12,4,25.634
312,1,0,1,2016,5,5,12,4,25.934
313,1,0,1,2016,5,5,12,4,26.548
314,1,0,1,2016,5,5,12,4,26.647
315,1,0,1,2016,5,5,12,4,30.171
316,1,0,1,2016,5,5,12,4,30.486
317,2,0,1,2016,5,5,12,4,50.366
318,2,0,1,2016,5,5,12,4,50.555
319,2,0,1,2016,5,5,12,4,51.336
320,2,0,1,2016,5,5,12,4,51.742
321,2,0,1,2016,5,5,12,4,52.61
322,2,0,1,2016,5,5,12,4,52.822
323,2,0,1,2016,5,5,12,4,52.997
324,2,0,1,2016,5,5,12,4,53.519
325,2,0,1,2016,5,5,12,4,54.382
326,2,0,1,2016,5,5,12,4,55.313
327,2,0,1,2016,5,5,12,4,55.486
328,2,0,1,2016,5,5,12,4,56.011
329,2,0,1,2016,5,5,12,4,56.586
330,2,0,1,2016,5,5,12,4,59.328
331,2,0,1,2016,5,5,12,4,59.542
332,2,0,1,2016,5,5,12,5,0.724
333,2,0,1,2016,5,5,12,5,1.949
334,2,0,1,2016,5,5,12,5,9.508
335,2,0,1,2016,5,5,12,5,10.631
336,2,0,1,2016,5,5,12,5,12.133
337,2,0,1,2016,5,5,12,5,12.97
338,2,0,1,2016,5,5,12,5,14.03
339,2,0,1,2016,5,5,12,5,14.165
340,2,0,1,2016,5,5,12,5,15.135
341,2,0,1,2016,5,5,12,5,16.748
342,2,0,1,2016,5,5,12,5,17.002
343,2,0,1,2016,5,5,12,6,26.65
344,2,0,1,2016,5,5,12,6,27.333
345,2,0,1,2016,5,5,12,6,27.544
346,2,0,1,2016,5,5,12,6,27.876
347,2,0,1,2016,5,5,12,6,28.348
348,2,0,1,2016,5,5,12,6,28.556
349,2,0,1,2016,5,5,12,6,29.489
350,2,0,1,2016,5,5,12,6,29.662
351,2,0,1,2016,5,5,12,6,30.533
352,2,0,1,2016,5,5,12,6,30.622
353,2,0,1,2016,5,5,12,6,30.717
354,2,0,1,2016,5,5,12,6,32.503
355,2,0,1,2016,5,5,12,6,32.62
356,2,0,1,2016,5,5,12,6,33.121
357,2,0,1,2016,5,5,12,6,36.645
358,2,0,1,2016,5,5,12,6,37.396
359,2,0,1,2016,5,5,12,6,37.519
360,2,0,1,2016,5,5,12,6,59.463
361,2,0,1,2016,5,5,12,7,0.629
362,2,0,1,2016,5,5,12,7,1.553
363,2,0,1,2016,5,5,12,7,1.728
364,2,0,1,2016,5,5,12,7,2.473
365,2,0,1,2016,5,5,12,7,2.649
366,2,0,1,2016,5,5,12,7,2.937
367,2,0,1,2016,5,5,12,7,3.144
368,2,0,1,2016,5,5,12,7,6.297
369,2,0,1,2016,5,5,12,7,7.599
370,2,0,1,2016,5,5,12,7,8.76
371,2,0,1,2016,5,5,12,7,9.229
372,2,0,1,2016,5,5,12,7,9.536
373,2,0,1,2016,5,5,12,7,10.12
374,2,0,1,2016,5,5,12,7,12.274
375,2,0,1,2016,5,5,12,7,12.45
376,2,0,1,2016,5,5,12,7,12.931
377,2,0,1,2016,5,5,12,7,14.626
378,2,0,1,2016,5,5,12,7,16.134
379,2,0,1,2016,5,5,12,7,16.186
380,2,0,1,2016,5,5,12,7,16.233
381,2,0,1,2016,5,5,12,7,16.38
382,2,0,1,2016,5,5,12,7,18.11
383,2,0,1,2016,5,5,12,7,18.229
384,2,0,1,2016,5,5,12,7,32.624
385,2,0,1,2016,5,5,12,7,33.559
386,2,0,1,2016,5,5,12,7,33.65
387,2,0,1,2016,5,5,12,7,34.834
388,2,0,1,2016,5,5,12,7,35.756
389,2,0,1,2016,5,5,12,7,37.152
390,2,0,1,2016,5,5,12,7,37.209
391,2,0,1,2016,5,5,12,7,37.42
392,2,0,1,2016,5,5,12,7,37.987
393,2,0,1,2016,5,5,12,7,39.037
394,2,0,1,2016,5,5,12,7,40.804
395,2,0,1,2016,5,5,12,7,42.362
396,2,0,1,2016,5,5,12,7,44.86
397,2,0,1,2016,5,5,12,9,12.524
398,2,0,1,2016,5,5,12,9,13.513
399,2,0,1,2016,5,5,12,9,13.627
400,2,0,1,2016,5,5,12,9,13.803
401,2,0,1,2016,5,5,12,9,15.216
402,2,0,1,2016,5,5,12,9,15.33
403,2,0,1,2016,5,5,12,9,15.965
404,2,0,1,2016,5,5,12,9,16.147
405,2,0,1,2016,5,5,12,9,16.493
406,2,0,1,2016,5,5,12,9,18.531
407,2,0,1,2016,5,5,12,9,18.655
408,2,0,1,2016,5,5,12,9,19.326
409,2,0,1,2016,5,5,12,9,20.786
410,2,0,1,2016,5,5,12,9,20.88
411,2,0,1,2016,5,5,12,9,20.944
412,2,0,1,2016,5,5,12,9,21.929
413,2,0,1,2016,5,5,12,9,22.049
414,2,0,1,2016,5,5,12,9,22.782
415,2,0,1,2016,5,5,12,12,41.039
416,2,0,1,2016,5,5,12,12,42.015
417,2,0,1,2016,5,5,12,12,42.13
418,2,0,1,2016,5,5,12,12,43.387
419,2,0,1,2016,5,5,12,12,44.441
420,2,0,1,2016,5,5,12,12,44.56
421,2,0,1,2016,5,5,12,12,45.213
422,2,0,1,2016,5,5,12,12,46.614
423,2,0,1,2016,5,5,12,12,46.788
424,2,0,1,2016,5,5,12,12,47.349
425,2,0,1,2016,5,5,12,12,49.992
426,2,0,1,2016,5,5,12,12,50.193
427,1,0,1,2016,5,5,12,14,19.177
428,1,0,1,2016,5,5,12,14,22.591
429,1,0,1,2016,5,5,12,14,23.324
430,1,0,1,2016,5,5,12,14,24.378
431,1,0,1,2016,5,5,12,14,25.189
432,1,0,1,2016,5,5,12,14,28.917
433,1,0,1,2016,5,5,12,14,30.434
434,1,0,1,2016,5,5,12,14,36.278
435,1,0,1,2016,5,5,12,14,37.035
436,1,0,1,2016,5,5,12,14,37.735
437,1,0,1,2016,5,5,12,14,42.032
438,1,0,1,2016,5,5,12,14,42.122
439,1,0,1,2016,5,5,12,14,42.159
440,1,0,1,2016,5,5,12,14,42.673
441,1,0,1,2016,5,5,12,14,43.675
442,1,0,1,2016,5,5,12,15,29.62
443,1,0,1,2016,5,5,12,15,31.331
444,1,0,1,2016,5,5,12,15,32.507
445,1,0,1,2016,5,5,12,15,32.57
446,1,0,1,2016,5,5,12,15,32.689
447,1,0,1,2016,5,5,12,15,33.013
448,1,0,1,2016,5,5,12,15,34.333
449,1,0,1,2016,5,5,12,15,36.726
450,1,0,1,2016,5,5,12,15,36.99
451,1,0,1,2016,5,5,12,17,43.448
452,1,0,1,2016,5,5,12,17,43.509
453,1,0,1,2016,5,5,12,17,45.662
454,1,0,1,2016,5,5,12,17,47.323
455,1,0,1,2016,5,5,12,19,21.017
456,1,0,1,2016,5,5,12,19,21.35
457,1,0,1,2016,5,5,12,19,23.201
458,1,0,1,2016,5,5,12,19,23.781
459,1,0,1,2016,5,5,12,19,26.349
460,1,0,1,2016,5,5,12,20,52.411
461,2,0,1,2016,5,5,12,23,31.29
462,2,0,1,2016,5,5,12,23,32.896
463,2,0,1,2016,5,5,12,23,34.292
464,2,0,1,2016,5,5,12,23,34.35
465,2,0,1,2016,5,5,12,23,34.972
466,2,0,1,2016,5,5,12,23,35.199
467,2,0,1,2016,5,5,12,23,36.154
468,2,0,1,2016,5,5,12,23,37.24
469,2,0,1,2016,5,5,12,23,37.422
470,2,0,1,2016,5,5,12,23,40.362
471,2,0,1,2016,5,5,12,23,40.567
472,2,0,1,2016,5,5,12,23,42.349
473,2,0,1,2016,5,5,12,23,43.36
474,2,0,1,2016,5,5,12,23,43.63
475,1,0,1,2016,5,5,12,26,38.933
476,2,0,1,2016,5,5,12,27,5.528
477,2,0,1,2016,5,5,12,27,6.588
478,2,0,1,2016,5,5,12,27,7.351
479,2,0,1,2016,5,5,12,27,8.032
480,2,0,1,2016,5,5,12,27,9.232
481,2,0,1,2016,5,5,12,27,9.348
482,2,0,1,2016,5,5,12,27,9.643
483,2,0,1,2016,5,5,12,27,10.811
484,2,0,1,2016,5,5,12,27,10.901
485,2,0,1,2016,5,5,12,27,11.114
486,2,0,1,2016,5,5,12,27,13.367
487,2,0,1,2016,5,5,12,27,14.033
488,2,0,1,2016,5,5,12,27,14.181
489,2,0,1,2016,5,5,12,27,14.942
490,2,0,1,2016,5,5,12,27,53.074
491,2,0,1,2016,5,5,12,27,53.214
492,2,0,1,2016,5,5,12,27,54.072
493,2,0,1,2016,5,5,12,27,54.477
494,2,0,1,2016,5,5,12,27,55.507
495,1,0,1,2016,5,5,12,30,54.416
496,1,0,1,2016,5,5,12,30,54.582
497,1,0,1,2016,5,5,12,30,58.093
498,1,0,1,2016,5,5,12,31,0.89
499,1,0,1,2016,5,5,12,31,1.372
500,2,0,1,2016,5,5,12,41,41.238
501,2,0,1,2016,5,5,12,41,42.848
502,2,0,1,2016,5,5,12,41,45.014
503,2,0,1,2016,5,5,12,41,45.384
504,2,0,1,2016,5,5,12,41,46.668
505,2,0,1,2016,5,5,12,41,46.777
506,2,0,1,2016,5,5,12,41,47.459
507,2,0,1,2016,5,5,12,41,47.591
508,2,0,1,2016,5,5,12,42,42.32
509,2,0,1,2016,5,5,12,42,42.437
510,2,0,1,2016,5,5,12,42,42.556
511,2,0,1,2016,5,5,12,42,42.728
512,2,0,1,2016,5,5,12,42,44.478
513,2,0,1,2016,5,5,12,42,44.617
514,2,0,1,2016,5,5,12,42,44.698
515,2,0,1,2016,5,5,12,42,45.16
516,2,0,1,2016,5,5,12,42,45.879
517,2,0,1,2016,5,5,12,42,46.086
518,1,0,1,2016,5,5,12,52,37.91
519,1,0,1,2016,5,5,12,52,39.898
520,1,0,1,2016,5,5,12,52,42.18
521,1,0,1,2016,5,5,12,52,58.247
522,1,0,1,2016,5,5,12,52,58.362
523,1,0,1,2016,5,5,12,53,0.378
524,1,0,1,2016,5,5,12,53,0.751
525,1,0,1,2016,5,5,12,53,2.093
526,1,0,1,2016,5,5,12,53,3.722
527,1,0,1,2016,5,5,12,53,10.59
528,1,0,1,2016,5,5,12,53,12.947
529,1,0,1,2016,5,5,12,53,13.442
530,2,0,1,2016,5,5,12,54,24.86
531,2,0,1,2016,5,5,12,54,26.437
532,2,0,1,2016,5,5,12,54,27.078
533,2,0,1,2016,5,5,12,54,27.269
534,2,0,1,2016,5,5,12,54,28.198
535,2,0,1,2016,5,5,12,54,28.432
536,2,0,1,2016,5,5,12,54,28.648
537,2,0,1,2016,5,5,12,54,41.115
538,2,0,1,2016,5,5,12,54,41.571
539,1,0,1,2016,5,5,12,57,30.124
540,1,0,1,2016,5,5,12,57,30.717
541,1,0,1,2016,5,5,12,57,32.354
542,1,0,1,2016,5,5,12,57,33.471
543,1,0,1,2016,5,5,12,57,33.843
544,1,0,1,2016,5,5,12,57,33.958
545,1,0,1,2016,5,5,12,57,35.583
546,1,0,1,2016,5,5,12,57,36.168
547,1,0,1,2016,5,5,13,6,3.151
548,1,0,1,2016,5,5,13,6,3.68
549,2,0,1,2016,5,5,13,6,15.858
550,2,0,1,2016,5,5,13,6,16.669
551,2,0,1,2016,5,5,13,6,16.824
552,2,0,1,2016,5,5,13,6,19.166
553,2,0,1,2016,5,5,13,6,19.481
554,2,0,1,2016,5,5,13,6,19.615
555,2,0,1,2016,5,5,13,6,19.907
556,1,0,1,2016,5,5,13,6,30.678
557,1,0,1,2016,5,5,13,6,33.015
558,1,0,1,2016,5,5,13,6,33.087
559,2,0,1,2016,5,5,13,9,23.65
560,2,0,1,2016,5,5,13,9,25.572
561,2,0,1,2016,5,5,13,9,30.64
562,2,0,1,2016,5,5,13,11,21.576
563,2,0,1,2016,5,5,13,11,21.676
564,2,0,1,2016,5,5,13,11,23.132
565,2,0,1,2016,5,5,13,11,23.26
566,2,0,1,2016,5,5,13,11,23.475
567,2,0,1,2016,5,5,13,11,24.853
568,2,0,1,2016,5,5,13,11,25.86
569,2,0,1,2016,5,5,13,11,26.674
570,2,0,1,2016,5,5,13,11,26.846
571,1,0,1,2016,5,5,13,47,9.036
572,1,0,1,2016,5,5,13,47,12.284
573,1,0,1,2016,5,5,13,47,13.487
574,1,0,1,2016,5,5,13,47,13.561
575,1,0,1,2016,5,5,13,47,16.28
576,1,0,1,2016,5,5,13,47,36.776
577,1,0,1,2016,5,5,13,47,38.114
578,1,0,1,2016,5,5,13,47,38.19
579,1,0,1,2016,5,5,13,47,39.574
580,1,0,1,2016,5,5,13,47,39.634
581,1,0,1,2016,5,5,13,50,14.364
582,1,0,1,2016,5,5,13,50,14.914
583,1,0,1,2016,5,5,14,6,46.683
584,1,0,1,2016,5,5,14,6,47.95
585,1,0,1,2016,5,5,14,6,48.017
586,1,0,1,2016,5,5,14,33,16.68
587,1,0,1,2016,5,5,14,33,18.869
588,1,0,1,2016,5,5,14,33,24.075
589,1,0,1,2016,5,5,14,33,24.558
590,1,0,1,2016,5,5,14,33,31.798
591,1,0,1,2016,5,5,14,33,32.454
592,1,0,1,2016,5,5,14,33,37.639
593,1,0,1,2016,5,5,14,33,38.122
594,1,0,1,2016,5,5,14,33,39.022
595,1,0,1,2016,5,5,14,44,36.485
596,1,0,1,2016,5,5,14,44,38.196
597,1,0,1,2016,5,5,14,44,39.397
598,1,0,1,2016,5,5,14,45,10.188
599,1,0,1,2016,5,5,14,45,10.742
600,1,0,1,2016,5,5,14,45,33.945
601,1,0,1,2016,5,5,14,45,39.1
602,1,0,1,2016,5,5,14,48,20.38
603,1,0,1,2016,5,5,14,48,22.162
604,1,0,1,2016,5,5,14,48,22.339
605,1,0,1,2016,5,5,14,48,24.497
606,1,0,1,2016,5,5,14,52,38.247
607,1,0,1,2016,5,5,14,52,41.117
608,1,0,1,2016,5,5,14,52,41.267
609,1,0,1,2016,5,5,14,53,1.692
610,1,0,1,2016,5,5,14,53,2.831
611,1,0,1,2016,5,5,14,53,2.915
612,1,0,1,2016,5,5,14,53,4.714
613,1,0,1,2016,5,5,14,53,4.914
614,1,0,1,2016,5,5,14,53,7.766
615,1,0,1,2016,5,5,14,56,54.421
616,1,0,1,2016,5,5,14,56,57.316
617,1,0,1,2016,5,5,14,57,3.54
618,1,0,1,2016,5,5,14,57,6.103
619,1,0,1,2016,5,5,14,57,6.221
620,1,0,1,2016,5,5,14,57,6.921
621,1,0,1,2016,5,5,14,57,9.652
622,1,0,1,2016,5,5,14,57,9.987
623,2,0,1,2016,5,5,14,57,16.938
624,2,0,1,2016,5,5,14,57,17.724
625,2,0,1,2016,5,5,14,57,17.815
626,2,0,1,2016,5,5,14,57,18.109
627,2,0,1,2016,5,5,14,57,19.597
628,2,0,1,2016,5,5,14,57,19.749
629,2,0,1,2016,5,5,14,57,21.576
630,2,0,1,2016,5,5,14,57,22.041
631,2,0,1,2016,5,5,15,4,0.474
632,2,0,1,2016,5,5,15,4,0.555
633,2,0,1,2016,5,5,15,4,1.219
634,2,0,1,2016,5,5,15,4,1.313
635,2,0,1,2016,5,5,15,4,2.129
636,2,0,1,2016,5,5,15,4,2.59
637,2,0,1,2016,5,5,15,4,3.563
638,2,0,1,2016,5,5,15,4,3.708
639,1,0,1,2016,5,5,15,5,36.708
640,1,0,1,2016,5,5,15,5,37.735
641,1,0,1,2016,5,5,15,5,39.675
642,1,0,1,2016,5,5,15,5,40.261
643,1,0,1,2016,5,5,15,5,41.111
644,1,0,1,2016,5,5,15,5,42.122
645,1,0,1,2016,5,5,15,5,43.128
646,1,0,1,2016,5,5,15,5,44.116
647,1,0,1,2016,5,5,15,5,49.787
648,1,0,1,2016,5,5,15,5,50.916
649,1,0,1,2016,5,5,15,5,51.729
650,1,0,1,2016,5,5,15,5,52.545
651,1,0,1,2016,5,5,15,5,53.094
652,1,0,1,2016,5,5,15,5,53.845
653,1,0,1,2016,5,5,15,5,55.071
654,1,0,1,2016,5,5,15,5,55.713
655,1,0,1,2016,5,5,15,5,56.763
656,1,0,1,2016,5,5,15,5,57.579
657,1,0,1,2016,5,5,15,5,59.418
658,1,0,1,2016,5,5,15,6,1.396
659,1,0,1,2016,5,5,15,6,2.355
660,1,0,1,2016,5,5,15,6,3.338
661,1,0,1,2016,5,5,15,6,7.268
662,1,0,1,2016,5,5,15,6,9.757
663,1,0,1,2016,5,5,15,6,10.959
664,1,0,1,2016,5,5,15,6,12.737
665,1,0,1,2016,5,5,15,6,13.806
666,1,0,1,2016,5,5,15,6,18.718
667,1,0,1,2016,5,5,15,6,19.496
668,1,0,1,2016,5,5,15,9,22.14
669,1,0,1,2016,5,5,15,9,24.699
670,2,0,1,2016,5,5,15,21,43.575
671,2,0,1,2016,5,5,15,21,43.789
672,2,0,1,2016,5,5,15,21,44.293
673,2,0,1,2016,5,5,15,21,45.499
674,2,0,1,2016,5,5,15,21,45.629
675,2,0,1,2016,5,5,15,21,45.764
676,2,0,1,2016,5,5,15,21,46.887
677,2,0,1,2016,5,5,15,24,45.25
678,2,0,1,2016,5,5,15,24,46.818
679,2,0,1,2016,5,5,15,24,47.018
680,2,0,1,2016,5,5,15,24,47.358
681,2,0,1,2016,5,5,15,24,47.671
682,1,0,1,2016,5,5,15,27,59.853
683,1,0,1,2016,5,5,15,28,2.205
684,1,0,1,2016,5,5,15,32,15.352
685,1,0,1,2016,5,5,15,32,15.545
686,1,0,1,2016,5,5,15,33,6.952
687,1,0,1,2016,5,5,15,33,7.03
688,1,0,1,2016,5,5,15,33,7.57
689,1,0,1,2016,5,5,15,33,9.688
690,1,0,1,2016,5,5,15,33,10.412
691,1,0,1,2016,5,5,15,33,11.379
692,1,0,1,2016,5,5,15,33,12.335
693,1,0,1,2016,5,5,15,33,12.869
694,1,0,1,2016,5,5,15,33,13.222
695,1,0,1,2016,5,5,15,36,25.592
696,1,0,1,2016,5,5,15,36,29.113
697,1,0,1,2016,5,5,15,36,29.773
698,1,0,1,2016,5,5,15,36,30.246
699,1,0,1,2016,5,5,15,36,55.084
700,1,0,1,2016,5,5,15,36,56.015
701,1,0,1,2016,5,5,15,36,56.81
702,1,0,1,2016,5,5,15,36,57.625
703,1,0,1,2016,5,5,15,36,58.98
704,1,0,1,2016,5,5,15,37,0.556
705,1,0,1,2016,5,5,15,37,1.237
706,1,0,1,2016,5,5,15,37,1.976
707,1,0,1,2016,5,5,15,37,8.534
708,1,0,1,2016,5,5,15,39,4.168
709,1,0,1,2016,5,5,15,39,4.772
710,1,0,1,2016,5,5,15,39,5.39
711,1,0,1,2016,5,5,15,39,6.783
712,1,0,1,2016,5,5,15,39,7.149
713,1,0,1,2016,5,5,15,39,8.361
714,1,0,1,2016,5,5,15,39,11.064
715,1,0,1,2016,5,5,15,39,11.745
716,1,0,1,2016,5,5,15,39,12.951
717,1,0,1,2016,5,5,15,39,13.798
718,1,0,1,2016,5,5,15,39,19.949
719,1,0,1,2016,5,5,15,39,20.79
720,1,0,1,2016,5,5,15,39,21.308
721,1,0,1,2016,5,5,15,39,24.455
722,1,0,1,2016,5,5,15,39,25.294
723,1,0,1,2016,5,5,15,39,25.951
724,1,0,1,2016,5,5,15,39,27.598
725,1,0,1,2016,5,5,15,39,28.142
726,1,0,1,2016,5,5,15,39,32.435
727,1,0,1,2016,5,5,15,39,33.501
728,1,0,1,2016,5,5,15,39,34.954
729,1,0,1,2016,5,5,15,39,38.34
730,1,0,1,2016,5,5,15,39,39.032
731,1,0,1,2016,5,5,15,39,43.783
732,1,0,1,2016,5,5,15,39,44.341
733,1,0,1,2016,5,5,15,39,45.759
734,1,0,1,2016,5,5,15,39,46.374
735,1,0,1,2016,5,5,15,39,51.133
736,1,0,1,2016,5,5,15,39,54.964
737,1,0,1,2016,5,5,15,39,55.537
738,1,0,1,2016,5,5,15,39,56.727
739,1,0,1,2016,5,5,15,39,57.771
740,1,0,1,2016,5,5,15,40,3.441
741,1,0,1,2016,5,5,15,40,3.977
742,1,0,1,2016,5,5,15,40,4.791
743,1,0,1,2016,5,5,15,40,5.391
744,1,0,1,2016,5,5,15,40,6.766
745,1,0,1,2016,5,5,15,40,7.468
746,1,0,1,2016,5,5,15,40,10.226
747,1,0,1,2016,5,5,15,40,15.314
748,1,0,1,2016,5,5,15,40,16.146
749,1,0,1,2016,5,5,15,40,17.781
750,1,0,1,2016,5,5,15,40,23.448
751,1,0,1,2016,5,5,15,40,24.734
752,1,0,1,2016,5,5,15,40,26.755
753,1,0,1,2016,5,5,15,40,27.43
754,1,0,1,2016,5,5,15,40,27.938
755,1,0,1,2016,5,5,15,40,28.786
756,1,0,1,2016,5,5,15,40,29.916
757,1,0,1,2016,5,5,15,40,30.495
758,1,0,1,2016,5,5,15,40,50.91
759,1,0,1,2016,5,5,15,40,51.514
760,1,0,1,2016,5,5,15,40,52.192
761,1,0,1,2016,5,5,15,40,53.143
762,1,0,1,2016,5,5,15,40,54.15
763,1,0,1,2016,5,5,15,40,56.324
764,1,0,1,2016,5,5,15,41,43.249
765,1,0,1,2016,5,5,15,41,47.207
766,1,0,1,2016,5,5,15,41,47.806
767,1,0,1,2016,5,5,15,41,48.526
768,1,0,1,2016,5,5,15,41,49.433
769,1,0,1,2016,5,5,15,41,55.208
770,1,0,1,2016,5,5,15,41,55.939
771,1,0,1,2016,5,5,15,42,8.688
772,1,0,1,2016,5,5,15,42,9.584
773,1,0,1,2016,5,5,15,42,10.544
774,1,0,1,2016,5,5,15,49,47.573
775,1,0,1,2016,5,5,15,49,50.221
776,1,0,1,2016,5,5,15,49,50.66
777,1,0,1,2016,5,5,15,50,46.539
778,1,0,1,2016,5,5,15,50,47.143
779,1,0,1,2016,5,5,15,50,47.679
780,1,0,1,2016,5,5,15,50,48.436
781,1,0,1,2016,5,5,15,50,49.271
782,1,0,1,2016,5,5,15,50,50.203
783,1,0,1,2016,5,5,15,50,51.832
784,1,0,1,2016,5,5,15,50,53.829
785,1,0,1,2016,5,5,15,50,54.492
786,1,0,1,2016,5,5,15,50,58.973
787,1,0,1,2016,5,5,15,50,59.633
788,1,0,1,2016,5,5,15,51,0.369
789,1,0,1,2016,5,5,15,51,1.301
790,1,0,1,2016,5,5,15,51,2.736
791,1,0,1,2016,5,5,15,51,6.115
792,1,0,1,2016,5,5,15,51,6.906
793,1,0,1,2016,5,5,15,51,7.547
794,1,0,1,2016,5,5,15,51,9.559
795,1,0,1,2016,5,5,15,51,10.391
796,1,0,1,2016,5,5,15,51,11.565
797,1,0,1,2016,5,5,15,51,12.885
798,1,0,1,2016,5,5,15,51,13.948
799,1,0,1,2016,5,5,15,51,16.156
800,1,0,1,2016,5,5,15,51,17.031
801,1,0,1,2016,5,5,15,51,18.234
802,1,0,1,2016,5,5,15,51,22.208
803,1,0,1,2016,5,5,15,51,23.003
804,1,0,1,2016,5,5,15,51,24.197
805,1,0,1,2016,5,5,15,51,24.625
806,1,0,1,2016,5,5,15,51,25.306
807,1,0,1,2016,5,5,15,51,29.472
808,1,0,1,2016,5,5,15,51,31.334
809,1,0,1,2016,5,5,15,51,32.412
810,1,0,1,2016,5,5,15,51,36.29
811,1,0,1,2016,5,5,15,54,40.745
812,1,0,1,2016,5,5,15,54,41.222
813,1,0,1,2016,5,5,15,54,41.822
814,1,0,1,2016,5,5,15,54,43.691
815,1,0,1,2016,5,5,15,54,44.187
816,1,0,1,2016,5,5,15,54,44.829
817,1,0,1,2016,5,5,15,54,45.664
818,1,0,1,2016,5,5,15,54,46.676
819,1,0,1,2016,5,5,15,54,47.41
820,1,0,1,2016,5,5,15,54,50.869
821,1,0,1,2016,5,5,15,54,51.343
822,1,0,1,2016,5,5,15,54,52.003
823,1,0,1,2016,5,5,15,54,52.777
824,1,0,1,2016,5,5,15,54,59.106
825,1,0,1,2016,5,5,15,54,59.559
826,1,0,1,2016,5,5,15,55,0.154
827,1,0,1,2016,5,5,15,55,0.702
828,1,0,1,2016,5,5,15,55,3.22
829,1,0,1,2016,5,5,15,55,4.34
830,1,0,1,2016,5,5,15,55,10.973
831,1,0,1,2016,5,5,15,55,11.611
832,1,0,1,2016,5,5,15,55,12.66
833,1,0,1,2016,5,5,15,55,17.892
834,1,0,1,2016,5,5,15,55,18.722
835,1,0,1,2016,5,5,15,55,21.318
836,1,0,1,2016,5,5,15,58,14.105
837,1,0,1,2016,5,5,15,58,14.829
838,1,0,1,2016,5,5,15,58,15.332
839,1,0,1,2016,5,5,15,58,18.789
840,1,0,1,2016,5,5,15,58,19.274
841,1,0,1,2016,5,5,15,58,25.75
842,1,0,1,2016,5,5,15,58,27.012
843,1,0,1,2016,5,5,16,2,16.477
844,1,0,1,2016,5,5,16,2,16.98
845,1,0,1,2016,5,5,16,2,17.47
846,1,0,1,2016,5,5,16,2,17.858
847,1,0,1,2016,5,5,16,2,18.222
848,1,0,1,2016,5,5,16,2,19.095
849,1,0,1,2016,5,5,16,2,23.222
850,1,0,1,2016,5,5,16,2,25.105
851,1,0,1,2016,5,5,16,2,25.458
852,1,0,1,2016,5,5,16,2,26.111
853,1,0,1,2016,5,5,16,2,52.555
854,1,0,1,2016,5,5,16,2,53.251
855,1,0,1,2016,5,5,16,2,53.66
856,1,0,1,2016,5,5,16,2,54.148
857,1,0,1,2016,5,5,16,2,58.849
858,1,0,1,2016,5,5,16,2,59.762
859,1,0,1,2016,5,5,16,3,0.847
860,1,0,1,2016,5,5,16,3,2.891
861,1,0,1,2016,5,5,16,3,3.678
862,2,0,1,2016,5,5,16,4,43.768
863,2,0,1,2016,5,5,16,4,44.015
864,2,0,1,2016,5,5,16,4,44.091
865,2,0,1,2016,5,5,16,4,44.303
866,2,0,1,2016,5,5,16,4,45.456
867,2,0,1,2016,5,5,16,4,45.649
868,2,0,1,2016,5,5,16,4,46.012
869,2,0,1,2016,5,5,16,4,47.239
870,2,0,1,2016,5,5,16,4,47.743
871,2,0,1,2016,5,5,16,4,49.464
872,2,0,1,2016,5,5,16,4,49.582
873,2,0,1,2016,5,5,16,4,50.42
874,2,0,1,2016,5,5,16,4,51.678
875,2,0,1,2016,5,5,16,4,52.414
876,2,0,1,2016,5,5,16,4,54.744
877,1,0,1,2016,5,5,16,5,17.112
878,2,0,1,2016,5,5,16,7,53.969
879,2,0,1,2016,5,5,16,7,54.304
880,2,0,1,2016,5,5,16,7,54.395
881,2,0,1,2016,5,5,16,7,54.685
882,1,0,1,2016,5,5,16,8,7.165
883,1,0,1,2016,5,5,16,8,9.511
884,1,0,1,2016,5,5,16,8,9.831
885,1,0,1,2016,5,5,16,8,10.034
886,1,0,1,2016,5,5,16,19,48.546
887,1,0,1,2016,5,5,16,19,49.226
888,1,0,1,2016,5,5,16,22,33.906
889,1,0,1,2016,5,5,16,22,34.081
890,1,0,1,2016,5,5,16,22,36.938
891,1,0,1,2016,5,5,16,22,38.665
892,1,0,1,2016,5,5,16,22,39.38
893,1,0,1,2016,5,5,16,22,39.469
894,1,0,1,2016,5,5,16,22,39.569
895,1,0,1,2016,5,5,16,22,39.995
896,1,0,1,2016,5,5,16,22,40.649
897,1,0,1,2016,5,5,16,32,16.916
898,1,0,1,2016,5,5,16,32,18.059
899,2,0,1,2016,5,5,16,34,4.369
900,2,0,1,2016,5,5,16,34,5.302
901,2,0,1,2016,5,5,16,34,6.829
902,2,0,1,2016,5,5,16,34,7.445
903,2,0,1,2016,5,5,16,34,8.453
904,2,0,1,2016,5,5,16,34,8.964
905,2,0,1,2016,5,5,16,34,10.079
906,2,0,1,2016,5,5,16,34,11.282
907,2,0,1,2016,5,5,16,34,12.793
908,2,0,1,2016,5,5,16,34,14.364
909,2,0,1,2016,5,5,16,34,15.235
910,2,0,1,2016,5,5,16,34,15.918
911,2,0,1,2016,5,5,16,34,17.077
912,2,0,1,2016,5,5,16,34,18.248
913,2,0,1,2016,5,5,16,34,18.861
914,2,0,1,2016,5,5,16,34,19.659
915,1,0,1,2016,5,5,16,35,3.191
916,1,0,1,2016,5,5,16,35,3.754
917,1,0,1,2016,5,5,16,35,4.727
918,1,0,1,2016,5,5,16,35,7.566
919,1,0,1,2016,5,5,16,35,10.77
920,1,0,1,2016,5,5,16,35,12.249
921,1,0,1,2016,5,5,16,35,12.962
922,1,0,1,2016,5,5,16,35,14.159
923,1,0,1,2016,5,5,16,35,15.579
924,1,0,1,2016,5,5,16,35,16.55
925,1,0,1,2016,5,5,16,35,17.568
926,1,0,1,2016,5,5,16,35,20.017
927,1,0,1,2016,5,5,16,35,20.697
928,1,0,1,2016,5,5,16,35,22.183
929,1,0,1,2016,5,5,16,35,22.383
930,1,0,1,2016,5,5,16,35,24.592
931,1,0,1,2016,5,5,16,35,25.57
932,1,0,1,2016,5,5,16,35,26.415
933,1,0,1,2016,5,5,16,35,28.026
934,1,0,1,2016,5,5,16,35,30.068
935,1,0,1,2016,5,5,16,35,30.796
936,1,0,1,2016,5,5,16,35,31.872
937,1,0,1,2016,5,5,16,35,33.106
938,1,0,1,2016,5,5,16,35,33.857
939,1,0,1,2016,5,5,16,35,35.801
940,1,0,1,2016,5,5,16,35,37.587
941,1,0,1,2016,5,5,16,35,38.186
942,1,0,1,2016,5,5,16,35,41.157
943,1,0,1,2016,5,5,16,35,42.941
944,1,0,1,2016,5,5,16,35,44.283
945,1,0,1,2016,5,5,16,35,45.148
946,1,0,1,2016,5,5,16,35,46.876
947,1,0,1,2016,5,5,16,35,48.484
948,1,0,1,2016,5,5,16,35,49.722
949,1,0,1,2016,5,5,16,35,50.479
950,1,0,1,2016,5,5,16,35,51.937
951,1,0,1,2016,5,5,16,35,52.624
952,1,0,1,2016,5,5,16,35,53.903
953,1,0,1,2016,5,5,16,35,55.225
954,1,0,1,2016,5,5,16,35,57.459
955,1,0,1,2016,5,5,16,35,58.036
956,1,0,1,2016,5,5,16,37,38.697
957,1,0,1,2016,5,5,16,37,43.041
958,1,0,1,2016,5,5,16,37,48.108
959,1,0,1,2016,5,5,16,37,48.769
960,1,0,1,2016,5,5,16,37,49.271
961,1,0,1,2016,5,5,16,37,49.969
962,1,0,1,2016,5,5,16,37,50.905
963,1,0,1,2016,5,5,16,38,36.417
964,1,0,1,2016,5,5,16,38,38.279
965,1,0,1,2016,5,5,16,38,38.753
966,1,0,1,2016,5,5,16,38,39.083
967,1,0,1,2016,5,5,16,40,49.737
968,1,0,1,2016,5,5,16,42,32.176
969,1,0,1,2016,5,5,16,42,32.742
970,1,0,1,2016,5,5,16,48,22.49
971,1,0,1,2016,5,5,16,48,24.941
972,1,0,1,2016,5,5,16,48,25.262
973,1,0,1,2016,5,5,16,48,25.515
974,1,0,1,2016,5,5,16,48,26.31
975,1,0,1,2016,5,5,16,48,27.008
976,1,0,1,2016,5,5,16,48,27.098
977,1,0,1,2016,5,5,16,48,42.077
978,1,0,1,2016,5,5,16,48,42.603
979,1,0,1,2016,5,5,16,48,45.518
980,1,0,1,2016,5,5,16,53,17.837
981,1,0,1,2016,5,5,16,53,17.941
982,1,0,1,2016,5,5,16,53,19.277
983,1,0,1,2016,5,5,16,53,19.89
984,1,0,1,2016,5,5,16,53,28.525
985,1,0,1,2016,5,5,16,53,28.941
986,1,0,1,2016,5,5,16,53,29.402
987,1,0,1,2016,5,5,16,53,30.275
988,1,0,1,2016,5,5,16,53,31.131
989,1,0,1,2016,5,5,16,53,32.411
990,1,0,1,2016,5,5,16,53,33.199
991,1,0,1,2016,5,5,16,53,34.387
992,1,0,1,2016,5,5,16,53,35.314
993,1,0,1,2016,5,5,16,53,36.625
994,1,0,1,2016,5,5,16,53,37.123
995,1,0,1,2016,5,5,16,53,42.157
996,1,0,1,2016,5,5,16,53,42.595
997,1,0,1,2016,5,5,16,53,43.507
998,1,0,1,2016,5,5,16,53,44.48
999,1,0,1,2016,5,5,16,53,45.114
1000,1,0,1,2016,5,5,16,53,45.954
1001,1,0,1,2016,5,5,16,53,50.352
1002,1,0,1,2016,5,5,16,53,52.643
1003,2,0,1,2016,5,5,16,54,16.63
1004,1,0,1,2016,5,5,17,0,6.254
1005,1,0,1,2016,5,5,17,0,9.485
1006,1,0,1,2016,5,5,17,0,10.251
1007,1,0,1,2016,5,5,17,0,11.804
1008,1,0,1,2016,5,5,17,0,43.752
1009,1,0,1,2016,5,5,17,0,48.241
1010,2,0,1,2016,5,5,17,7,12.74
1011,2,0,1,2016,5,5,17,7,13.237
1012,2,0,1,2016,5,5,17,7,15.766
1013,1,0,1,2016,5,5,17,8,5.282
1014,1,0,1,2016,5,5,17,8,9.261
1015,1,0,1,2016,5,5,17,8,14.099
1016,1,0,1,2016,5,5,17,8,14.656
1017,1,0,1,2016,5,5,17,11,2.235
1018,1,0,1,2016,5,5,17,11,2.541
1019,1,0,1,2016,5,5,17,11,4.204
1020,1,0,1,2016,5,5,17,11,7.573
1021,1,0,1,2016,5,5,17,11,10.987
1022,1,0,1,2016,5,5,17,11,11.223
1023,1,0,1,2016,5,5,17,11,14.129
1024,2,0,1,2016,5,5,17,11,27.153
1025,2,0,1,2016,5,5,17,11,27.303
1026,2,0,1,2016,5,5,17,11,28.837
1027,2,0,1,2016,5,5,17,11,29.949
1028,2,0,1,2016,5,5,17,11,31.419
1029,2,0,1,2016,5,5,17,11,33.675
1030,2,0,1,2016,5,5,17,11,33.824
1031,2,0,1,2016,5,5,17,11,34.06
1032,2,0,1,2016,5,5,17,11,35.034
1033,2,0,1,2016,5,5,17,11,35.185
1034,2,0,1,2016,5,5,17,11,35.493
1035,2,0,1,2016,5,5,17,11,35.841
1036,1,0,1,2016,5,5,17,12,6.365
1037,1,0,1,2016,5,5,17,12,6.774
1038,1,0,1,2016,5,5,17,12,6.871
1039,1,0,1,2016,5,5,17,12,11.34
1040,1,0,1,2016,5,5,17,12,42.447
1041,1,0,1,2016,5,5,17,12,42.794
1042,1,0,1,2016,5,5,17,12,45.223
1043,1,0,1,2016,5,5,17,12,45.662
1044,2,0,1,2016,5,5,17,14,50.591
1045,2,0,1,2016,5,5,17,14,51.403
1046,2,0,1,2016,5,5,17,14,51.614
1047,2,0,1,2016,5,5,17,14,53.367
1048,2,0,1,2016,5,5,17,14,53.831
1049,2,0,1,2016,5,5,17,14,54.855
1050,2,0,1,2016,5,5,17,14,55.011
1051,2,0,1,2016,5,5,17,14,56.175
1052,2,0,1,2016,5,5,17,14,56.47
1053,2,0,1,2016,5,5,17,14,58.391
1054,2,0,1,2016,5,5,17,14,58.561
1055,2,0,1,2016,5,5,17,15,1.102
1056,2,0,1,2016,5,5,17,15,1.254
1057,2,0,1,2016,5,5,17,15,1.862
1058,2,0,1,2016,5,5,17,15,2.072
1059,2,0,1,2016,5,5,17,15,2.539
1060,2,0,1,2016,5,5,17,15,4.601
1061,2,0,1,2016,5,5,17,15,5.939
1062,2,0,1,2016,5,5,17,15,7.043
1063,2,0,1,2016,5,5,17,15,7.785
1064,2,0,1,2016,5,5,17,15,29.547
1065,2,0,1,2016,5,5,17,15,30.773
1066,2,0,1,2016,5,5,17,15,31.212
1067,2,0,1,2016,5,5,17,15,31.37
1068,2,0,1,2016,5,5,17,15,34.094
1069,2,0,1,2016,5,5,17,15,34.214
1070,1,0,1,2016,5,5,17,19,44.535
1071,1,0,1,2016,5,5,17,19,47.269
1072,1,0,1,2016,5,5,17,19,47.713
1073,1,0,1,2016,5,5,17,19,47.827
1074,1,0,1,2016,5,5,17,19,50.45
1075,1,0,1,2016,5,5,17,19,50.953
1076,1,0,1,2016,5,5,17,19,57.597
1077,1,0,1,2016,5,5,17,20,0.538
1078,1,0,1,2016,5,5,17,20,1.298
1079,1,0,1,2016,5,5,17,20,1.4
1080,1,0,1,2016,5,5,17,20,9.587
1081,1,0,1,2016,5,5,17,20,12.578
1082,1,0,1,2016,5,5,17,20,16.4
1083,1,0,1,2016,5,5,17,20,21.75
1084,2,0,1,2016,5,5,17,20,56.64
1085,2,0,1,2016,5,5,17,20,56.753
1086,2,0,1,2016,5,5,17,20,56.877
1087,2,0,1,2016,5,5,17,20,57.371
1088,2,0,1,2016,5,5,17,20,58.5
1089,2,0,1,2016,5,5,17,20,58.711
1090,2,0,1,2016,5,5,17,20,58.864
1091,2,0,1,2016,5,5,17,20,59.558
1092,2,0,1,2016,5,5,17,20,59.667
1093,2,0,1,2016,5,5,17,21,0.218
1094,2,0,1,2016,5,5,17,21,1.948
1095,2,0,1,2016,5,5,17,21,2.064
1096,2,0,1,2016,5,5,17,21,3.247
1097,2,0,1,2016,5,5,17,21,3.433
1098,2,0,1,2016,5,5,17,21,3.529
1099,2,0,1,2016,5,5,17,21,4.543
1100,2,0,1,2016,5,5,17,21,6.024
1101,2,0,1,2016,5,5,17,21,6.176
1102,2,0,1,2016,5,5,17,21,7.035
1103,2,0,1,2016,5,5,17,21,7.206
1104,2,0,1,2016,5,5,17,21,8.16
1105,2,0,1,2016,5,5,17,21,8.307
1106,2,0,1,2016,5,5,17,21,8.716
1107,2,0,1,2016,5,5,17,21,8.816
1108,2,0,1,2016,5,5,17,21,11.049
1109,2,0,1,2016,5,5,17,21,11.433
1110,2,0,1,2016,5,5,17,22,10.232
1111,2,0,1,2016,5,5,17,22,10.354
1112,2,0,1,2016,5,5,17,22,10.926
1113,2,0,1,2016,5,5,17,22,11.915
1114,2,0,1,2016,5,5,17,22,12.186
1115,2,0,1,2016,5,5,17,22,12.815
1116,2,0,1,2016,5,5,17,22,14.052
1117,2,0,1,2016,5,5,17,22,14.173
1118,2,0,1,2016,5,5,17,22,14.96
1119,2,0,1,2016,5,5,17,22,16.401
1120,2,0,1,2016,5,5,17,22,17.099
1121,2,0,1,2016,5,5,17,22,21.468
1122,2,0,1,2016,5,5,17,22,21.575
1123,2,0,1,2016,5,5,17,22,21.745
1124,2,0,1,2016,5,5,17,22,21.86
1125,2,0,1,2016,5,5,17,22,22.015
1126,2,0,1,2016,5,5,17,22,27.599
1127,2,0,1,2016,5,5,17,22,29.765
1128,2,0,1,2016,5,5,17,22,45.078
1129,2,0,1,2016,5,5,17,22,45.192
1130,2,0,1,2016,5,5,17,22,45.342
1131,2,0,1,2016,5,5,17,22,48.628
1132,2,0,1,2016,5,5,17,22,48.739
1133,2,0,1,2016,5,5,17,22,49.769
1134,2,0,1,2016,5,5,17,22,49.962
1135,2,0,1,2016,5,5,17,22,51.268
1136,2,0,1,2016,5,5,17,22,51.85
1137,2,0,1,2016,5,5,17,22,52.956
1138,2,0,1,2016,5,5,17,22,53.284
1139,2,0,1,2016,5,5,17,22,53.571
1140,2,0,1,2016,5,5,17,22,53.872
1141,2,0,1,2016,5,5,17,23,14.644
1142,2,0,1,2016,5,5,17,23,15.186
1143,2,0,1,2016,5,5,17,23,15.3
1144,2,0,1,2016,5,5,17,23,15.856
1145,2,0,1,2016,5,5,17,23,16.323
1146,2,0,1,2016,5,5,17,23,16.727
1147,2,0,1,2016,5,5,17,23,16.885
1148,2,0,1,2016,5,5,17,23,17.402
1149,2,0,1,2016,5,5,17,23,18.16
1150,2,0,1,2016,5,5,17,23,18.939
1151,2,0,1,2016,5,5,17,23,19.113
1152,2,0,1,2016,5,5,17,23,20.991
1153,2,0,1,2016,5,5,17,23,21.561
1154,2,0,1,2016,5,5,17,23,23.323
1155,2,0,1,2016,5,5,17,23,23.476
1156,2,0,1,2016,5,5,17,23,52.95
1157,2,0,1,2016,5,5,17,23,53.076
1158,2,0,1,2016,5,5,17,23,53.227
1159,2,0,1,2016,5,5,17,23,54.021
1160,2,0,1,2016,5,5,17,23,54.106
1161,2,0,1,2016,5,5,17,23,55.383
1162,2,0,1,2016,5,5,17,23,55.711
1163,2,0,1,2016,5,5,17,23,55.886
1164,2,0,1,2016,5,5,17,23,56.64
1165,2,0,1,2016,5,5,17,27,49.362
1166,2,0,1,2016,5,5,17,27,49.465
1167,2,0,1,2016,5,5,17,27,49.573
1168,2,0,1,2016,5,5,17,27,51.055
1169,2,0,1,2016,5,5,17,27,51.266
1170,2,0,1,2016,5,5,17,27,55.59
1171,2,0,1,2016,5,5,17,27,55.708
1172,2,0,1,2016,5,5,17,27,55.869
1173,2,0,1,2016,5,5,17,27,56.828
1174,2,0,1,2016,5,5,17,27,57.011
1175,2,0,1,2016,5,5,17,27,59.166
1176,2,0,1,2016,5,5,17,27,59.573
1177,2,0,1,2016,5,5,17,28,0.304
1178,2,0,1,2016,5,5,17,28,1.526
1179,2,0,1,2016,5,5,17,28,1.819
1180,1,0,1,2016,5,5,17,29,0.839
1181,1,0,1,2016,5,5,17,29,2.859
1182,1,0,1,2016,5,5,17,29,4.409
1183,1,0,1,2016,5,5,17,29,4.51
1184,2,0,1,2016,5,5,17,29,47.566
1185,2,0,1,2016,5,5,17,29,47.678
1186,2,0,1,2016,5,5,17,29,47.773
1187,2,0,1,2016,5,5,17,29,49.658
1188,2,0,1,2016,5,5,17,29,51.252
1189,2,0,1,2016,5,5,17,29,51.37
1190,1,0,1,2016,5,5,17,30,3.082
1191,1,0,1,2016,5,5,17,33,3.667
1192,1,0,1,2016,5,5,17,33,4.191
1193,1,0,1,2016,5,5,17,33,5.578
1194,1,0,1,2016,5,5,17,33,5.78
1195,1,0,1,2016,5,5,17,33,14.532
1196,1,0,1,2016,5,5,17,33,18.913
1197,1,0,1,2016,5,5,17,33,35.339
1198,1,0,1,2016,5,5,17,33,35.951
1199,1,0,1,2016,5,5,17,33,36.928
1200,1,0,1,2016,5,5,17,33,39.995
1201,1,0,1,2016,5,5,17,33,40.106
1202,1,0,1,2016,5,5,17,33,44.453
1203,1,0,1,2016,5,5,17,33,47.928
1204,1,0,1,2016,5,5,17,33,48.631
1205,1,0,1,2016,5,5,17,34,49.902
1206,1,0,1,2016,5,5,17,34,51.673
1207,1,0,1,2016,5,5,17,36,29.461
1208,1,0,1,2016,5,5,17,36,29.638
1209,1,0,1,2016,5,5,17,36,30.838
1210,1,0,1,2016,5,5,17,36,31.048
1211,1,0,1,2016,5,5,17,36,31.204
1212,1,0,1,2016,5,5,17,36,37.989
1213,1,0,1,2016,5,5,17,36,40.191
1214,2,0,1,2016,5,5,17,37,50.985
1215,2,0,1,2016,5,5,17,37,51.916
1216,2,0,1,2016,5,5,17,37,52.099
1217,2,0,1,2016,5,5,17,37,53.088
1218,2,0,1,2016,5,5,17,37,53.207
1219,2,0,1,2016,5,5,17,37,53.825
1220,2,0,1,2016,5,5,17,37,54.642
1221,2,0,1,2016,5,5,17,37,54.935
1222,2,0,1,2016,5,5,17,37,55.168
1223,2,0,1,2016,5,5,17,37,55.334
1224,2,0,1,2016,5,5,17,37,57.212
1225,2,0,1,2016,5,5,17,37,57.385
1226,2,0,1,2016,5,5,17,37,57.48
1227,2,0,1,2016,5,5,17,37,59.255
1228,2,0,1,2016,5,5,17,37,59.72
1229,1,0,1,2016,5,5,17,43,16.219
1230,1,0,1,2016,5,5,17,43,16.772
1231,1,0,1,2016,5,5,17,43,18.517
1232,1,0,1,2016,5,5,17,43,18.807
1233,1,0,1,2016,5,5,17,43,20.209
1234,1,0,1,2016,5,5,17,43,24.023
1235,1,0,1,2016,5,5,17,43,37.065
1236,1,0,1,2016,5,5,17,43,39.638
1237,1,0,1,2016,5,5,17,43,41.145
1238,1,0,1,2016,5,5,17,43,42.451
1239,1,0,1,2016,5,5,17,44,2.962
1240,1,0,1,2016,5,5,17,44,3.852
1241,1,0,1,2016,5,5,17,44,3.971
1242,1,0,1,2016,5,5,17,44,7.991
1243,2,0,1,2016,5,5,17,47,30.357
1244,2,0,1,2016,5,5,17,47,35.911
1245,1,0,1,2016,5,5,17,48,12.364
1246,1,0,1,2016,5,5,17,48,12.483
1247,1,0,1,2016,5,5,17,48,12.667
1248,2,0,1,2016,5,5,17,52,16.816
1249,2,0,1,2016,5,5,17,52,20.28
1250,2,0,1,2016,5,5,17,52,20.389
1251,2,0,1,2016,5,5,17,52,21.329
1252,2,0,1,2016,5,5,17,52,23.133
1253,2,0,1,2016,5,5,17,52,24.072
1254,2,0,1,2016,5,5,17,52,24.245
1255,2,0,1,2016,5,5,17,55,30.324
1256,2,0,1,2016,5,5,17,55,31.622
1257,2,0,1,2016,5,5,17,55,33.248
1258,2,0,1,2016,5,5,17,55,34.279
1259,2,0,1,2016,5,5,17,55,34.424
1260,2,0,1,2016,5,5,17,55,36.132
1261,2,0,1,2016,5,5,17,59,32.311
1262,2,0,1,2016,5,5,17,59,33.112
1263,2,0,1,2016,5,5,17,59,33.578
1264,2,0,1,2016,5,5,17,59,33.808
1265,2,0,1,2016,5,5,17,59,34.677
1266,2,0,1,2016,5,5,17,59,35.65
1267,2,0,1,2016,5,5,17,59,36.387
1268,2,0,1,2016,5,5,17,59,37.482
1269,2,0,1,2016,5,5,17,59,37.638
1270,2,0,1,2016,5,5,17,59,39.738
1271,2,0,1,2016,5,5,17,59,41.134
1272,2,0,1,2016,5,5,17,59,42.241
1273,2,0,1,2016,5,5,17,59,43.678
1274,2,0,1,2016,5,5,17,59,45.507
1275,2,0,1,2016,5,5,17,59,46.746
1276,2,0,1,2016,5,5,17,59,47.532
1277,2,0,1,2016,5,5,18,0,14.626
1278,2,0,1,2016,5,5,18,0,14.741
1279,2,0,1,2016,5,5,18,0,15.429
1280,2,0,1,2016,5,5,18,0,16.223
1281,2,0,1,2016,5,5,18,0,16.395
1282,2,0,1,2016,5,5,18,0,16.689
1283,2,0,1,2016,5,5,18,0,18.094
1284,2,0,1,2016,5,5,18,0,19.008
1285,2,0,1,2016,5,5,18,0,19.474
1286,2,0,1,2016,5,5,18,4,12.543
1287,2,0,1,2016,5,5,18,4,14.696
1288,2,0,1,2016,5,5,18,4,14.867
1289,2,0,1,2016,5,5,18,4,14.964
1290,2,0,1,2016,5,5,18,4,15.765
1291,2,0,1,2016,5,5,18,4,17.508
1292,2,0,1,2016,5,5,18,4,19.372
1293,2,0,1,2016,5,5,18,4,23.449
1294,2,0,1,2016,5,5,18,4,23.773
1295,2,0,1,2016,5,5,18,5,40.64
1296,2,0,1,2016,5,5,18,5,41.723
1297,2,0,1,2016,5,5,18,5,43.27
1298,2,0,1,2016,5,5,18,5,43.422
1299,2,0,1,2016,5,5,18,5,43.614
1300,2,0,1,2016,5,5,18,5,43.949
1301,2,0,1,2016,5,5,18,5,45.923
1302,2,0,1,2016,5,5,18,5,47.019
1303,2,0,1,2016,5,5,18,5,47.17
1304,2,0,1,2016,5,5,18,6,6.834
1305,1,0,1,2016,5,5,18,8,47.462
1306,1,0,1,2016,5,5,18,8,51.429
1307,1,0,1,2016,5,5,18,8,55.684
1308,1,0,1,2016,5,5,18,17,7.646
1309,1,0,1,2016,5,5,18,17,8.455
1310,1,0,1,2016,5,5,18,17,21.707
1311,1,0,1,2016,5,5,18,17,22.156
1312,1,0,1,2016,5,5,18,17,30.536
1313,1,0,1,2016,5,5,18,17,31.112
1314,1,0,1,2016,5,5,18,17,32.496
1315,1,0,1,2016,5,5,18,17,36.127
1316,1,0,1,2016,5,5,18,17,38.786
1317,1,0,1,2016,5,5,18,17,39.673
1318,1,0,1,2016,5,5,18,17,40.258
1319,1,0,1,2016,5,5,18,17,41.52
1320,1,0,1,2016,5,5,18,17,42.384
1321,1,0,1,2016,5,5,18,17,43.32
1322,1,0,1,2016,5,5,18,17,45.059
1323,1,0,1,2016,5,5,18,17,45.914
1324,1,0,1,2016,5,5,18,17,48.573
1325,1,0,1,2016,5,5,18,17,49.212
1326,1,0,1,2016,5,5,18,17,50.316
1327,1,0,1,2016,5,5,18,18,38.261
1328,1,0,1,2016,5,5,18,18,41.172
1329,1,0,1,2016,5,5,18,18,41.597
1330,2,0,1,2016,5,5,18,33,8.143
1331,2,0,1,2016,5,5,18,33,8.379
1332,2,0,1,2016,5,5,18,33,9.826
1333,2,0,1,2016,5,5,18,33,9.937
1334,2,0,1,2016,5,5,18,33,11.446
1335,2,0,1,2016,5,5,18,33,11.591
1336,2,0,1,2016,5,5,18,37,28.334
1337,2,0,1,2016,5,5,18,37,29.153
1338,2,0,1,2016,5,5,18,37,30.835
1339,2,0,1,2016,5,5,18,39,5.697
1340,2,0,1,2016,5,5,18,39,5.927
1341,2,0,1,2016,5,5,18,39,6.9
1342,2,0,1,2016,5,5,18,39,8.359
1343,2,0,1,2016,5,5,18,39,10.124
1344,2,0,1,2016,5,5,18,39,10.301
1345,2,0,1,2016,5,5,18,39,10.471
1346,2,0,1,2016,5,5,18,39,24.981
1347,2,0,1,2016,5,5,18,39,26.37
1348,2,0,1,2016,5,5,18,39,26.802
1349,2,0,1,2016,5,5,18,39,27.067
1350,2,0,1,2016,5,5,18,39,27.866
1351,2,0,1,2016,5,5,18,39,28.955
1352,2,0,1,2016,5,5,18,39,29.414
1353,2,0,1,2016,5,5,18,39,29.534
1354,2,0,1,2016,5,5,18,39,29.947
1355,2,0,1,2016,5,5,18,39,30.247
1356,2,0,1,2016,5,5,18,39,32.44
1357,2,0,1,2016,5,5,18,39,33.642
1358,2,0,1,2016,5,5,18,39,34.082
1359,2,0,1,2016,5,5,18,42,16.357
1360,2,0,1,2016,5,5,18,42,16.482
1361,2,0,1,2016,5,5,18,42,20.413
1362,2,0,1,2016,5,5,18,42,20.646
1363,2,0,1,2016,5,5,18,42,21.733
1364,2,0,1,2016,5,5,18,42,35.7
1365,2,0,1,2016,5,5,18,42,36.023
1366,2,0,1,2016,5,5,18,42,37.232
1367,2,0,1,2016,5,5,18,42,37.355
1368,2,0,1,2016,5,5,18,42,37.58
1369,2,0,1,2016,5,5,18,42,39.779
1370,2,0,1,2016,5,5,18,42,41.114
1371,2,0,1,2016,5,5,18,42,41.696
1372,2,0,1,2016,5,5,18,42,42.472
1373,2,0,1,2016,5,5,18,42,42.592
1374,2,0,1,2016,5,5,18,43,14.506
1375,2,0,1,2016,5,5,18,43,14.873
1376,2,0,1,2016,5,5,18,44,41.03
1377,2,0,1,2016,5,5,18,44,41.207
1378,2,0,1,2016,5,5,18,44,41.732
1379,2,0,1,2016,5,5,18,44,41.855
1380,2,0,1,2016,5,5,18,44,42.085
1381,2,0,1,2016,5,5,18,44,44.23
1382,2,0,1,2016,5,5,18,44,44.35
1383,2,0,1,2016,5,5,18,45,3.4
1384,2,0,1,2016,5,5,18,45,3.601
