Var1_ 1,Var1_ 2,Var1_ 3,Var1_ 4,Var1_ 5,Var1_ 6,Var1_ 7,Var1_ 8,Var1_ 9,Var1_10
0,0,0,0,2016,4,6,10,5,7.12
1,2,2,1,2016,4,6,10,13,11.454
2,2,2,1,2016,4,6,10,30,33.157
3,2,2,1,2016,4,6,10,34,35.958
4,2,2,1,2016,4,6,10,35,7.474
5,2,1,1,2016,4,6,10,35,25.555
6,2,0,1,2016,4,6,10,35,28.222
7,2,2,1,2016,4,6,10,35,29.37
8,2,2,1,2016,4,6,10,35,38.921
9,2,0,1,2016,4,6,10,35,39.103
10,2,0,1,2016,4,6,10,35,39.265
11,2,1,1,2016,4,6,10,35,48.613
12,2,2,1,2016,4,6,10,36,18.433
13,2,0,1,2016,4,6,10,36,18.473
14,2,2,1,2016,4,6,10,36,22.145
15,2,0,1,2016,4,6,10,36,22.404
16,2,2,1,2016,4,6,10,36,59.591
17,2,0,1,2016,4,6,10,37,2.455
18,2,1,1,2016,4,6,10,37,2.596
19,2,0,1,2016,4,6,10,37,2.692
20,2,2,1,2016,4,6,10,37,16.627
21,2,1,1,2016,4,6,10,38,3.473
22,2,2,1,2016,4,6,10,38,8.753
23,2,0,1,2016,4,6,10,38,8.819
24,2,0,1,2016,4,6,10,38,9.039
25,2,1,1,2016,4,6,10,38,18.826
26,2,0,1,2016,4,6,10,38,19.067
27,2,2,1,2016,4,6,10,38,45.047
28,2,2,1,2016,4,6,10,38,50.46
29,2,2,1,2016,4,6,10,46,3.347
30,2,0,1,2016,4,6,10,46,3.846
31,2,2,1,2016,4,6,10,47,27.748
32,2,2,1,2016,4,6,10,50,51.922
33,2,1,1,2016,4,6,10,51,18.008
34,2,2,1,2016,4,6,10,51,36.273
35,2,0,1,2016,4,6,10,51,36.581
36,2,2,1,2016,4,6,10,51,40.427
37,2,0,1,2016,4,6,10,51,40.532
38,2,1,1,2016,4,6,10,51,43.469
39,2,1,1,2016,4,6,10,52,52.71
40,2,1,1,2016,4,6,10,52,59.867
41,2,0,1,2016,4,6,10,53,0.201
42,2,1,1,2016,4,6,10,53,14.587
43,2,0,1,2016,4,6,10,53,14.703
44,2,0,1,2016,4,6,10,53,14.804
45,2,2,1,2016,4,6,10,53,22.125
46,2,0,1,2016,4,6,10,53,22.231
47,2,2,1,2016,4,6,10,53,25.669
48,2,0,1,2016,4,6,10,53,25.839
49,2,0,1,2016,4,6,10,53,25.91
50,2,0,1,2016,4,6,10,53,26.452
51,2,1,1,2016,4,6,10,53,36.005
52,2,2,1,2016,4,6,10,53,44.283
53,2,0,1,2016,4,6,10,53,46.706
54,2,1,1,2016,4,6,10,53,48.666
55,2,2,1,2016,4,6,10,53,57.713
56,2,0,1,2016,4,6,10,53,58.323
57,2,0,1,2016,4,6,10,54,0.414
58,2,2,1,2016,4,6,10,54,1.187
59,2,2,1,2016,4,6,10,54,7.675
60,2,0,1,2016,4,6,10,54,7.828
61,2,0,1,2016,4,6,10,54,9.228
62,2,0,1,2016,4,6,10,54,9.703
63,2,1,1,2016,4,6,10,54,13.118
64,2,2,1,2016,4,6,11,14,31.648
65,2,1,1,2016,4,6,11,15,6.851
66,2,0,1,2016,4,6,11,15,7.037
67,2,0,1,2016,4,6,11,15,7.254
68,2,1,1,2016,4,6,11,15,17.371
69,2,2,1,2016,4,6,11,15,22.084
70,2,0,1,2016,4,6,11,15,24.621
71,2,2,1,2016,4,6,11,15,25.251
72,2,1,1,2016,4,6,11,15,37.065
73,2,0,1,2016,4,6,11,15,39.358
74,2,2,1,2016,4,6,11,15,41.432
75,2,0,1,2016,4,6,11,15,42.009
76,2,0,1,2016,4,6,11,15,43.291
77,2,0,1,2016,4,6,11,15,43.532
78,2,0,1,2016,4,6,11,15,43.595
79,2,0,1,2016,4,6,11,15,43.664
80,2,1,1,2016,4,6,11,15,44.441
81,2,2,1,2016,4,6,11,22,20.789
82,2,0,1,2016,4,6,11,22,20.952
83,2,0,1,2016,4,6,11,22,21.058
84,2,1,1,2016,4,6,11,25,27.607
85,2,1,1,2016,4,6,11,25,44.927
86,2,2,1,2016,4,6,11,37,49.667
87,2,1,1,2016,4,6,11,39,41.568
88,2,1,1,2016,4,6,11,39,54.063
89,2,1,1,2016,4,6,11,40,6.483
90,2,0,1,2016,4,6,11,40,6.764
91,2,0,1,2016,4,6,11,40,8.929
92,2,1,1,2016,4,6,11,40,12.965
93,2,0,1,2016,4,6,11,40,15.547
94,2,1,1,2016,4,6,11,40,22.103
95,2,1,1,2016,4,6,12,12,52.142
96,2,0,1,2016,4,6,12,12,52.451
97,2,1,1,2016,4,6,12,12,59.525
98,2,0,1,2016,4,6,12,12,59.721
99,2,1,1,2016,4,6,12,13,18.261
100,2,1,1,2016,4,6,12,13,22.941
101,2,1,1,2016,4,6,12,13,32.041
102,2,1,1,2016,4,6,12,13,56.139
103,2,0,1,2016,4,6,12,14,17.731
104,2,0,1,2016,4,6,12,14,18.683
105,2,0,1,2016,4,6,12,14,19.305
106,2,0,1,2016,4,6,12,14,19.491
107,2,0,1,2016,4,6,12,14,20.021
108,2,0,1,2016,4,6,12,14,20.104
109,2,0,1,2016,4,6,12,14,22.518
110,2,0,1,2016,4,6,12,14,24.198
111,2,0,1,2016,4,6,12,14,25.857
112,2,0,1,2016,4,6,12,14,26.121
113,2,0,1,2016,4,6,12,14,26.223
114,2,0,1,2016,4,6,12,14,26.621
115,2,0,1,2016,4,6,12,14,26.955
116,2,0,1,2016,4,6,12,14,27.173
117,2,0,1,2016,4,6,12,14,28.354
118,2,0,1,2016,4,6,12,14,30.219
119,2,0,1,2016,4,6,12,14,30.805
120,2,0,1,2016,4,6,12,14,32.446
121,2,0,1,2016,4,6,12,14,32.663
122,2,0,1,2016,4,6,12,14,33.959
123,2,0,1,2016,4,6,12,14,37.613
124,2,0,1,2016,4,6,12,14,38.538
125,2,0,1,2016,4,6,12,14,41.025
126,2,0,1,2016,4,6,12,14,41.178
127,2,0,1,2016,4,6,12,14,54.141
128,2,0,1,2016,4,6,12,14,57.104
129,2,0,1,2016,4,6,12,14,58.245
130,2,0,1,2016,4,6,12,14,58.308
131,2,0,1,2016,4,6,12,15,4.521
132,2,0,1,2016,4,6,12,28,1.187
133,1,0,1,2016,4,6,13,14,49.942
134,2,0,1,2016,4,6,13,48,46.306
135,2,0,1,2016,4,6,13,48,51.851
136,1,0,1,2016,4,6,13,53,37.226
137,1,0,1,2016,4,6,13,53,37.687
138,2,0,1,2016,4,6,14,15,36.763
139,1,0,1,2016,4,6,14,16,25.985
140,2,0,1,2016,4,6,14,16,44.011
141,1,0,1,2016,4,6,14,23,30.249
142,1,0,1,2016,4,6,14,23,30.959
143,2,0,1,2016,4,6,14,46,7.563
144,2,0,1,2016,4,6,14,56,6.408
145,2,0,1,2016,4,6,15,24,54.816
146,1,0,1,2016,4,6,15,26,44.854
147,1,0,1,2016,4,6,15,26,45.172
148,2,0,1,2016,4,6,16,17,45.726
149,2,0,1,2016,4,6,16,17,56.646
150,2,0,1,2016,4,6,16,18,0.207
151,2,0,1,2016,4,6,16,22,35.107
152,2,0,1,2016,4,6,16,22,35.963
153,2,0,1,2016,4,6,16,22,36.179
154,2,0,1,2016,4,6,16,22,37.705
155,2,0,1,2016,4,6,16,59,14.853
156,2,0,1,2016,4,6,16,59,15.085
157,2,0,1,2016,4,6,17,50,35.613
158,2,0,1,2016,4,6,17,50,40.247
159,2,0,1,2016,4,6,17,50,43.248
160,2,0,1,2016,4,6,17,50,43.576
161,2,0,1,2016,4,6,17,50,44.184
162,2,0,1,2016,4,6,17,50,44.294
163,2,0,1,2016,4,6,17,50,46.243
164,2,0,1,2016,4,6,17,50,46.921
165,2,0,1,2016,4,6,17,50,47.07
166,2,0,1,2016,4,6,17,50,47.246
167,2,0,1,2016,4,6,17,50,48.236
168,2,0,1,2016,4,6,17,50,48.402
169,2,0,1,2016,4,6,17,50,48.985
170,2,0,1,2016,4,6,17,50,49.123
171,2,0,1,2016,4,6,17,50,51.407
172,2,0,1,2016,4,6,17,50,55.507
173,2,0,1,2016,4,6,17,50,56.838
174,2,0,1,2016,4,6,17,50,57.679
175,2,0,1,2016,4,6,17,51,0.709
176,2,0,1,2016,4,6,17,51,6.426
177,2,0,1,2016,4,6,17,52,1.8
178,2,0,1,2016,4,6,17,52,3.284
179,2,0,1,2016,4,6,17,52,3.861
180,2,0,1,2016,4,6,17,52,6.705
181,2,0,1,2016,4,6,17,52,17.073
182,2,0,1,2016,4,6,17,52,17.351
183,2,0,1,2016,4,6,17,52,21.263
184,2,0,1,2016,4,6,17,52,21.317
185,2,0,1,2016,4,6,17,52,28.736
186,2,0,1,2016,4,6,17,52,32.773
187,2,0,1,2016,4,6,17,52,35.132
188,2,0,1,2016,4,6,17,52,35.413
189,2,0,1,2016,4,6,17,52,37.924
190,2,0,1,2016,4,6,17,52,40.106
191,2,0,1,2016,4,6,17,52,40.553
192,2,0,1,2016,4,6,17,52,43.33
193,2,0,1,2016,4,6,17,52,43.79
194,2,0,1,2016,4,6,17,52,49.418
195,2,0,1,2016,4,6,17,52,53.252
196,2,0,1,2016,4,6,17,52,59.171
197,2,0,1,2016,4,6,17,52,59.551
198,2,0,1,2016,4,6,17,53,17.321
199,2,0,1,2016,4,6,17,53,18.577
200,2,0,1,2016,4,6,17,53,37.235
201,2,0,1,2016,4,6,17,53,56.501
202,2,0,1,2016,4,6,17,53,57.297
203,2,0,1,2016,4,6,17,54,4.453
204,2,0,1,2016,4,6,17,54,9.561
205,2,0,1,2016,4,6,17,54,41.577
206,2,0,1,2016,4,6,18,23,12.574
207,2,0,1,2016,4,6,18,23,13.849
208,2,0,1,2016,4,6,18,23,16.583
209,2,0,1,2016,4,6,18,26,39.027
210,2,0,1,2016,4,6,18,26,39.213
211,2,0,1,2016,4,6,18,26,53.35
