Var1_ 1,Var1_ 2,Var1_ 3,Var1_ 4,Var1_ 5,Var1_ 6,Var1_ 7,Var1_ 8,Var1_ 9,Var1_10
0,0,0,0,2016,5,10,10,5,13.407
1,2,2,1,2016,5,10,10,10,29.021
2,2,2,1,2016,5,10,10,10,42.901
3,2,2,1,2016,5,10,10,10,48.058
4,2,2,1,2016,5,10,10,10,55.37
5,2,1,1,2016,5,10,10,11,0.424
6,2,0,1,2016,5,10,10,11,0.682
7,2,2,1,2016,5,10,10,11,8.7
8,2,2,1,2016,5,10,10,11,13.65
9,2,1,1,2016,5,10,10,11,26.266
10,2,2,1,2016,5,10,10,11,29.974
11,2,0,1,2016,5,10,10,11,31.322
12,2,0,1,2016,5,10,10,11,32.726
13,2,2,1,2016,5,10,10,11,38.653
14,2,2,1,2016,5,10,10,11,42.127
15,2,0,1,2016,5,10,10,11,42.273
16,2,0,1,2016,5,10,10,11,44.002
17,2,1,1,2016,5,10,10,11,45.675
18,2,2,1,2016,5,10,10,11,49.023
19,2,1,1,2016,5,10,10,11,52.31
20,2,2,1,2016,5,10,10,11,59.198
21,2,1,1,2016,5,10,10,12,3.017
22,2,0,1,2016,5,10,10,12,4.475
23,2,2,1,2016,5,10,10,12,8.727
24,2,0,1,2016,5,10,10,12,10.879
25,2,2,1,2016,5,10,10,12,14.155
26,2,2,1,2016,5,10,10,12,19.825
27,2,2,1,2016,5,10,10,12,24.682
28,2,0,1,2016,5,10,10,12,24.82
29,2,0,1,2016,5,10,10,12,26.292
30,2,2,1,2016,5,10,10,12,28.17
31,2,1,1,2016,5,10,10,18,59.762
32,2,0,1,2016,5,10,10,19,0.293
33,2,0,1,2016,5,10,10,19,0.368
34,2,2,1,2016,5,10,10,19,27.447
35,2,0,1,2016,5,10,10,19,29.202
36,2,2,1,2016,5,10,10,19,31.283
37,2,1,1,2016,5,10,10,19,34.662
38,2,1,1,2016,5,10,10,19,43.232
39,2,1,1,2016,5,10,10,19,50.922
40,2,1,1,2016,5,10,10,27,38.266
41,2,0,1,2016,5,10,10,27,39.033
42,2,2,1,2016,5,10,10,27,50.26
43,2,2,1,2016,5,10,10,28,9.589
44,2,0,1,2016,5,10,10,28,11.824
45,2,1,1,2016,5,10,10,28,14.919
46,2,2,1,2016,5,10,10,28,21.48
47,2,0,1,2016,5,10,10,28,22.167
48,2,1,1,2016,5,10,10,28,28.338
49,2,2,1,2016,5,10,10,29,43.183
50,2,2,1,2016,5,10,10,29,48.044
51,2,2,1,2016,5,10,10,29,56.733
52,2,0,1,2016,5,10,10,29,57.019
53,2,1,1,2016,5,10,10,30,6.413
54,2,0,1,2016,5,10,10,30,7.963
55,2,0,1,2016,5,10,10,30,8.491
56,2,2,1,2016,5,10,10,30,12.445
57,2,0,1,2016,5,10,10,30,13.187
58,2,0,1,2016,5,10,10,30,14.523
59,2,1,1,2016,5,10,10,30,16.611
60,2,1,1,2016,5,10,10,30,23.762
61,2,0,1,2016,5,10,10,30,26.642
62,2,2,1,2016,5,10,10,30,28.752
63,2,0,1,2016,5,10,10,30,30.709
64,2,0,1,2016,5,10,10,30,30.914
65,2,2,1,2016,5,10,10,30,32.263
66,2,0,1,2016,5,10,10,30,32.431
67,2,0,1,2016,5,10,10,30,33.206
68,2,1,1,2016,5,10,10,30,38.73
69,2,0,1,2016,5,10,10,30,40.037
70,2,2,1,2016,5,10,10,30,42.974
71,2,0,1,2016,5,10,10,30,43.098
72,2,0,1,2016,5,10,10,30,43.999
73,2,0,1,2016,5,10,10,30,44.69
74,2,1,1,2016,5,10,10,30,47.14
75,2,0,1,2016,5,10,10,30,47.401
76,2,0,1,2016,5,10,10,30,48.376
77,2,0,1,2016,5,10,10,30,49.103
78,2,2,1,2016,5,10,10,31,26.196
79,2,0,1,2016,5,10,10,31,26.251
80,2,1,1,2016,5,10,10,31,45.483
81,2,0,1,2016,5,10,10,31,45.644
82,2,0,1,2016,5,10,10,31,45.743
83,2,1,1,2016,5,10,10,31,57.64
84,2,0,1,2016,5,10,10,31,57.745
85,2,2,1,2016,5,10,10,32,2.622
86,2,0,1,2016,5,10,10,32,2.774
87,2,0,1,2016,5,10,10,32,3.098
88,2,0,1,2016,5,10,10,32,4.833
89,2,1,1,2016,5,10,10,32,6.195
90,2,1,1,2016,5,10,10,32,10.975
91,2,1,1,2016,5,10,10,32,16.907
92,2,1,1,2016,5,10,10,32,24.059
93,2,0,1,2016,5,10,10,32,26.395
94,2,1,1,2016,5,10,10,32,28.163
95,2,0,1,2016,5,10,10,32,29.39
96,2,1,1,2016,5,10,10,32,42.134
97,2,1,1,2016,5,10,10,33,1.39
98,2,0,1,2016,5,10,10,33,1.506
99,2,0,1,2016,5,10,10,33,2.806
100,2,1,1,2016,5,10,10,33,13.996
101,2,1,1,2016,5,10,10,33,18.027
102,2,0,1,2016,5,10,10,33,18.719
103,2,1,1,2016,5,10,10,33,28.426
104,2,0,1,2016,5,10,10,33,30.842
105,2,1,1,2016,5,10,10,33,32.764
106,2,0,1,2016,5,10,10,33,41.982
107,2,0,1,2016,5,10,10,36,35.021
108,2,0,1,2016,5,10,10,36,35.584
109,2,0,1,2016,5,10,10,36,42.77
110,2,0,1,2016,5,10,10,36,43.941
111,1,0,1,2016,5,10,10,42,27.387
112,2,0,1,2016,5,10,10,42,47.177
113,2,0,1,2016,5,10,10,42,49.291
114,2,0,1,2016,5,10,10,42,50.915
115,2,0,1,2016,5,10,10,42,53.009
116,2,0,1,2016,5,10,10,42,56.151
117,2,0,1,2016,5,10,10,47,23.412
118,2,0,1,2016,5,10,10,52,41.648
119,2,0,1,2016,5,10,10,52,41.759
120,2,0,1,2016,5,10,10,52,41.818
121,2,0,1,2016,5,10,10,52,41.916
122,2,0,1,2016,5,10,10,52,42.056
123,2,0,1,2016,5,10,11,24,57.404
124,2,0,1,2016,5,10,11,24,58.196
125,2,0,1,2016,5,10,11,29,4.938
126,2,0,1,2016,5,10,11,37,58.468
127,2,0,1,2016,5,10,11,44,36.36
128,2,0,1,2016,5,10,11,44,38.102
129,2,0,1,2016,5,10,11,44,47.876
130,2,0,1,2016,5,10,11,44,55.911
131,2,0,1,2016,5,10,11,55,53.512
132,2,0,1,2016,5,10,11,55,54.459
133,2,0,1,2016,5,10,11,55,55.554
134,2,0,1,2016,5,10,11,57,19.781
135,2,0,1,2016,5,10,11,58,7.88
136,2,0,1,2016,5,10,11,58,10.2
137,2,0,1,2016,5,10,12,1,1.267
138,2,0,1,2016,5,10,12,1,9.831
139,2,0,1,2016,5,10,12,3,29.246
140,1,0,1,2016,5,10,12,5,40.925
141,2,0,1,2016,5,10,12,11,43.524
142,2,0,1,2016,5,10,12,11,53.212
143,2,0,1,2016,5,10,12,12,11.101
144,2,0,1,2016,5,10,12,12,14.5
145,2,0,1,2016,5,10,12,12,16.59
146,2,0,1,2016,5,10,12,12,36.191
147,2,0,1,2016,5,10,12,23,19.075
148,2,0,1,2016,5,10,12,23,20.293
149,2,0,1,2016,5,10,12,23,21.942
150,2,0,1,2016,5,10,12,23,41.035
151,2,0,1,2016,5,10,12,23,42.522
152,2,0,1,2016,5,10,12,33,14.738
153,2,0,1,2016,5,10,12,33,15.202
154,2,0,1,2016,5,10,12,33,16.363
155,2,0,1,2016,5,10,12,33,17.137
156,2,0,1,2016,5,10,12,33,23.727
157,2,0,1,2016,5,10,12,51,18.523
158,2,0,1,2016,5,10,12,51,20.882
159,2,0,1,2016,5,10,12,51,24.271
160,2,0,1,2016,5,10,12,51,55.264
161,2,0,1,2016,5,10,12,51,56.005
162,2,0,1,2016,5,10,12,51,56.603
163,2,0,1,2016,5,10,12,51,56.661
164,2,0,1,2016,5,10,12,51,59.139
165,2,0,1,2016,5,10,12,52,37.885
166,2,0,1,2016,5,10,12,52,39.832
167,2,0,1,2016,5,10,12,52,41.468
168,2,0,1,2016,5,10,12,52,44.17
169,2,0,1,2016,5,10,12,52,45.21
170,2,0,1,2016,5,10,12,52,46.119
171,2,0,1,2016,5,10,12,52,47.807
172,2,0,1,2016,5,10,12,52,49.836
173,2,0,1,2016,5,10,12,52,52.461
174,2,0,1,2016,5,10,12,52,53.855
175,2,0,1,2016,5,10,12,52,56.17
176,2,0,1,2016,5,10,12,52,57.564
177,2,0,1,2016,5,10,12,53,0.171
178,2,0,1,2016,5,10,12,53,1.644
179,2,0,1,2016,5,10,12,53,3.85
180,2,0,1,2016,5,10,12,53,5.362
181,2,0,1,2016,5,10,12,53,7.057
182,2,0,1,2016,5,10,12,53,7.77
183,2,0,1,2016,5,10,12,53,16.31
184,2,0,1,2016,5,10,12,53,18.129
185,2,0,1,2016,5,10,12,53,20.69
186,2,0,1,2016,5,10,12,53,22.294
187,2,0,1,2016,5,10,12,53,23.019
188,2,0,1,2016,5,10,12,53,25.713
189,2,0,1,2016,5,10,12,53,58.348
190,2,0,1,2016,5,10,12,54,0.05
191,2,0,1,2016,5,10,12,54,1.631
192,2,0,1,2016,5,10,12,54,2.469
193,2,0,1,2016,5,10,12,54,4.651
194,2,0,1,2016,5,10,12,54,5.848
195,2,0,1,2016,5,10,12,54,7.772
196,1,0,1,2016,5,10,12,59,8.969
197,1,0,1,2016,5,10,12,59,9.122
198,2,0,1,2016,5,10,13,4,4.701
199,1,0,1,2016,5,10,13,5,22.047
200,2,0,1,2016,5,10,13,25,26.522
201,2,0,1,2016,5,10,13,25,36.011
202,2,0,1,2016,5,10,13,54,12.032
203,2,0,1,2016,5,10,14,12,50.67
204,2,0,1,2016,5,10,14,12,52.937
205,2,0,1,2016,5,10,14,12,58.09
206,2,0,1,2016,5,10,14,12,59.304
207,2,0,1,2016,5,10,14,13,1.708
208,2,0,1,2016,5,10,14,13,4.154
209,2,0,1,2016,5,10,14,13,22.055
210,2,0,1,2016,5,10,14,13,22.557
211,2,0,1,2016,5,10,14,13,25.016
212,2,0,1,2016,5,10,14,13,26.297
213,2,0,1,2016,5,10,14,13,27.482
214,2,0,1,2016,5,10,14,13,29.091
215,2,0,1,2016,5,10,14,13,31.413
216,2,0,1,2016,5,10,14,13,33.841
217,2,0,1,2016,5,10,14,13,36.845
218,2,0,1,2016,5,10,14,13,39.46
219,2,0,1,2016,5,10,14,13,42.556
220,2,0,1,2016,5,10,14,14,3.752
221,2,0,1,2016,5,10,14,14,19.838
222,2,0,1,2016,5,10,14,14,21.079
223,2,0,1,2016,5,10,14,14,22.449
224,2,0,1,2016,5,10,14,14,26.083
225,2,0,1,2016,5,10,14,14,26.993
226,2,0,1,2016,5,10,14,14,28.588
227,2,0,1,2016,5,10,14,14,30.714
228,2,0,1,2016,5,10,14,14,31.616
229,2,0,1,2016,5,10,14,14,36.008
230,2,0,1,2016,5,10,14,14,37.994
231,2,0,1,2016,5,10,14,14,41.692
232,2,0,1,2016,5,10,14,14,43.125
233,2,0,1,2016,5,10,14,14,44.66
234,2,0,1,2016,5,10,14,14,47.382
235,2,0,1,2016,5,10,14,14,48.261
236,2,0,1,2016,5,10,14,14,51.055
237,2,0,1,2016,5,10,14,14,51.994
238,2,0,1,2016,5,10,14,14,54.165
239,2,0,1,2016,5,10,14,14,55.998
240,2,0,1,2016,5,10,14,14,59.517
241,2,0,1,2016,5,10,14,27,17.99
242,2,0,1,2016,5,10,14,27,18.047
243,2,0,1,2016,5,10,14,27,20.732
244,2,0,1,2016,5,10,14,27,21.683
245,2,0,1,2016,5,10,14,27,23.935
246,2,0,1,2016,5,10,14,27,25.084
247,2,0,1,2016,5,10,14,27,25.918
248,2,0,1,2016,5,10,14,28,43.144
249,2,0,1,2016,5,10,14,28,45.626
250,2,0,1,2016,5,10,14,28,48.805
251,2,0,1,2016,5,10,14,28,51.923
252,2,0,1,2016,5,10,14,28,52.37
253,2,0,1,2016,5,10,14,29,5.231
254,2,0,1,2016,5,10,14,29,7.07
255,2,0,1,2016,5,10,14,29,10.164
256,2,0,1,2016,5,10,14,29,12.525
257,2,0,1,2016,5,10,14,29,14.165
258,2,0,1,2016,5,10,14,37,45.45
259,2,0,1,2016,5,10,14,37,46.834
260,2,0,1,2016,5,10,14,37,46.88
261,2,0,1,2016,5,10,14,37,52.663
262,2,0,1,2016,5,10,14,47,20.587
263,2,0,1,2016,5,10,14,47,22.846
264,2,0,1,2016,5,10,14,47,28.718
265,2,0,1,2016,5,10,14,47,29.868
266,2,0,1,2016,5,10,14,47,39.146
267,2,0,1,2016,5,10,14,48,0.948
268,2,0,1,2016,5,10,14,48,26.464
269,2,0,1,2016,5,10,14,48,32.48
270,2,0,1,2016,5,10,14,48,34.548
271,2,0,1,2016,5,10,14,48,36.415
272,2,0,1,2016,5,10,14,48,38.21
273,2,0,1,2016,5,10,14,49,20.596
274,2,0,1,2016,5,10,14,49,21.522
275,2,0,1,2016,5,10,14,49,23.797
276,2,0,1,2016,5,10,14,49,25.051
277,2,0,1,2016,5,10,14,49,27.228
278,2,0,1,2016,5,10,14,49,29.138
279,2,0,1,2016,5,10,14,49,30.481
280,2,0,1,2016,5,10,14,49,33.322
281,2,0,1,2016,5,10,14,49,35.527
282,2,0,1,2016,5,10,14,49,36.181
283,2,0,1,2016,5,10,14,49,37.823
284,2,0,1,2016,5,10,14,49,39.23
285,2,0,1,2016,5,10,14,49,40.889
286,2,0,1,2016,5,10,14,49,42.901
287,2,0,1,2016,5,10,14,50,8.393
288,2,0,1,2016,5,10,14,50,9.931
289,2,0,1,2016,5,10,14,50,11.839
290,2,0,1,2016,5,10,14,50,13.221
291,2,0,1,2016,5,10,14,50,15.615
292,2,0,1,2016,5,10,14,50,17.976
293,2,0,1,2016,5,10,14,50,19.383
294,2,0,1,2016,5,10,14,50,51.416
295,2,0,1,2016,5,10,14,50,52.962
296,2,0,1,2016,5,10,14,50,54.859
297,2,0,1,2016,5,10,14,50,58.358
298,2,0,1,2016,5,10,14,51,1.467
299,2,0,1,2016,5,10,14,51,2.381
300,2,0,1,2016,5,10,14,51,4.124
301,2,0,1,2016,5,10,14,51,6.414
302,2,0,1,2016,5,10,14,51,8.474
303,2,0,1,2016,5,10,14,51,28.249
304,2,0,1,2016,5,10,14,51,30.326
305,2,0,1,2016,5,10,14,51,32.151
306,2,0,1,2016,5,10,14,51,33.225
307,2,0,1,2016,5,10,14,51,36.057
308,2,0,1,2016,5,10,14,51,39.291
309,2,0,1,2016,5,10,14,52,18.058
310,2,0,1,2016,5,10,14,53,33.575
311,2,0,1,2016,5,10,14,59,2.27
312,2,0,1,2016,5,10,14,59,2.606
313,2,0,1,2016,5,10,14,59,3.033
314,2,0,1,2016,5,10,14,59,14.645
315,2,0,1,2016,5,10,14,59,14.851
316,2,0,1,2016,5,10,14,59,16.215
317,2,0,1,2016,5,10,14,59,17.747
318,2,0,1,2016,5,10,14,59,21.879
319,2,0,1,2016,5,10,14,59,21.957
320,2,0,1,2016,5,10,15,0,6.539
321,2,0,1,2016,5,10,15,1,10.076
322,2,0,1,2016,5,10,15,5,49.304
323,2,0,1,2016,5,10,15,10,42.606
324,2,0,1,2016,5,10,15,10,45.564
325,2,0,1,2016,5,10,15,16,47.172
326,2,0,1,2016,5,10,15,19,47.583
327,2,0,1,2016,5,10,15,20,31.914
328,2,0,1,2016,5,10,15,29,3.846
329,2,0,1,2016,5,10,15,30,3.13
330,2,0,1,2016,5,10,15,30,3.306
331,2,0,1,2016,5,10,15,30,7.14
332,2,0,1,2016,5,10,15,30,8.024
333,2,0,1,2016,5,10,15,30,8.641
334,2,0,1,2016,5,10,15,30,10.431
335,2,0,1,2016,5,10,15,30,12.139
336,2,0,1,2016,5,10,16,3,37.552
337,2,0,1,2016,5,10,16,4,25.97
338,2,0,1,2016,5,10,16,4,29.911
339,2,0,1,2016,5,10,16,4,31.66
340,2,0,1,2016,5,10,16,4,32.181
341,2,0,1,2016,5,10,16,6,1.719
342,2,0,1,2016,5,10,16,6,9.36
343,2,0,1,2016,5,10,16,6,11.486
344,2,0,1,2016,5,10,16,6,13.348
345,2,0,1,2016,5,10,16,6,19.707
346,2,0,1,2016,5,10,16,6,22.849
347,2,0,1,2016,5,10,16,6,24.859
348,2,0,1,2016,5,10,16,6,27.982
349,2,0,1,2016,5,10,16,8,59.051
350,2,0,1,2016,5,10,16,9,17.798
351,2,0,1,2016,5,10,16,11,55.537
352,2,0,1,2016,5,10,16,11,56.037
353,2,0,1,2016,5,10,16,11,56.353
354,2,0,1,2016,5,10,16,11,56.641
355,2,0,1,2016,5,10,16,12,11.026
356,2,0,1,2016,5,10,16,12,13.462
357,2,0,1,2016,5,10,16,14,47.823
358,2,0,1,2016,5,10,16,14,49.231
359,2,0,1,2016,5,10,16,52,35.724
360,2,0,1,2016,5,10,16,52,35.812
361,2,0,1,2016,5,10,16,56,32.682
362,2,0,1,2016,5,10,16,56,34.17
363,2,0,1,2016,5,10,16,56,34.38
364,2,0,1,2016,5,10,16,56,35.752
365,2,0,1,2016,5,10,17,4,18.743
366,2,0,1,2016,5,10,17,4,20.674
367,2,0,1,2016,5,10,17,4,22.093
368,2,0,1,2016,5,10,17,33,51.278
369,2,0,1,2016,5,10,17,33,54.454
370,2,0,1,2016,5,10,17,34,18.038
371,2,0,1,2016,5,10,17,34,20.72
372,2,0,1,2016,5,10,17,34,22.5
373,2,0,1,2016,5,10,17,34,24.381
374,2,0,1,2016,5,10,17,34,27.481
375,2,0,1,2016,5,10,17,34,28.962
376,2,0,1,2016,5,10,17,34,29.743
377,2,0,1,2016,5,10,17,34,31.8
378,2,0,1,2016,5,10,17,34,34.893
379,2,0,1,2016,5,10,17,34,35.492
380,2,0,1,2016,5,10,17,34,37.131
381,2,0,1,2016,5,10,17,34,39.457
382,2,0,1,2016,5,10,17,34,43.384
383,2,0,1,2016,5,10,17,34,44.626
384,2,0,1,2016,5,10,17,34,45.612
385,2,0,1,2016,5,10,17,34,48.588
386,2,0,1,2016,5,10,17,34,50.865
387,2,0,1,2016,5,10,17,34,52.46
388,2,0,1,2016,5,10,17,34,53.194
389,2,0,1,2016,5,10,17,34,55.3
390,2,0,1,2016,5,10,17,34,55.982
391,2,0,1,2016,5,10,17,34,57.761
392,2,0,1,2016,5,10,17,35,0.218
393,2,0,1,2016,5,10,17,35,33.207
394,2,0,1,2016,5,10,17,37,30.862
395,2,0,1,2016,5,10,17,38,24.022
396,2,0,1,2016,5,10,17,38,25.784
397,2,0,1,2016,5,10,17,38,28.082
398,2,0,1,2016,5,10,17,38,30.243
399,2,0,1,2016,5,10,17,38,32.306
400,2,0,1,2016,5,10,17,38,44.295
401,2,0,1,2016,5,10,17,38,45.049
402,2,0,1,2016,5,10,17,38,46.451
403,2,0,1,2016,5,10,17,38,47.864
404,2,0,1,2016,5,10,17,38,48.888
405,2,0,1,2016,5,10,17,38,50.267
406,2,0,1,2016,5,10,17,38,51.637
407,2,0,1,2016,5,10,17,38,53.18
408,2,0,1,2016,5,10,17,38,54.063
409,2,0,1,2016,5,10,17,43,10.645
410,2,0,1,2016,5,10,17,43,12.554
411,2,0,1,2016,5,10,17,43,14.802
412,2,0,1,2016,5,10,17,47,11.059
413,2,0,1,2016,5,10,17,47,12.796
414,2,0,1,2016,5,10,17,47,14.416
415,2,0,1,2016,5,10,17,47,15.084
416,2,0,1,2016,5,10,18,9,59.321
417,2,0,1,2016,5,10,18,10,1.347
418,2,0,1,2016,5,10,18,10,2.429
419,1,0,1,2016,5,10,18,17,37.196
420,1,0,1,2016,5,10,18,17,39.304
421,1,0,1,2016,5,10,18,17,41.342
422,1,0,1,2016,5,10,18,17,43.961
423,1,0,1,2016,5,10,18,17,57.181
424,1,0,1,2016,5,10,18,17,58.935
425,1,0,1,2016,5,10,18,18,5.015
426,1,0,1,2016,5,10,18,18,8.984
