Var1_ 1,Var1_ 2,Var1_ 3,Var1_ 4,Var1_ 5,Var1_ 6,Var1_ 7,Var1_ 8,Var1_ 9,Var1_10
0,0,0,0,2016,4,27,10,5,8.781
1,1,1,1,2016,4,27,10,16,18.017
2,1,1,1,2016,4,27,10,16,41.449
3,1,1,1,2016,4,27,10,17,25.525
4,1,0,1,2016,4,27,10,17,25.668
5,1,2,1,2016,4,27,10,17,47.599
6,1,1,1,2016,4,27,10,17,53.823
7,1,0,1,2016,4,27,10,17,54.075
8,1,1,1,2016,4,27,10,18,7.721
9,1,1,1,2016,4,27,10,18,17.106
10,1,1,1,2016,4,27,10,18,28.362
11,1,1,1,2016,4,27,10,18,45.135
12,1,0,1,2016,4,27,10,18,47.265
13,1,1,1,2016,4,27,10,19,16.898
14,1,1,1,2016,4,27,10,19,22.168
15,1,0,1,2016,4,27,10,19,22.313
16,1,0,1,2016,4,27,10,19,22.965
17,1,2,1,2016,4,27,10,19,43.086
18,1,0,1,2016,4,27,10,19,43.345
19,1,2,1,2016,4,27,10,19,51.019
20,1,1,1,2016,4,27,10,19,57.593
21,1,2,1,2016,4,27,10,21,9.744
22,1,0,1,2016,4,27,10,21,10.271
23,1,2,1,2016,4,27,10,21,16.061
24,1,0,1,2016,4,27,10,21,16.638
25,1,1,1,2016,4,27,10,21,31.705
26,1,2,1,2016,4,27,10,21,43.756
27,1,0,1,2016,4,27,10,21,44.022
28,1,1,1,2016,4,27,10,21,50.406
29,1,1,1,2016,4,27,10,22,9.035
30,1,1,1,2016,4,27,10,22,23.752
31,1,1,1,2016,4,27,10,22,46.146
32,1,1,1,2016,4,27,10,23,23.461
33,1,1,1,2016,4,27,10,24,7.214
34,1,2,1,2016,4,27,10,24,14.067
35,1,1,1,2016,4,27,10,24,44.737
36,1,0,1,2016,4,27,10,24,45.777
37,1,2,1,2016,4,27,10,24,53.316
38,1,2,1,2016,4,27,10,25,9.764
39,1,1,1,2016,4,27,10,31,49.385
40,1,2,1,2016,4,27,10,32,18.853
41,1,1,1,2016,4,27,10,32,27.195
42,1,2,1,2016,4,27,10,32,47.031
43,1,2,1,2016,4,27,10,32,59.898
44,1,0,1,2016,4,27,10,32,59.978
45,1,0,1,2016,4,27,10,33,2.763
46,1,2,1,2016,4,27,10,33,6.494
47,1,1,1,2016,4,27,10,42,33.287
48,1,2,1,2016,4,27,10,42,43.7
49,1,0,1,2016,4,27,10,42,43.907
50,1,1,1,2016,4,27,10,42,46.87
51,1,0,1,2016,4,27,10,42,46.921
52,1,1,1,2016,4,27,10,43,7.314
53,1,0,1,2016,4,27,10,43,7.366
54,1,2,1,2016,4,27,10,43,29.091
55,1,0,1,2016,4,27,10,43,29.264
56,1,2,1,2016,4,27,10,43,43.62
57,2,2,1,2016,4,27,10,43,55.732
58,2,2,1,2016,4,27,10,44,24.369
59,1,1,1,2016,4,27,10,44,39.022
60,1,1,1,2016,4,27,10,44,49.546
61,1,0,1,2016,4,27,10,44,50.048
62,1,2,1,2016,4,27,10,45,1.579
63,2,2,1,2016,4,27,10,45,10.516
64,2,0,1,2016,4,27,10,45,10.588
65,2,0,1,2016,4,27,10,45,12.262
66,2,2,1,2016,4,27,10,45,16.989
67,2,2,1,2016,4,27,10,45,21.086
68,2,2,1,2016,4,27,10,45,25.522
69,2,2,1,2016,4,27,10,45,51.787
70,2,0,1,2016,4,27,10,45,52.151
71,2,0,1,2016,4,27,10,45,52.277
72,2,0,1,2016,4,27,10,45,52.779
73,2,0,1,2016,4,27,10,45,53.04
74,2,2,1,2016,4,27,10,46,27.815
75,2,2,1,2016,4,27,10,46,32.197
76,2,0,1,2016,4,27,10,46,33.794
77,2,2,1,2016,4,27,10,46,35.264
78,2,0,1,2016,4,27,10,46,36.436
79,2,1,1,2016,4,27,10,46,38.312
80,2,2,1,2016,4,27,10,46,55.064
81,2,0,1,2016,4,27,10,46,55.613
82,2,0,1,2016,4,27,10,46,55.713
83,2,0,1,2016,4,27,10,46,56.133
84,2,2,1,2016,4,27,10,46,59.027
85,2,0,1,2016,4,27,10,46,59.134
86,2,0,1,2016,4,27,10,47,0.734
87,2,2,1,2016,4,27,10,47,2.294
88,2,0,1,2016,4,27,10,47,2.368
89,2,0,1,2016,4,27,10,47,2.971
90,2,0,1,2016,4,27,10,47,4.832
91,2,0,1,2016,4,27,10,47,4.961
92,2,1,1,2016,4,27,10,47,5.687
93,2,1,1,2016,4,27,10,47,32.222
94,2,1,1,2016,4,27,10,47,38.69
95,2,0,1,2016,4,27,10,47,40.017
96,2,0,1,2016,4,27,10,48,27.686
97,2,0,1,2016,4,27,10,48,27.922
98,2,0,1,2016,4,27,10,48,41.759
99,2,0,1,2016,4,27,10,48,44.69
100,2,0,1,2016,4,27,10,49,0.075
101,2,0,1,2016,4,27,10,49,39.275
102,1,0,1,2016,4,27,10,50,36.135
103,1,0,1,2016,4,27,10,50,36.171
104,1,0,1,2016,4,27,10,50,36.464
105,2,0,1,2016,4,27,10,51,11.87
106,2,0,1,2016,4,27,10,51,14.958
107,2,0,1,2016,4,27,10,51,16.288
108,1,0,1,2016,4,27,10,52,9.46
109,1,0,1,2016,4,27,10,52,16.865
110,1,0,1,2016,4,27,10,52,33.041
111,1,0,1,2016,4,27,10,55,46.972
112,1,0,1,2016,4,27,10,55,48.604
113,1,0,1,2016,4,27,10,57,33.875
114,1,0,1,2016,4,27,10,57,50.175
115,1,0,1,2016,4,27,10,58,32.874
116,1,0,1,2016,4,27,11,5,7.644
117,1,0,1,2016,4,27,11,7,51.836
118,1,0,1,2016,4,27,11,10,14.274
119,1,0,1,2016,4,27,11,10,15.125
120,1,0,1,2016,4,27,11,10,17.699
121,1,0,1,2016,4,27,11,10,33.894
122,1,0,1,2016,4,27,11,10,33.981
123,1,0,1,2016,4,27,11,10,43.365
124,1,0,1,2016,4,27,11,10,43.701
125,1,0,1,2016,4,27,11,10,46.962
126,1,0,1,2016,4,27,11,10,47.019
127,1,0,1,2016,4,27,11,13,40.089
128,2,0,1,2016,4,27,11,27,4.877
129,2,0,1,2016,4,27,11,27,10.032
130,1,0,1,2016,4,27,11,28,20.572
131,1,0,1,2016,4,27,11,30,44.955
132,1,0,1,2016,4,27,11,30,51.816
133,1,0,1,2016,4,27,11,31,46.849
134,1,0,1,2016,4,27,11,38,32.135
135,1,0,1,2016,4,27,11,39,45.928
136,1,0,1,2016,4,27,11,39,48.817
137,1,0,1,2016,4,27,11,39,53.415
138,1,0,1,2016,4,27,11,39,53.545
139,1,0,1,2016,4,27,11,40,0.178
140,2,0,1,2016,4,27,11,44,8.092
141,2,0,1,2016,4,27,11,44,9.156
142,2,0,1,2016,4,27,11,44,9.266
143,2,0,1,2016,4,27,11,44,11.966
144,2,0,1,2016,4,27,11,44,13.479
145,2,0,1,2016,4,27,11,44,13.702
146,2,0,1,2016,4,27,11,45,47.345
147,2,0,1,2016,4,27,11,45,48.602
148,2,0,1,2016,4,27,11,45,50.354
149,2,0,1,2016,4,27,11,45,51.38
150,2,0,1,2016,4,27,11,45,52.915
151,2,0,1,2016,4,27,11,45,55.493
152,2,0,1,2016,4,27,11,46,19.441
153,2,0,1,2016,4,27,11,46,42.437
154,2,0,1,2016,4,27,11,46,42.861
155,1,0,1,2016,4,27,11,47,50.221
156,1,0,1,2016,4,27,11,47,51.402
157,2,0,1,2016,4,27,11,48,12.071
158,1,0,1,2016,4,27,12,4,41.858
159,1,0,1,2016,4,27,12,4,48.373
160,1,0,1,2016,4,27,12,4,48.558
161,1,0,1,2016,4,27,12,4,48.676
162,1,0,1,2016,4,27,12,4,49.056
163,1,0,1,2016,4,27,12,4,49.71
164,1,0,1,2016,4,27,12,4,50.984
165,1,0,1,2016,4,27,12,4,51.025
166,1,0,1,2016,4,27,12,4,59.853
167,1,0,1,2016,4,27,12,8,36.068
168,1,0,1,2016,4,27,12,10,0.344
169,1,0,1,2016,4,27,12,27,59.94
170,1,0,1,2016,4,27,12,28,34.299
171,1,0,1,2016,4,27,12,28,41.849
172,1,0,1,2016,4,27,12,29,56.086
173,1,0,1,2016,4,27,12,29,56.14
174,1,0,1,2016,4,27,12,39,27.598
175,1,0,1,2016,4,27,12,39,27.662
176,1,0,1,2016,4,27,12,40,3.235
177,1,0,1,2016,4,27,12,40,19.928
178,2,0,1,2016,4,27,12,40,21.591
179,2,0,1,2016,4,27,12,40,21.651
180,1,0,1,2016,4,27,12,42,43.736
181,1,0,1,2016,4,27,12,42,43.816
182,2,0,1,2016,4,27,12,42,44.985
183,1,0,1,2016,4,27,13,4,34.958
184,2,0,1,2016,4,27,13,4,39.588
185,1,0,1,2016,4,27,13,5,10.086
186,1,0,1,2016,4,27,13,5,12.202
187,2,0,1,2016,4,27,13,5,17.035
188,2,0,1,2016,4,27,13,5,17.163
189,1,0,1,2016,4,27,13,50,0.526
190,1,0,1,2016,4,27,13,53,53.769
191,1,0,1,2016,4,27,13,53,53.888
192,2,0,1,2016,4,27,14,2,3.459
193,2,0,1,2016,4,27,14,2,5.473
194,1,0,1,2016,4,27,14,28,13.905
195,2,0,1,2016,4,27,14,28,32.953
196,2,0,1,2016,4,27,14,28,33.074
197,2,0,1,2016,4,27,14,35,38.541
198,2,0,1,2016,4,27,14,44,6.067
199,1,0,1,2016,4,27,14,49,27.926
200,2,0,1,2016,4,27,15,7,38.536
201,2,0,1,2016,4,27,15,7,39.609
202,2,0,1,2016,4,27,15,7,48.582
203,2,0,1,2016,4,27,15,7,50.236
204,1,0,1,2016,4,27,15,9,27.431
205,1,0,1,2016,4,27,15,9,28.56
206,1,0,1,2016,4,27,15,9,30.634
207,1,0,1,2016,4,27,15,9,31.018
208,1,0,1,2016,4,27,15,9,31.808
209,1,0,1,2016,4,27,15,9,31.942
210,2,0,1,2016,4,27,16,36,53.663
211,2,0,1,2016,4,27,16,36,55.222
212,2,0,1,2016,4,27,16,36,56.617
213,2,0,1,2016,4,27,16,37,48.964
214,2,0,1,2016,4,27,16,37,52.045
215,2,0,1,2016,4,27,16,37,53.711
216,2,0,1,2016,4,27,16,37,55.271
217,2,0,1,2016,4,27,16,37,57.194
218,2,0,1,2016,4,27,16,37,59.149
219,2,0,1,2016,4,27,16,38,0.438
220,2,0,1,2016,4,27,16,38,2.301
221,2,0,1,2016,4,27,16,38,4.083
222,2,0,1,2016,4,27,16,38,5.714
223,2,0,1,2016,4,27,16,38,7.327
224,2,0,1,2016,4,27,16,38,8.144
225,2,0,1,2016,4,27,16,38,10.157
226,2,0,1,2016,4,27,16,38,11.217
227,2,0,1,2016,4,27,16,38,11.991
228,2,0,1,2016,4,27,16,38,14.255
229,2,0,1,2016,4,27,16,38,16.074
230,2,0,1,2016,4,27,16,38,17.361
231,2,0,1,2016,4,27,16,38,18.369
232,2,0,1,2016,4,27,16,38,19.772
233,2,0,1,2016,4,27,16,41,9.127
234,2,0,1,2016,4,27,16,41,10.005
235,2,0,1,2016,4,27,16,41,13.053
236,2,0,1,2016,4,27,16,41,26.822
237,2,0,1,2016,4,27,16,42,4.915
238,1,0,1,2016,4,27,16,53,30.603
239,1,0,1,2016,4,27,16,53,32.493
240,1,0,1,2016,4,27,16,53,36.493
241,1,0,1,2016,4,27,16,53,38.515
242,1,0,1,2016,4,27,16,53,54.03
243,1,0,1,2016,4,27,16,53,56.285
244,1,0,1,2016,4,27,16,54,16.399
245,1,0,1,2016,4,27,16,54,18.315
246,1,0,1,2016,4,27,16,54,19.104
247,2,0,1,2016,4,27,17,34,53.18
248,2,0,1,2016,4,27,17,34,54.936
249,2,0,1,2016,4,27,17,35,3.181
250,2,0,1,2016,4,27,17,35,3.413
251,2,0,1,2016,4,27,17,35,3.566
252,2,0,1,2016,4,27,17,35,8.182
253,2,0,1,2016,4,27,17,35,12.353
254,2,0,1,2016,4,27,17,35,13.415
255,2,0,1,2016,4,27,17,35,13.787
256,2,0,1,2016,4,27,17,35,15.473
257,2,0,1,2016,4,27,17,35,19.249
258,2,0,1,2016,4,27,17,35,21.217
259,2,0,1,2016,4,27,17,35,21.366
260,2,0,1,2016,4,27,17,35,21.479
261,2,0,1,2016,4,27,17,35,21.677
262,2,0,1,2016,4,27,17,35,24.047
263,2,0,1,2016,4,27,17,35,28.928
264,2,0,1,2016,4,27,17,35,29.278
265,2,0,1,2016,4,27,17,35,29.941
266,2,0,1,2016,4,27,17,35,30.409
267,1,0,1,2016,4,27,18,4,27.03
268,1,0,1,2016,4,27,18,4,28.541
269,1,0,1,2016,4,27,18,4,28.652
270,1,0,1,2016,4,27,18,6,9.099
