Var1_ 1,Var1_ 2,Var1_ 3,Var1_ 4,Var1_ 5,Var1_ 6,Var1_ 7,Var1_ 8,Var1_ 9,Var1_10
0,0,0,0,2016,4,9,10,5,5.787
1,2,2,1,2016,4,9,10,5,37.824
2,2,0,1,2016,4,9,10,5,38.357
3,2,2,1,2016,4,9,10,5,41.8
4,2,2,1,2016,4,9,10,6,0.175
5,2,2,1,2016,4,9,10,6,5.561
6,2,0,1,2016,4,9,10,6,6.384
7,2,0,1,2016,4,9,10,6,6.834
8,2,1,1,2016,4,9,10,6,12.143
9,2,0,1,2016,4,9,10,6,12.368
10,2,2,1,2016,4,9,10,6,22.789
11,2,0,1,2016,4,9,10,6,25.162
12,2,0,1,2016,4,9,10,6,25.235
13,2,0,1,2016,4,9,10,6,25.397
14,2,2,1,2016,4,9,10,6,33.364
15,2,1,1,2016,4,9,10,6,39.019
16,2,2,1,2016,4,9,10,6,48.535
17,2,2,1,2016,4,9,10,6,51.566
18,2,0,1,2016,4,9,10,6,53.675
19,2,2,1,2016,4,9,10,7,5.134
20,2,1,1,2016,4,9,10,10,46.465
21,2,0,1,2016,4,9,10,10,46.661
22,2,2,1,2016,4,9,10,10,51.466
23,2,1,1,2016,4,9,10,56,53.058
24,2,2,1,2016,4,9,11,0,59.767
25,2,1,1,2016,4,9,11,1,4.356
26,2,0,1,2016,4,9,11,1,4.547
27,2,2,1,2016,4,9,11,1,9.403
28,2,2,1,2016,4,9,11,1,28.369
29,2,2,1,2016,4,9,11,1,31.656
30,2,2,1,2016,4,9,11,1,37.925
31,2,0,1,2016,4,9,11,1,38.029
32,2,2,1,2016,4,9,11,11,18.073
33,2,1,1,2016,4,9,11,11,27.527
34,2,0,1,2016,4,9,11,11,27.75
35,2,2,1,2016,4,9,11,11,34.989
36,2,2,1,2016,4,9,11,11,38.129
37,2,0,1,2016,4,9,11,11,39.359
38,2,0,1,2016,4,9,11,11,40.217
39,2,1,1,2016,4,9,11,11,47.418
40,2,0,1,2016,4,9,11,11,47.719
41,2,0,1,2016,4,9,11,11,47.811
42,2,1,1,2016,4,9,11,11,57.802
43,2,1,1,2016,4,9,11,12,7.506
44,2,0,1,2016,4,9,11,12,7.562
45,2,1,1,2016,4,9,11,12,18.786
46,2,0,1,2016,4,9,11,12,19.133
47,2,2,1,2016,4,9,11,12,25.141
48,2,0,1,2016,4,9,11,12,27.174
49,2,2,1,2016,4,9,11,12,28.157
50,2,0,1,2016,4,9,11,12,28.249
51,2,1,1,2016,4,9,11,12,33.553
52,2,2,1,2016,4,9,11,12,47.619
53,2,1,1,2016,4,9,11,34,46.757
54,2,0,1,2016,4,9,11,34,46.918
55,2,2,1,2016,4,9,11,34,57.903
56,2,0,1,2016,4,9,11,35,0.896
57,2,2,1,2016,4,9,11,35,20.836
58,2,2,1,2016,4,9,11,35,27.461
59,2,1,1,2016,4,9,11,35,32.935
60,2,0,1,2016,4,9,11,35,34.051
61,2,2,1,2016,4,9,11,37,31.734
62,2,0,1,2016,4,9,11,37,32.945
63,2,0,1,2016,4,9,11,37,34.079
64,2,1,1,2016,4,9,11,37,36.002
65,2,1,1,2016,4,9,11,37,45.129
66,2,2,1,2016,4,9,11,38,0.219
67,2,0,1,2016,4,9,11,38,1.835
68,2,2,1,2016,4,9,11,38,3.339
69,2,0,1,2016,4,9,11,38,5.282
70,2,1,1,2016,4,9,11,38,8.569
71,2,2,1,2016,4,9,11,39,16.511
72,2,1,1,2016,4,9,11,39,26.809
73,2,2,1,2016,4,9,11,39,34.779
74,2,0,1,2016,4,9,11,39,35.892
75,2,1,1,2016,4,9,11,40,31.551
76,2,1,1,2016,4,9,11,40,36.905
77,2,2,1,2016,4,9,11,40,42.018
78,2,0,1,2016,4,9,11,40,43.248
79,2,1,1,2016,4,9,11,40,46.022
80,2,1,1,2016,4,9,11,40,50.603
81,2,1,1,2016,4,9,12,13,13.323
82,2,1,1,2016,4,9,12,13,42.927
83,2,1,1,2016,4,9,12,14,5.696
84,2,1,1,2016,4,9,12,14,12.488
85,2,0,1,2016,4,9,12,14,14.87
86,2,1,1,2016,4,9,12,14,17.967
87,2,1,1,2016,4,9,12,14,29.312
88,2,1,1,2016,4,9,12,14,33.033
89,2,0,1,2016,4,9,12,14,35.287
90,2,1,1,2016,4,9,12,14,39.841
91,2,1,1,2016,4,9,12,14,58.734
92,2,0,1,2016,4,9,12,15,9.884
93,2,0,1,2016,4,9,12,15,13.142
94,2,0,1,2016,4,9,12,15,14.313
95,2,0,1,2016,4,9,12,15,15.603
96,2,0,1,2016,4,9,12,15,23.001
97,2,0,1,2016,4,9,12,15,23.242
98,2,0,1,2016,4,9,12,16,1.666
99,2,0,1,2016,4,9,12,16,9.114
100,2,0,1,2016,4,9,12,18,31.121
101,2,0,1,2016,4,9,12,18,31.178
102,2,0,1,2016,4,9,12,27,6.251
103,2,0,1,2016,4,9,12,36,44.373
104,2,0,1,2016,4,9,12,42,10.696
105,2,0,1,2016,4,9,12,42,10.732
106,2,0,1,2016,4,9,12,42,24.844
107,2,0,1,2016,4,9,12,42,24.897
108,2,0,1,2016,4,9,12,42,53.763
109,2,0,1,2016,4,9,12,43,1.969
110,2,0,1,2016,4,9,12,44,31.546
111,2,0,1,2016,4,9,12,44,31.605
112,2,0,1,2016,4,9,12,46,38.216
113,2,0,1,2016,4,9,12,47,3.47
114,1,0,1,2016,4,9,12,47,8.469
115,1,0,1,2016,4,9,12,47,9.667
116,2,0,1,2016,4,9,12,55,40.101
117,2,0,1,2016,4,9,12,55,40.162
118,2,0,1,2016,4,9,12,56,41.364
119,2,0,1,2016,4,9,12,56,41.415
120,2,0,1,2016,4,9,13,2,45.811
121,2,0,1,2016,4,9,13,2,45.855
122,2,0,1,2016,4,9,13,8,29.257
123,2,0,1,2016,4,9,13,8,31.136
124,2,0,1,2016,4,9,13,9,50.747
125,2,0,1,2016,4,9,13,26,30.875
126,2,0,1,2016,4,9,13,26,30.959
127,2,0,1,2016,4,9,13,30,28.388
128,2,0,1,2016,4,9,14,1,58.907
129,2,0,1,2016,4,9,14,1,58.959
130,2,0,1,2016,4,9,14,2,58.933
131,2,0,1,2016,4,9,14,4,59.3
132,2,0,1,2016,4,9,14,4,59.368
133,2,0,1,2016,4,9,14,5,2.839
134,2,0,1,2016,4,9,14,6,2.684
135,2,0,1,2016,4,9,14,29,1.695
136,2,0,1,2016,4,9,14,55,54.499
137,2,0,1,2016,4,9,15,47,54.869
138,2,0,1,2016,4,9,15,47,55.583
139,2,0,1,2016,4,9,15,47,57.638
140,2,0,1,2016,4,9,15,48,4.937
141,2,0,1,2016,4,9,15,48,41.297
142,2,0,1,2016,4,9,15,48,42.809
143,2,0,1,2016,4,9,15,48,45.433
144,2,0,1,2016,4,9,15,49,1.621
145,2,0,1,2016,4,9,15,49,2.176
146,2,0,1,2016,4,9,15,49,3.182
147,2,0,1,2016,4,9,15,49,10.93
148,2,0,1,2016,4,9,15,49,17.655
149,2,0,1,2016,4,9,15,49,25.18
150,2,0,1,2016,4,9,15,49,30.404
151,2,0,1,2016,4,9,15,49,37.264
152,2,0,1,2016,4,9,15,50,34.428
153,2,0,1,2016,4,9,15,50,43.333
154,2,0,1,2016,4,9,15,50,44.384
155,2,0,1,2016,4,9,15,50,47.869
156,2,0,1,2016,4,9,15,51,13.627
157,2,0,1,2016,4,9,15,51,18.7
158,1,0,1,2016,4,9,15,54,11.504
159,2,0,1,2016,4,9,16,26,3.846
160,2,0,1,2016,4,9,16,44,30.96
161,2,0,1,2016,4,9,16,49,12.463
162,2,0,1,2016,4,9,16,49,17.14
163,2,0,1,2016,4,9,16,49,17.445
164,2,0,1,2016,4,9,16,49,20.027
165,2,0,1,2016,4,9,16,49,25.799
166,2,0,1,2016,4,9,16,49,27.382
167,2,0,1,2016,4,9,16,49,29.831
168,2,0,1,2016,4,9,16,49,32.245
169,2,0,1,2016,4,9,16,49,33.003
170,2,0,1,2016,4,9,16,49,33.456
171,2,0,1,2016,4,9,16,49,40.097
172,2,0,1,2016,4,9,16,49,40.329
173,2,0,1,2016,4,9,16,51,20.992
174,2,0,1,2016,4,9,16,51,27.097
175,2,0,1,2016,4,9,16,51,40.634
176,2,0,1,2016,4,9,16,51,53.331
177,2,0,1,2016,4,9,16,51,54.093
178,2,0,1,2016,4,9,16,51,57.007
179,2,0,1,2016,4,9,16,52,16.829
180,2,0,1,2016,4,9,16,52,17.96
181,2,0,1,2016,4,9,16,52,27.633
182,2,0,1,2016,4,9,16,52,28.216
183,2,0,1,2016,4,9,16,53,0.897
184,2,0,1,2016,4,9,16,53,2.298
185,2,0,1,2016,4,9,16,53,9.378
186,2,0,1,2016,4,9,16,53,11.465
187,2,0,1,2016,4,9,16,53,20.89
188,2,0,1,2016,4,9,16,53,21.961
189,2,0,1,2016,4,9,16,53,32.577
190,2,0,1,2016,4,9,16,53,36.109
191,2,0,1,2016,4,9,16,53,41.803
192,2,0,1,2016,4,9,16,53,42.863
193,2,0,1,2016,4,9,16,53,52.548
194,2,0,1,2016,4,9,16,53,52.865
195,2,0,1,2016,4,9,16,53,52.924
196,2,0,1,2016,4,9,16,53,58.635
197,2,0,1,2016,4,9,16,54,4.489
198,2,0,1,2016,4,9,16,54,16.073
199,2,0,1,2016,4,9,16,54,17.355
200,2,0,1,2016,4,9,16,54,18.179
201,2,0,1,2016,4,9,16,54,19.618
202,2,0,1,2016,4,9,16,54,21.294
203,2,0,1,2016,4,9,16,54,24.57
204,2,0,1,2016,4,9,16,54,25.431
205,2,0,1,2016,4,9,16,54,31.874
206,2,0,1,2016,4,9,16,54,37.164
207,2,0,1,2016,4,9,16,54,39.465
208,2,0,1,2016,4,9,16,54,45.767
209,2,0,1,2016,4,9,16,54,48.342
210,2,0,1,2016,4,9,16,54,48.427
211,2,0,1,2016,4,9,16,54,50.057
212,2,0,1,2016,4,9,16,54,50.138
213,2,0,1,2016,4,9,16,54,50.219
214,2,0,1,2016,4,9,16,54,51.735
215,2,0,1,2016,4,9,16,54,52.4
216,2,0,1,2016,4,9,16,54,52.88
217,2,0,1,2016,4,9,16,54,52.966
218,2,0,1,2016,4,9,16,56,20.939
219,2,0,1,2016,4,9,16,56,20.982
220,2,0,1,2016,4,9,16,56,24.579
221,2,0,1,2016,4,9,16,56,33.629
222,2,0,1,2016,4,9,16,56,34.037
223,2,0,1,2016,4,9,16,56,34.798
224,2,0,1,2016,4,9,16,56,34.96
225,2,0,1,2016,4,9,16,56,37.045
226,2,0,1,2016,4,9,16,56,43.638
227,2,0,1,2016,4,9,16,56,46.307
228,2,0,1,2016,4,9,16,56,47.951
229,2,0,1,2016,4,9,16,56,53.286
230,2,0,1,2016,4,9,16,56,55.899
231,2,0,1,2016,4,9,16,56,56.016
232,2,0,1,2016,4,9,16,56,57.085
233,2,0,1,2016,4,9,16,56,57.887
234,2,0,1,2016,4,9,16,56,58.629
235,2,0,1,2016,4,9,16,57,1.181
236,2,0,1,2016,4,9,16,57,3.637
237,2,0,1,2016,4,9,16,57,5.623
238,2,0,1,2016,4,9,16,57,6.429
239,2,0,1,2016,4,9,16,57,7.948
240,2,0,1,2016,4,9,16,57,14.192
241,2,0,1,2016,4,9,16,57,19.5
242,2,0,1,2016,4,9,16,57,41.143
243,2,0,1,2016,4,9,16,57,53.067
244,2,0,1,2016,4,9,16,57,54.215
245,2,0,1,2016,4,9,16,58,30.457
246,2,0,1,2016,4,9,16,58,36.192
247,2,0,1,2016,4,9,16,58,39.254
248,2,0,1,2016,4,9,16,58,39.343
249,2,0,1,2016,4,9,16,58,43.389
250,2,0,1,2016,4,9,16,58,53.768
251,2,0,1,2016,4,9,17,3,9.691
252,2,0,1,2016,4,9,17,3,11.547
253,2,0,1,2016,4,9,17,20,1.582
254,2,0,1,2016,4,9,17,20,4.501
255,2,0,1,2016,4,9,17,20,4.883
256,2,0,1,2016,4,9,17,20,6.467
257,2,0,1,2016,4,9,17,20,38.686
258,2,0,1,2016,4,9,17,20,42.105
259,2,0,1,2016,4,9,17,21,18.791
260,2,0,1,2016,4,9,17,21,23.395
261,2,0,1,2016,4,9,17,21,25.576
262,2,0,1,2016,4,9,17,21,44.898
263,1,0,1,2016,4,9,17,27,31.27
264,1,0,1,2016,4,9,18,36,14.55
